
0
0.7
1.288
2.557
3.923
5.305
6.682
8.08
9.564
10.901
12.334
13.719
15.098
16.486
17.815
19.757
22.726
24.143
25.515
26.847
28.21
29.615
30.97
32.342
33.729
35.114
36.476
37.889
39.256
40.682
42.011
43.419
44.802
46.211
47.598
49.005
50.391
51.719
53.106
54.451
55.962
57.532
58.963
60.347
61.728
63.122
64.479
65.817
67.204
68.597
69.979
71.373
72.749
74.141
75.492
76.892
78.272
79.641
81.022
82.423
83.79
85.205
86.571
87.939
89.349
90.837
92.254
93.804
95.167
96.569
97.918
99.299
100.683
102.084
103.468
104.841
106.236
107.625
108.981
110.383
111.756
113.134
114.518
115.929
117.318
118.695
120.082
121.477
122.881
124.241
125.708
127.075
128.408
129.758
131.122
132.532
133.9
135.281
136.658
138.022
139.397
140.803
142.162
143.544
144.967
146.36
147.733
149.085
150.486
151.841
153.216
154.614
155.999
157.383
158.767
160.461
161.84
163.219
164.611
165.966
167.354
168.731
170.142
171.51
172.893
174.273
175.661
177.024
178.407
179.8
181.181
182.573
183.961
185.322
186.731
188.104
189.502
190.85
192.232
193.642
195.122
196.489
197.804
199.155
200.656
201.975
203.333
204.7
206.082
207.461
208.838
210.207
211.594
213.007
214.387
215.765
217.162
218.532
219.91
221.286
222.65
224.052
225.427
226.829
228.19
229.663
231.088
232.491
234.042
235.425
236.818
238.157
239.559
240.935
242.34
243.734
245.133
246.498
247.966
249.347
250.931
252.32
253.983
255.438
256.879
258.244
259.61
261.218
262.619
264.075
265.665
267.423
268.841
270.516
271.916
273.506
274.922
276.362
277.942
279.437
280.891
282.41
283.807
285.227
286.565
288.001
289.437
290.833
292.388
293.806
295.198
296.591
297.98
299.43
300.806
302.363
303.766
305.196
306.645
308.037
309.443
310.976
312.376
314.058
315.568
317.127
318.548
320.189
321.639
323.07
324.455
326.025
327.402
328.853
330.289
331.701
333.255
334.716
336.154
337.717
339.387
340.842
342.292
343.666
345.249
346.679
348.08
349.487
351.068
352.525
353.911
355.511
356.927
358.426
359.992
361.458
363.068
364.457
365.927
367.501
368.989
370.572
372.02
373.507
375.188
376.82
378.413
379.921
381.484
382.923
384.568
385.986
387.422
388.85
390.384
391.814
393.248
394.699
396.227
397.696
399.111
400.683
402.07
403.478
404.832
406.229
407.61
408.978
410.377
411.744
413.422
414.954
416.517
417.939
419.387
421.262
423.257
425.274
427.087
428.943
430.736
432.667
435
436.948
439.249
441.35
443.231
445.243
447.215
449.242
451.215
453.212
455.218
457.209
459.211
461.562
463.514
465.493
467.506
469.501
471.323
473.54
475.622
477.535
479.473
481.472
483.461
485.491
487.566
489.498
491.498
493.467
495.465
497.464
499.55
501.543
537.725
539.683
541.685
543.698
545.679
547.711
549.682
551.668
553.663
555.675
557.687
559.478
561.647
563.646
565.757
567.749
569.668
571.651
573.443
575.336
577.323
579.146
582.246
585.862
589.314
591.984
593.909
595.927
597.925
599.946
601.899
603.885
605.904
607.298
608.682
610.35
611.79
613.413
614.807
616.219
617.587
618.977
620.41
621.743
623.175
624.56
625.952
627.285
628.67
630.056
631.484
632.838
634.2
635.56
636.931
638.315
639.703
641.066
642.466
643.846
645.26
646.63
648.153
649.664
651.077
652.462
653.815
655.209
656.586
657.986
659.345
660.754
662.112
663.524
664.894
666.26
667.635
669.092
670.488
671.836
673.203
674.561
675.935
677.666
679.066
680.476
681.883
683.482
684.869
686.232
687.615
688.984
690.364
691.767
693.21
694.596
695.95
697.312
698.701
700.1
701.53
702.898
704.278
705.62
706.991
708.366
709.721
711.114
712.494
713.873
715.25
716.651
718.142
719.488
720.837
722.223
723.593
725.001
726.375
727.766
729.086
730.458
731.874
733.225
734.648
736.031
737.401
738.771
740.216
741.602
742.977
744.38
745.746
747.166
748.546
749.928
751.278
752.986
754.324
755.682
757.112
758.472
759.836
761.323
762.642
764.04
765.39
766.761
768.126
769.495
770.92
772.335
773.688
775.105
776.433
777.801
779.167
780.583
781.984
783.396
784.747
786.124
787.759
789.146
790.54
792.053
793.399
794.729
796.117
797.495
799.135
800.525
801.883
803.309
804.982
806.335
807.748
809.125
810.509
811.869
813.278
814.638
816.042
817.404
818.777
820.185
821.881
823.566
825.019
826.453
827.811
829.391
830.764
832.149
833.544
834.948
836.37
837.699
839.087
840.445
841.844
843.23
844.619
845.964
847.378
848.743
850.123
851.816
853.511
854.919
856.421
857.97
859.732
861.137
862.737
864.145
865.633
867.019
868.56
870.001
871.453
873.022
874.433
875.832
877.236
878.864
880.312
881.912
883.392
884.813
886.362
887.745
889.179
890.61
892.226
893.742
895.275
896.978
898.365
899.874
901.414
902.856
904.229
905.639
907.054
908.642
910.049
911.555
913.113
914.548
915.983
917.574
918.946
920.424
921.999
923.487
924.835
926.251
928.175
930.462
932.846
934.773
936.888
938.896
940.826
942.76
944.74
946.737
948.84
950.876
952.8
954.786
957.039
959.026
961.026
963.137
965.32
967.343
969.441
971.432
973.761
975.695
977.68
979.601
981.63
983.686
985.638
987.895
989.896
991.904
993.898
995.884
997.961
1000.208
1002.189
1004.185
1006.619
1008.571
1010.488
1012.54
1014.484
1016.484
1018.479
1020.317
1022.483
1024.179
1025.966
1027.899
1029.842
1031.831
1033.822
1035.821
1037.643
1039.584
1041.539
1043.51
1045.579
1047.547
1049.525
1051.567
1053.549
1055.52
1057.172
1058.569
1059.948
1061.338
1062.772
1064.151
1065.574
1066.933
1068.319
1069.94
1071.939
1073.94
1075.914
1077.965
1079.915
1082.004
1083.915
1085.963
1087.752
1089.894
1091.932
1093.999
1096.184
1098.181
1100.206
1102.191
1104.173
1106.213
1108.191
1110.274
1112.185
1114.17
1116.303
1118.483
1120.464
1122.332
1124.447
1126.465
1128.45
1130.495
1132.561
1134.448
1136.44
1138.428
1140.241
1142.218
1144.154
1146.137
1148.107
1150.121
1152.123
1154.11
1156.152
1158.119
1160.103
1162.111
1164.086
1166.074
1168.078
1170.075
1172.176
1174.102
1176.113
1178.078
1179.814
1181.84
1183.738
1185.738
1187.518
1189.441
1191.448
1193.504
1195.722
1197.724
1199.74
1201.729
1203.724
1205.712
1207.714
1209.757
1211.702
1213.716
1215.719
1218.005
1220.002
1222.113
1224.064
1226.081
1227.997
1229.666
1231.989
1234.093
1236.109
1238.064
1239.972
1241.961
1244.072
1245.976
1247.973
1249.951
1251.967
1253.955
1256.06
1257.956
1259.929
1261.951
1264.055
1265.985
1267.922
1270.049
1271.94
1273.932
1275.947
1277.932
1280.004
1282.197
1284.512
1286.525
1288.501
1290.549
1292.593
1294.601
1296.484
1298.528
1300.488
1302.489
1304.49
1306.473
1308.484
1310.493
1312.487
1314.476
1316.467
1318.453
1320.455
1322.445
1324.464
1326.453
1328.475
1330.56
1332.75
1334.733
1336.731
1338.753
1340.758
1342.791
1344.738
1346.723
1348.713
1350.719
1352.721
1354.716
1356.713
1358.784
1360.733
1362.717
1364.834
1366.689
1368.701
1370.681
1372.67
1374.679
1376.682
1378.685
1380.682
1382.729
1384.765
1386.698
1388.652
1390.724
1392.689
1394.79
1396.646
1398.649
1400.789
1402.693
1404.626
1406.634
1408.632
1410.639
1412.61
1414.614
1416.64
1418.629
1420.684
1422.595
1424.914
1428.163
1430.192
1432.137
1434.224
1436.427
1438.424
1440.425
1442.46
1444.405
1446.408
1448.403
1450.469
1452.455
1454.411
1456.397
1458.717
1460.826
1462.697
1464.78
1466.687
1468.683
1470.842
1472.979
1474.982
1476.992
1478.983
1481.022
1482.96
1485.308
1487.28
1489.29
1491.271
1493.258
1495.268
1497.258
1499.271
1501.243
1503.306
1505.239
1507.255
1509.225
1511.252
1513.238
1515.232
1517.232
1519.233
1521.24
1523.22
1525.227
1527.202
1528.292
1529.449
1530.744
1532.137
1534.418
1535.809
1537.192
1538.604
1539.995
1541.348
1542.746
1544.169
1545.551
1546.925
1548.271
1549.635
1551.028
1552.403
1553.801
1555.15
1556.54
1557.937
1559.316
1560.698
1562.09
1563.469
1564.841
1566.212
1567.733
1569.095
1570.454
1571.842
1573.215
1574.594
1576.003
1577.371
1578.71
1580.128
1581.474
1582.798
1584.188
1585.646
1586.988
1588.342
1589.739
1591.137
1592.532
1593.886
1595.264
1596.644
1598.018
1599.418
1600.789
1602.469
1603.884
1605.236
1606.63
1608.003
1609.382
1610.781
1612.186
1613.538
1614.917
1616.32
1617.762
1619.168
1620.548
1621.884
1623.275
1624.613
1626.025
1627.401
1628.761
1630.14
1631.499
1632.905
1634.357
1635.73
1637.35
1638.725
1640.104
1641.49
1642.884
1644.263
1645.685
1647.054
1648.425
1649.786
1651.2
1652.606
1653.939
1655.405
1656.759
1658.147
1659.503
1660.915
1662.28
1663.654
1665.03
1666.394
1667.773
1669.152
1670.594
1672.2
1673.593
1674.966
1676.353
1677.765
1679.112
1680.516
1681.955
1683.327
1684.729
1686.114
1687.506
1688.89
1690.241
1691.658
1693.023
1694.44
1695.784
1697.201
1698.619
1699.985
1701.349
1702.708
1704.023
1705.395
1706.842
1708.199
1709.565
1710.919
1712.301
1713.703
1715.06
1716.441
1717.819
1719.229
1720.609
1721.992
1723.431
1724.859
1726.243
1727.608
1728.936
1730.346
1731.774
1733.109
1734.501
1735.87
1737.237
1738.553
1739.95
1741.429
1742.805
1744.161
1745.503
1746.866
1748.241
1749.637
1751.058
1752.432
1753.782
1755.166
1756.547
1757.929
1759.324
1760.7
1762.07
1763.451
1764.895
1766.296
1767.681
1769.099
1770.467
1772.044
1773.445
1774.833
1776.307
1777.695
1779.025
1780.415
1781.821
1783.193
1784.541
1785.938
1787.324
1788.721
1790.091
1791.507
1792.888
1794.239
1795.633
1796.999
1798.391
1799.815
1801.416
1802.76
1804.168
1805.571
1806.947
1808.315
1809.671
1811.2
1812.544
1813.875
1815.199
1816.637
1818.015
1819.374
1820.735
1822.114
1823.497
1824.891
1826.26
1827.656
1829.045
1830.426
1831.811
1833.173
1834.568
1836.053
1837.41
1838.773
1840.116
1841.783
1843.463
1844.97
1846.54
1847.948
1849.322
1850.782
1852.122
1853.522
1854.945
1856.331
1857.734
1859.131
1860.677
1862.078
1863.478
1864.907
1866.275
1867.623
1868.985
1870.371
1871.776
1873.124
1874.542
1875.889
1877.278
1878.656
1880.045
1881.551
1882.907
1884.293
1885.627
1886.985
1888.329
1889.728
1891.133
1892.553
1893.953
1895.384
1896.775
1898.316
1899.733
1901.384
1902.797
1904.148
1905.58
1906.946
1908.295
1909.696
1911.061
1912.464
1913.828
1915.215
1916.708
1918.093
1919.441
1920.791
1922.149
1923.495
1924.878
1926.254
1927.639
1929.038
1930.42
1931.788
1933.189
1934.578
1935.955
1937.336
1938.725
1940.122
1941.491
1942.866
1944.257
1945.615
1946.996
1948.409
1949.804
1951.462
1952.843
1954.235
1955.65
1957.024
1958.378
1959.779
1961.443
1962.874
1964.241
1965.606
1966.984
1968.401
1969.849
1971.221
1972.598
1973.967
1975.59
1976.983
1978.337
1979.742
1981.141
1982.537
1983.912
1985.345
1986.936
1988.335
1989.719
1991.168
1992.565
1993.915
1995.284
1996.707
1998.057
1999.412
2000.754
2002.179
2003.589
2004.976
2006.347
2007.76
2009.133
2010.513
2011.917
2013.292
2014.652
2016.027
2017.401
2018.776
2020.154
2021.875
2023.249
2024.64
2026.075
2027.44
2028.787
2030.197
2031.604
2032.953
2034.324
2035.714
2037.08
2038.704
2040.084
2041.485
2042.89
2044.253
2045.618
2047.007
2048.403
2049.77
2051.171
2052.627
2054.005
2055.38
2057.001
2058.372
2059.814
2061.229
2062.597
2064.032
2065.397
2066.779
2068.175
2069.747
2071.128
2072.518
2073.925
2075.297
2076.658
2078.047
2079.435
2080.909
2082.48
2083.892
2085.309
2086.644
2088.035
2089.398
2090.782
2092.273
2093.703
2095.253
2096.691
2098.086
2099.45
2101.091
2102.472
2104.148
2105.555
2106.934
2108.312
2109.731
2111.196
2112.753
2114.22
2115.81
2117.327
2118.73
2120.318
2121.713
2123.166
2124.739
2126.407
2127.835
2129.575
2130.973
2132.572
2134.017
2135.454
2137.019
2138.437
2139.874
2141.547
2143.152
2144.591
2146.062
2147.634
2149.067
2150.524
2152.066
2153.475
2154.919
2156.365
2157.923
2159.349
2160.781
2162.356
2163.757
2165.203
2166.932
2168.328
2169.88
2171.393
2172.761
2174.338
2175.806
2177.408
2178.936
2180.507
2181.94
2183.571
2184.982
2186.449
2188.006
2189.471
2191.098
2192.597
2194.152
2195.586
2197.038
2198.604
2200.068
2201.684
2203.218
2204.838
2206.275
2207.849
2209.281
2210.704
2212.281
2213.695
2215.15
2216.729
2218.17
2219.612
2221.194
2222.618
2224.09
2225.641
2227.337
2229.358
2231.038
2232.492
2234.117
2235.608
2237.012
2238.556
2240.254
2241.936
2243.619
2245.303
2246.997
2248.702
2250.393
2252.059
2253.768
2255.437
2257.149
2258.817
2260.537
2262.216
2263.9
2265.599
2267.298
2268.98
2270.661
2272.333
2274.035
2275.742
2277.409
2279.094
2280.796
2282.481
2284.193
2286.168
2287.872
2289.542
2291.228
2292.953
2294.633
2296.314
2298.005
2299.687
2301.387
2303.071
2304.779
2306.436
2308.152
2309.818
2311.615
2313.217
2314.9
2316.574
2318.288
2319.973
2321.694
2323.339
2325.05
2326.71
2328.441
2330.129
2331.812
2333.477
2335.161
2336.849
2338.566
2340.291
2341.941
2343.608
2345.322
2347.014
2348.68
2350.388
2352.083
2353.774
2355.438
2357.141
2358.829
2360.559
2362.292
2364.363
2366.2
2367.883
2369.575
2371.382
2373.115
2374.741
2376.364
2378.045
2379.727
2381.411
2383.094
2384.789
2386.483
2388.16
2389.854
2391.559
2393.243
2394.925
2396.604
2398.313
2400.006
2401.672
2403.365
2405.058
2406.754
2408.432
2410.135
2411.828
2413.576
2415.235
2416.901
2418.593
2420.277
2421.952
2423.662
2425.348
2427.048
2428.714
2430.426
2432.096
2433.783
2435.478
2437.168
2438.864
2440.543
2442.363
2443.963
2445.742
2447.406
2449.031
2450.706
2452.373
2454.07
2455.782
2457.471
2459.133
2460.819
2462.523
2464.222
2465.887
2467.573
2469.27
2470.952
2472.788
2474.663
2476.342
2478.025
2479.722
2481.428
2483.091
2484.777
2486.494
2488.278
2490.176
2492.148
2493.918
2495.571
2497.243
2498.957
2500.624
2502.442
2504.285
2505.987
2507.688
2509.375
2511.071
2512.733
2514.432
2516.116
2517.82
2519.503
2521.201
2522.881
2524.563
2526.25
2527.946
2529.63
2531.342
2533.017
2534.698
2536.411
2538.091
2539.795
2541.507
2543.161
2544.843
2546.527
2548.242
2549.923
2551.616
2553.32
2554.99
2556.673
2558.369
2560.061
2561.815
2563.441
2565.14
2566.804
2568.503
2570.212
2571.871
2573.589
2575.271
2576.958
2578.633
2580.329
2582.009
2583.748
2585.396
2587.08
2588.796
2590.462
2592.145
2593.845
2595.536
2597.228
2598.921
2600.621
2602.308
2603.982
2605.683
2607.381
2609.066
2610.738
2612.422
2614.134
2615.817
2617.505
2619.194
2620.899
2622.622
2624.302
2626.036
2627.667
2629.342
2631.028
2632.697
2634.391
2636.089
2637.781
2639.48
2641.146
2642.842
2644.524
2646.246
2647.907
2649.617
2651.293
2652.981
2654.675
2656.361
2658.061
2659.766
2661.439
2663.138
2664.805
2666.508
2668.27
2669.935
2671.591
2673.269
2675.033
2676.649
2678.335
2680.034
2681.783
2683.426
2685.093
2686.772
2688.477
2690.146
2691.847
2693.544
2695.218
2696.927
2698.622
2700.294
2702.124
2703.732
2705.373
2707.074
2708.766
2710.473
2712.152
2713.825
2715.505
2717.189
2718.733
2720.328
2721.943
2723.636
2725.169
2726.731
2728.418
2730.095
2731.806
2733.465
2735.199
2736.849
2738.533
2740.256
2741.981
2743.647
2745.33
2747.103
2748.715
2750.381
2752.144
2753.776
2755.442
2757.136
2758.807
2760.513
2762.192
2763.903
2765.567
2767.285
2768.967
2770.638
2772.354
2774.026
2775.717
2777.409
2779.086
2780.798
2782.482
2784.167
2785.842
2787.532
2789.255
2790.931
2792.608
2794.332
2796.129
2797.766
2799.386
2801.076
2802.777
2804.436
2806.12
2807.821
2809.519
2811.188
2812.89
2814.577
2816.273
2817.966
2819.637
2821.327
2822.713
2824.402
2826.101
2829.317
2832.546
2836.464
2839.631
2841.363
2843.427
2845.315
2847.313
2849.615
2851.613
2853.609
2855.757
2857.893
2859.942
2862.208
2864.203
2866.493
2868.503
2870.484
2872.496
2874.559
2876.637
2878.476
2880.597
2883.086
2885.688
2888.311
2890.049
2892.407
2894.328
2896.418
2898.43
2900.293
2902.297
2904.289
2906.281
2908.268
2910.288
2912.392
2914.271
2916.088
2918.29
2920.882
2923.196
2925.167
2927.492
2929.473
2931.477
2933.232
2935.197
2937.482
2939.576
2941.453
2943.445
2945.461
2947.502
2949.455
2951.481
2953.506
2955.759
2957.749
2959.809
2961.723
2963.793
2965.787
2968.022
2970.046
2971.865
2973.752
2975.762
2978.003
2980.068
2982.027
2984.118
2986.299
2988.607
2990.662
2992.598
2994.292
2995.827
2997.432
2998.832
3000.254
3001.66
3003.029
3004.419
3005.809
3007.369
3008.795
3010.159
3011.622
3013.015
3014.585
3016.058
3017.636
3019.079
3020.535
3022.094
3023.507
3024.933
3026.363
3027.932
3029.358
3030.748
3032.168
3033.761
3035.159
3036.541
3038.236
3039.64
3041.042
3042.485
3043.906
3045.437
3046.836
3048.229
3049.683
3051.084
3052.482
3054.047
3055.45
3056.908
3058.315
3059.749
3061.257
3062.698
3064.141
3065.55
3066.933
3068.317
3069.869
3071.252
3072.643
3074.036
3075.432
3076.819
3078.268
3079.86
3081.271
3082.656
3084.114
3085.527
3087.096
3088.475
3089.879
3091.237
3092.642
3094.026
3095.485
3096.833
3098.447
3099.837
3101.204
3102.627
3104.021
3105.67
3107.082
3108.499
3109.889
3111.296
3112.698
3114.083
3115.943
3117.634
3119.044
3120.512
3121.944
3123.497
3124.882
3126.568
3127.949
3129.355
3130.784
3132.199
3133.769
3135.78
3137.154
3138.578
3140.209
3141.658
3143.297
3144.718
3146.172
3147.588
3149.145
3150.623
3152.022
3153.6
3155.265
3156.656
3158.049
3159.525
3160.915
3162.308
3163.884
3165.387
3166.78
3168.133
3169.529
3170.906
3172.332
3173.87
3175.278
3176.684
3178.082
3179.72
3181.121
3182.499
3183.885
3185.279
3186.637
3188.103
3189.675
3191.112
3192.586
3193.995
3195.513
3196.902
3198.315
3199.817
3201.195
3202.747
3204.205
3205.593
3207.05
3208.585
3209.974
3211.337
3212.733
3214.133
3215.791
3217.18
3218.639
3220.053
3221.451
3222.849
3224.409
3225.799
3227.174
3228.615
3230.069
3231.634
3233.025
3234.437
3235.878
3237.292
3238.833
3240.318
3241.739
3243.121
3244.677
3246.095
3247.51
3248.917
3250.507
3252.217
3254.039
3255.579
3257.038
3258.483
3259.861
3261.243
3262.79
3264.206
3265.599
3266.977
3268.632
3270.1
3271.504
3273.095
3274.523
3276.178
3277.582
3278.987
3280.623
3282.065
3283.482
3284.887
3286.466
3287.881
3289.531
3290.914
3292.305
3293.693
3295.164
3296.747
3298.177
3299.58
3301.027
3302.612
3304.037
3305.47
3307.025
3308.419
3309.864
3311.257
3312.691
3314.259
3315.703
3317.189
3318.704
3320.397
3321.85
3323.247
3324.667
3326.249
3327.745
3329.32
3330.721
3332.379
3333.828
3335.462
3337.148
3338.833
3340.512
3342.212
3343.941
3345.687
3347.388
3349.105
3350.96
3352.657
3354.353
3356.07
3357.787
3359.474
3361.163
3362.934
3364.782
3366.484
3368.497
3370.22
3371.904
3373.596
3375.299
3377.028
3378.917
3380.646
3382.3
3384.004
3385.699
3387.365
3389.06
3390.766
3392.434
3394.135
3395.899
3397.565
3399.251
3401.188
3402.877
3404.575
3406.261
3407.95
3409.642
3411.434
3413.634
3415.336
3417.005
3419.027
3420.761
3422.466
3424.186
3425.88
3427.575
3429.267
3430.926
3432.589
3434.253
3435.954
3437.635
3439.301
3440.984
3442.66
3444.475
3446.174
3447.838
3449.73
3451.829
3454.66
3457.277
3460.599
3463.457
3466.008
3468.655
3471.322
3473.248
3475.248
3477.236
3479.064
3480.971
3482.915
3484.678
3486.341
3488.304
3490.295
3492.273
3494.072
3495.984
3497.779
3499.668
3501.646
3504.112
3506.06
3508.262
3510.275
3512.058
3513.755
3515.473
3517.322
3519.133
3521.021
3523.621
3525.752
3527.719
3529.619
3531.718
3533.443
3535.298
3537.069
3539.118
3540.793
3542.358
3544.065
3545.749
3547.446
3548.877
3550.513
3552.203
3553.71
3555.293
3556.943
3558.648
3560.343
3562.025
3563.518
3565.092
3566.518
3568.018
3569.855
3571.554
3573.054
3574.655
3576.302
3578.001
3579.687
3581.185
3583.083
3584.751
3586.461
3588.135
3589.816
3591.332
3592.899
3594.348
3596.281
3597.966
3599.646
3601.344
3603.078
3604.566
3606.143
3607.633
3609.175
3610.673
3612.325
3613.951
3615.469
3617.022
3618.708
3620.388
3622.12
3623.783
3625.301
3626.923
3628.519
3630.005
3631.619
3633.3
3634.816
3636.674
3638.38
3639.855
3641.429
3642.963
3644.574
3646.199
3647.901
3649.578
3651.26
3652.945
3654.481
3656.037
3657.725
3659.411
3660.891
3662.567
3664.155
3665.854
3667.539
3669.052
3670.625
3672.313
3674.004
3675.463
3677.107
3678.752
3680.451
3682.127
3683.835
3685.319
3686.902
3688.6
3690.297
3691.798
3693.347
3694.832
3696.42
3697.927
3699.491
3701.174
3702.671
3704.56
3706.261
3707.957
3709.958
3711.631
3713.327
3715.024
3716.706
3718.506
3720.089
3721.569
3723.17
3724.835
3726.55
3728.286
3729.978
3731.702
3733.614
3735.4
3737.281
3739.065
3740.963
3742.963
3744.73
3746.463
3748.161
3750.025
3751.745
3753.84
3756.694
3758.459
3760.338
3763.025
3766.194
3768.775
3771.12
3773.72
3775.519
3777.181
3778.918
3781.068
3782.899
3784.754
3786.832
3788.448
3790.115
3791.799
3793.51
3795.213
3796.879
3798.576
3800.252
3801.958
3803.634
3805.331
3807.01
3808.719
3810.414
3812.085
3813.874
3815.456
3817.15
3818.854
3820.534
3822.238
3823.93
3825.899
3827.45
3829.052
3830.665
3832.36
3833.874
3835.44
3837.115
3838.814
3840.51
3842.528
3844.512
3846.179
3847.879
3849.559
3851.245
3852.742
3854.442
3856.136
3857.726
3859.486
3861.111
3862.78
3864.457
3866.169
3867.846
3869.555
3871.213
3872.938
3874.603
3876.285
3877.832
3879.451
3881.075
3882.733
3884.541
3886.449
3888.141
3889.799
3891.492
3893.505
3895.178
3896.893
3898.558
3900.26
3901.96
3903.642
3905.334
3907.021
3908.824
3910.391
3912.089
3913.774
3915.463
3917.155
3918.851
3920.52
3922.217
3923.913
3925.612
3927.283
3929.085
3930.678
3932.35
3934.066
3935.736
3937.449
3939.2
3940.815
3942.503
3944.183
3945.711
3947.566
3949.244
3950.936
3952.626
3954.333
3956.005
3957.707
3959.469
3961.088
3962.777
3964.48
3966.14
3967.687
3969.378
3970.925
3972.453
3974.058
3975.694
3977.369
3979.064
3980.8
3982.758
3984.425
3985.929
3987.497
3989.187
3990.72
3992.285
3993.967
3995.662
3997.344
3999.08
4000.708
4002.224
4003.817
4005.467
4007.482
4009.24
4010.852
4012.537
4014.238
4015.929
4017.598
4019.287
4020.819
4022.521
4024.118
4025.766
4027.432
4029.133
4030.817
4032.498
4034.801
4036.497
4038.188
4039.922
4041.56
4043.262
4044.977
4046.653
4048.342
4050.026
4051.706
4053.387
4054.907
4056.491
4058.158
4059.838
4061.375
4062.916
4064.913
4066.619
4068.355
4070
4071.666
4073.39
4075.052
4076.758
4078.431
4080.179
4081.832
4083.516
4085.195
4086.881
4088.563
4090.254
4091.947
4093.66
4095.326
4097.03
4098.807
4100.473
4102.086
4103.773
4105.461
4107.288
4108.957
4110.541
4112.221
4113.748
4115.293
4116.983
4118.701
4120.37
4122.051
4123.747
4125.431
4127.12
4129.134
4130.831
4132.509
4134.2
4135.89
4137.573
4139.28
4140.963
4142.657
4144.334
4146.04
4147.711
4149.717
4151.395
4153.075
4154.769
4156.479
4158.157
4159.856
4161.554
4163.226
4164.93
4166.62
4168.379
4170.011
4171.769
4173.401
4175.068
4176.747
4178.426
4180.117
4181.821
4183.499
4185.179
4186.73
4188.579
4190.263
4192.062
4193.723
4195.653
4197.337
4199.004
4200.708
4202.212
4203.852
4205.502
4207.156
4208.833
4210.538
4212.063
4213.652
4215.29
4216.842
4218.453
4220.164
4221.751
4223.426
4225.251
4226.808
4228.506
4230.206
4231.882
4233.68
4235.313
4237.012
4238.946
4240.658
4242.343
4244.184
4245.792
4247.409
4249.39
4251.076
4252.639
4254.257
4255.972
4257.837
4259.571
4261.22
4263.004
4264.605
4266.296
4267.985
4269.671
4271.383
4273.05
4274.737
4276.511
4278.134
4279.877
4281.51
4283.192
4284.883
4286.611
4288.246
4289.945
4291.627
4293.381
4295.078
4296.715
4298.424
4300.083
4301.79
4303.473
4305.158
4306.836
4308.638
4310.534
4312.222
4313.901
4315.616
4317.3
4319.298
4320.983
4322.66
4324.348
4326.042
4327.74
4329.48
4331.112
4332.799
4334.499
4336.176
4337.877
4339.564
4341.251
4342.943
4344.637
4346.443
4348.091
4349.759
4351.422
4353.09
4354.77
4356.449
4358.155
4359.83
4361.532
4363.235
4364.919
4366.598
4368.322
4370.292
4371.982
4373.795
4375.462
4377.031
4378.749
4380.413
4382.116
4383.792
4385.478
4386.975
4388.61
4390.26
4391.96
4393.645
4395.312
4397.024
4398.69
4400.377
4402.073
4403.822
4405.456
4407.16
4408.851
4410.52
4412.219
4413.898
4415.601
4417.281
4418.964
4420.678
4422.358
4424.046
4425.747
4427.431
4429.114
4430.886
4432.496
4434.184
4435.873
4437.607
4439.261
4440.948
4442.633
4444.34
4446.058
4447.69
4449.424
4451.09
4453.073
4454.756
4456.444
4458.204
4459.853
4461.62
4463.374
4464.985
4466.634
4468.285
4470.029
4471.779
4473.735
4475.355
4477.03
4478.714
4480.427
4482.11
4483.81
4485.477
4487.175
4489.176
4491.026
4492.873
4494.547
4496.242
4497.941
4499.608
4501.305
4503.307
4505.002
4506.688
4508.476
4510.07
4511.761
4513.447
4515.122
4516.823
4518.583
4520.282
4521.899
4523.575
4525.259
4526.962
4528.773
4530.381
4532.149
4533.805
4535.422
4537.094
4538.802
4540.491
4542.159
4543.858
4545.534
4547.223
4549.223
4550.938
4552.732
4554.32
4555.986
4557.669
4559.359
4561.047
4562.737
4564.441
4566.116
4567.827
4569.516
4571.211
4572.986
4574.723
4576.356
4577.98
4579.946
4581.678
4583.327
4585.077
4586.843
4588.725
4590.441
4592.084
4593.789
4595.473
4597.19
4598.835
4600.61
4602.223
4603.904
4605.604
4607.354
4609.116
4610.719
4612.672
4614.416
4616.455
4618.367
4620.063
4622.038
4623.748
4625.43
4627.103
4628.843
4630.493
4632.177
4634.161
4635.911
4637.543
4639.247
4640.934
4642.641
4644.319
4646.011
4647.705
4649.475
4651.123
4652.821
4654.467
4656.136
4657.819
4659.525
4661.242
4662.935
4664.632
4666.284
4667.966
4669.667
4671.349
4673.663
4675.795
4677.477
4679.146
4680.729
4682.407
4684.111
4685.783
4687.494
4689.151
4690.864
4692.535
4694.315
4695.921
4697.605
4699.294
4700.982
4702.672
4704.381
4706.064
4707.738
4709.442
4711.146
4712.833
4714.516
4716.204
4717.936
4719.643
4721.367
4723.04
4724.662
4726.337
4728.09
4729.71
4731.41
4733.223
4734.882
4736.477
4738.174
4739.943
4741.548
4743.222
4744.914
4746.599
4748.295
4749.98
4751.523
4753.155
4754.743
4756.445
4758.139
4759.829
4761.518
4763.217
4765.032
4766.88
4768.666
4770.285
4771.947
4773.646
4775.33
4777.012
4778.726
4780.409
4782.208
4783.847
4785.485
4787.157
4788.863
4790.557
4792.236
4794.035
4795.936
4797.605
4799.305
4800.986
4802.694
4804.384
4806.06
4807.755
4809.434
4811.452
4813.132
4814.816
4816.511
4818.197
4819.882
4821.57
4823.262
4824.949
4826.644
4828.644
4830.459
4832.166
4834.058
4835.758
4837.389
4839.073
4840.773
4842.459
4844.143
4845.848
4847.533
4849.221
4850.917
4852.603
4854.358
4856
4857.664
4859.483
4861.347
4863.045
4864.732
4866.413
4868.1
4869.789
4871.484
4873.176
4874.878
4876.584
4878.25
4879.947
4881.624
4883.316
4885.009
4886.786
4888.497
4890.07
4891.779
4893.457
4895.139
4896.834
4898.52
4900.207
4901.919
4903.594
4905.298
4906.976
4908.679
4910.343
4911.868
4913.514
4915.252
4917.103
4919.102
4920.817
4922.493
4924.179
4925.854
4927.573
4929.242
4930.943
4932.663
4934.313
4936.017
4937.708
4939.371
4941.073
4942.769
4944.453
4946.447
4948.137
4949.822
4951.532
4953.202
4954.896
4956.598
4958.268
4959.965
4961.662
4963.388
4965.032
4966.73
4968.713
4970.414
4972.095
4973.806
4975.778
4977.491
4979.174
4980.865
4982.555
4984.274
4985.936
4987.617
4989.294
4990.989
4992.679
4994.377
4996.118
4998.051
4999.753
5001.427
5003.2
5004.868
5006.534
5008.508
5010.183
5011.878
5013.587
5015.265
5016.948
5018.727
5020.357
5022.012
5023.711
5025.437
5027.107
5028.849
5030.774
5032.476
5034.158
5035.991
5037.605
5039.277
5040.905
5042.617
5044.283
5045.998
5047.665
5049.37
5051.053
5052.751
5054.472
5056.249
5058.134
5059.796
5061.531
5063.202
5064.884
5066.564
5068.263
5069.945
5071.642
5073.383
5075.042
5076.708
5078.408
5080.073
5082.091
5083.792
5085.451
5087.155
5089.14
5090.854
5092.523
5094.205
5096.203
5098.202
5099.918
5101.579
5103.279
5104.971
5106.675
5108.363
5110.028
5111.73
5113.415
5115.097
5116.8
5118.629
5120.329
5121.972
5123.626
5125.29
5126.925
5128.641
5130.637
5132.356
5134.023
5135.696
5137.39
5139.122
5140.771
5142.437
5144.137
5145.918
5147.608
5149.292
5150.917
5152.602
5154.277
5156.084
5158.011
5159.665
5161.331
5163.024
5164.722
5166.426
5168.191
5169.827
5171.51
5173.183
5174.893
5176.543
5178.252
5179.958
5181.604
5183.308
5185.111
5186.753
5188.481
5190.113
5191.769
5193.453
5195.22
5196.819
5198.525
5200.217
5201.897
5203.875
5205.593
5207.267
5208.962
5210.643
5212.331
5214.041
5215.706
5217.744
5219.543
5221.193
5222.85
5224.507
5226.155
5227.854
5229.638
5231.324
5233.022
5234.649
5236.305
5238.016
5239.723
5241.386
5243.048
5244.764
5246.449
5248.117
5249.811
5251.498
5253.201
5255.016
5256.663
5258.328
5260.254
5261.951
5263.662
5265.345
5267.01
5268.76
5270.408
5272.075
5273.791
5275.472
5277.274
5279.177
5280.857
5282.536
5284.275
5285.904
5287.602
5289.286
5290.978
5292.994
5294.741
5296.38
5298.055
5299.741
5301.432
5303.415
5305.104
5306.812
5308.795
5310.497
5312.178
5313.876
5315.546
5317.244
5318.943
5320.638
5322.307
5324.01
5325.703
5327.402
5329.076
5330.773
5332.472
5334.236
5335.832
5337.831
5339.543
5341.368
5343.004
5344.629
5346.36
5348.046
5349.669
5351.357
5353.112
5355.047
5356.727
5358.409
5360.112
5361.812
5363.475
5365.174
5366.85
5368.577
5370.337
5371.951
5373.61
5375.39
5376.989
5378.694
5380.422
5382.376
5384.071
5385.745
5387.464
5389.254
5390.977
5392.598
5394.262
5396.348
5398.285
5399.949
5401.63
5403.699
5405.294
5406.946
5408.646
5410.343
5412.011
5413.777
5415.459
5417.106
5418.777
5420.508
5422.172
5423.856
5425.546
5427.219
5428.934
5430.609
5432.32
5434.037
5435.687
5437.354
5439.186
5440.782
5442.446
5444.134
5445.818
5447.329
5448.927
5450.562
5452.111
5453.781
5455.401
5457.039
5459.029
5460.709
5462.396
5464.205
5465.784
5467.489
5469.174
5470.958
5472.623
5474.531
5476.238
5477.912
5479.607
5481.299
5482.986
5484.667
5486.383
5488.045
5489.752
5491.449
5493.132
5494.831
5496.496
5498.511
5500.191
5501.709
5503.567
5505.263
5506.963
5508.629
5510.344
5512.01
5513.71
5515.475
5517.22
5519.148
5520.828
5522.473
5524.473
5526.14
5527.855
5529.534
5531.282
5532.937
5534.586
5536.281
5537.987
5539.665
5541.414
5543.049
5544.747
5546.415
5548.13
5550.112
5552.1
5553.794
5555.476
5557.188
5558.861
5560.585
5562.26
5563.942
5565.615
5567.307
5568.99
5570.69
5572.372
5574.071
5576.386
5578.986
5581.004
5582.686
5584.354
5586.05
5587.846
5589.511
5591.134
5592.813
5594.514
5596.508
5598.494
5600.923
5603.477
5605.395
5607.408
5609.445
5611.392
5614.308
5617.549
5620.767
5622.878
5625.986
5628.081
5630.649
5633.536
5635.501
5637.517
5639.917
5641.882
5643.801
5645.595
5647.814
5649.581
5651.56
5653.86
5656.109
5659.31
5661.157
5663.642
5665.756
5667.938
5669.623
5671.315
5672.985
5674.686
5676.154
5677.742
5679.431
5681.134
5682.819
5684.527
5686.217
5688.048
5689.648
5691.26
5692.962
5694.665
5696.375
5698.044
5699.729
5701.428
5703.136
5704.78
5706.476
5708.176
5709.848
5711.378
5712.967
5714.719
5716.322
5718.006
5719.702
5721.386
5723.085
5724.751
5726.268
5727.83
5729.529
5731.204
5733.268
5734.945
5736.592
5738.264
5739.959
5741.478
5743.13
5744.748
5746.43
5748.108
5749.827
5751.478
5753.191
5754.858
5756.552
5758.558
5760.24
5762.234
5763.94
5765.609
5767.139
5768.822
5770.372
5772.073
5773.832
5775.483
5777.134
5778.819
5780.341
5781.916
5783.892
5785.392
5786.983
5788.7
5790.348
5792.03
5793.726
5795.418
5796.929
5798.529
5800.176
5801.875
5803.56
5805.308
5807.231
5808.94
5810.469
5812.021
5813.686
5815.384
5817.082
5818.769
5820.47
5822.205
5823.856
5825.356
5826.92
5829.273
5830.938
5832.601
5834.411
5835.993
5837.644
5839.352
5841.073
5842.712
5844.429
5846.092
5847.806
5849.574
5851.233
5852.859
5854.558
5856.059
5857.637
5859.31
5860.841
5862.488
5864.213
5865.795
5867.452
5869.139
5870.837
5872.537
5874.218
5875.915
5877.582
5879.296
5881.063
5882.984
5884.651
5886.192
5887.762
5889.412
5890.963
5892.513
5894.175
5895.71
5897.282
5898.953
5900.677
5902.341
5904.023
5905.698
5907.388
5909.08
5910.598
5912.188
5913.837
5915.529
5917.223
5919.057
5920.715
5922.34
5923.984
5925.685
5927.349
5929.067
5930.545
5932.118
5933.814
5935.609
5937.213
5938.939
5940.575
5942.279
5943.956
5945.644
5947.147
5948.725
5950.399
5952.107
5953.79
5955.456
5957.008
5958.838
5960.539
5962.038
5963.65
5965.383
5967.004
5968.666
5970.379
5971.884
5973.47
5975.144
5976.83
5978.51
5980.204
5981.681
5983.365
5984.963
5986.662
5988.347
5990.044
5991.511
5993.093
5994.79
5996.487
5998.174
5999.952
6001.574
6003.343
6005.238
6006.923
6008.623
6010.302
6011.775
6013.399
6015.057
6016.75
6018.434
6020.131
6021.83
6023.522
6025.047
6026.612
6028.289
6029.955
6031.647
6033.414
6035.063
6036.722
6038.405
6040.093
6041.793
6043.49
6045.171
6046.698
6048.542
6050.24
6051.926
6053.637
6055.323
6057.04
6058.705
6060.205
6061.786
6063.566
6065.176
6066.836
6068.567
6070.203
6071.658
6073.597
6075.281
6076.816
6078.648
6080.348
6082.032
6083.846
6085.415
6086.931
6088.495
6090.188
6091.877
6093.56
6095.263
6096.925
6098.637
6100.32
6102.008
6103.69
6105.397
6107.089
6108.754
6110.452
6112.138
6113.892
6115.537
6117.221
6118.901
6120.591
6122.271
6123.971
6125.718
6127.364
6129.033
6130.574
6132.148
6133.798
6135.292
6136.869
6138.562
6140.103
6141.693
6143.314
6145.032
6146.56
6148.135
6149.87
6151.51
6153.18
6154.838
6156.525
6158.22
6159.921
6161.407
6163.006
6164.667
6166.366
6168.051
6169.738
6171.281
6172.87
6174.562
6176.514
6178.818
6180.825
6182.5
6184.037
6185.681
6187.248
6188.938
6190.646
6192.18
6193.743
6195.395
6196.928
6198.526
6200.175
6201.676
6203.539
6205.243
6206.751
6208.471
6210.104
6211.775
6213.402
6215.392
6217.056
6218.754
6220.438
6221.956
6223.586
6225.227
6226.886
6228.57
6230.267
6231.951
6233.666
6235.333
6237.045
6238.714
6240.398
6242.109
6243.801
6245.779
6247.478
6249.163
6250.845
6252.546
6254.229
6255.924
6257.61
6259.318
6261.008
6262.691
6264.367
6266.064
6267.757
6269.454
6271.14
6272.839
6274.506
6276.203
6277.886
6279.57
6281.287
6282.968
6284.653
6286.348
6288.035
6289.731
6291.416
6293.112
6294.797
6296.471
6298.16
6299.852
6301.545
6303.544
6305.373
6306.976
6308.611
6310.132
6311.728
6313.676
6315.359
6317.054
6318.756
6320.441
6322.119
6323.806
6325.516
6327.19
6328.887
6330.587
6332.285
6333.965
6335.653
6337.337
6339.014
6340.72
6342.717
6344.4
6346.084
6347.783
6349.467
6351.175
6352.863
6354.547
6356.227
6357.928
6359.61
6361.596
6363.295
6365.058
6366.992
6368.759
6370.659
6372.458
6374.157
6375.817
6377.492
6379.223
6380.906
6382.522
6384.288
6386.037
6387.587
6389.253
6390.788
6392.453
6394.064
6395.715
6397.384
6398.932
6400.523
6402.168
6403.863
6405.53
6407.247
6409.23
6410.931
6412.598
6414.308
6415.981
6417.661
6419.363
6421.066
6422.745
6424.427
6426.424
6428.113
6429.802
6431.491
6433.186
6434.894
6436.557
6438.269
6440.021
6441.943
6443.65
6445.334
6447.02
6448.703
6450.219
6451.85
6453.484
6455.199
6456.848
6458.531
6460.229
6461.93
6463.613
6465.297
6466.986
6468.662
6470.36
6472.062
6473.593
6475.438
6477.108
6478.824
6480.831
6482.542
6484.189
6485.885
6487.687
6489.389
6491.025
6492.704
6494.486
6496.051
6497.721
6499.395
6501.086
6502.782
6504.467
6506.15
6507.968
6509.949
6511.564
6513.331
6515.033
6516.688
6518.361
6519.99
6521.663
6523.356
6525.061
6526.743
6528.43
6530.192
6531.804
6533.492
6535.189
6536.871
6538.891
6540.571
6542.255
6544.372
6546.073
6547.92
6549.618
6551.302
6553
6554.526
6556.11
6557.766
6559.465
6561.149
6562.831
6564.531
6566.229
6567.93
6569.642
6571.287
6573.302
6575.043
6576.977
6578.761
6580.426
6582.026
6583.742
6585.4
6587.093
6588.823
6590.78
6592.54
6594.257
6596.157
6597.868
6599.868
6601.543
6603.317
6604.97
6606.635
6608.68
6610.4
6612.069
6613.781
6615.426
6617.063
6618.764
6620.481
6622.131
6623.897
6625.54
6627.293
6628.98
6630.895
6632.637
6634.293
6636.09
6637.943
6639.953
6641.643
6643.317
6645.011
6646.709
6648.389
6650.087
6651.785
6653.47
6655.17
6656.851
6658.537
6660.215
6661.768
6663.651
6665.3
6666.991
6668.982
6670.664
6672.363
6674.198
6675.86
6677.746
6679.462
6681.125
6682.804
6684.486
6686.311
6688.027
6689.609
6691.252
6692.956
6694.634
6696.321
6698.024
6699.707
6701.198
6702.825
6704.455
6706.136
6707.836
6709.523
6711.219
6712.916
6714.585
6716.283
6717.982
6719.657
6721.45
6723.348
6725.051
6726.582
6728.197
6729.92
6739.93
6741.629
6743.309
6745
6746.717
6748.407
6750.071
6751.572
6753.14
6754.855
6756.522
6758.303
6759.899
6761.603
6763.334
6764.985
6766.678
6768.368
6770.042
6771.741
6773.431
6775.115
6776.631
6778.265
6779.93
6781.572
6783.246
6784.745
6786.462
6788.077
6790.012
6791.719
6793.408
6795.093
6796.792
6798.457
6800.174
6801.875
6803.855
6805.538
6807.22
6808.908
6810.597
6812.589
6814.288
6815.968
6817.666
6819.368
6820.883
6822.45
6824.132
6825.816
6827.498
6829.18
6830.881
6832.413
6833.983
6835.645
6837.328
6839.027
6840.71
6842.404
6844.414
6846.076
6847.782
6849.474
6851.145
6852.84
6854.356
6855.988
6857.605
6859.287
6860.986
6862.665
6864.373
6866.07
6867.734
6869.436
6871.115
6872.817
6874.515
6876.185
6877.88
6879.565
6881.578
6883.326
6884.963
6886.626
6888.314
6890.011
6891.704
6893.41
6895.076
6896.775
6898.458
6899.992
6901.57
6903.214
6904.918
6906.606
6908.288
6909.989
6911.686
6913.369
6915.054
6916.785
6918.436
6920.116
6921.801
6923.5
6925.182
6926.874
6928.573
6930.248
6931.953
6933.63
6935.329
6937.013
6938.72
6940.466
6942.096
6943.77
6945.477
6947.19
6949.775
6952.375
6954.756
6957.006
6959.284
6961.595
6963.7
6965.887
6967.997
6970.501
6972.801
6975.115
6977.417
6979.715
6982.015
6984.347
6986.645
6988.925
6991.003
6993.344
6995.544
6997.694
6999.925
7002.158
7004.456
7006.607
7008.75
7010.837
7012.547
7014.453
7016.421
7018.186
7019.804
7021.496
7023.503
7025.185
7026.883
7028.582
7030.261
7032.265
7034.266
7035.958
7037.631
7039.365
7041.044
7042.713
7044.395
7046.124
7047.874
7049.559
7051.198
7052.837
7054.658
7056.308
7058.04
7059.724
7061.388
7063.055
7064.654
7066.354
7068.054
7069.737
7071.435
7073.146
7074.851
7076.599
7078.481
7080.199
7081.881
7083.546
7085.546
7087.248
7089.23
7091.228
7093.246
7094.928
7096.604
7098.309
7100.061
7101.756
7103.405
7105.073
7107.075
7108.769
7110.489
7112.123
7114.129
7115.927
7117.572
7119.254
7121.289
7123.183
7124.873
7126.594
7128.246
7129.949
7131.666
7133.332
7135.013
7136.749
7138.466
7140.38
7142.095
7143.778
7145.528
7147.195
7148.858
7150.553
7152.357
7154.207
7155.927
7157.62
7159.279
7160.989
7162.69
7164.421
7166.152
7168.051
7169.851
7172.037
7173.718
7175.424
7177.118
7178.782
7180.515
7182.215
7183.883
7185.561
7187.231
7189.027
7190.726
7192.362
7194.047
7195.992
7197.676
7199.81
7201.443
7203.059
7205.049
7206.751
7208.57
7210.284
7211.955
7213.84
7215.536
7217.241
7218.882
7220.595
7222.32
7224.269
7225.985
7227.965
7229.65
7231.381
7233.032
7235.032
7236.714
7238.432
7240.105
7241.846
7243.58
7245.26
7246.972
7248.595
7250.26
7252.055
7253.911
7255.589
7257.889
7259.594
7261.605
7263.292
7264.955
7266.67
7268.502
7270.336
7272.336
7274.385
7276.337
7278.135
7280.033
7281.75
7283.766
7285.695
7287.381
7289.396
7291.104
7292.797
7294.604
7296.468
7298.291
7300.149
7301.856
7303.577
7305.2
7306.992
7308.998
7311.208
7312.92
7314.586
7316.287
7317.952
7319.69
7321.467
7323.142
7325.035
7326.735
7329.031
7330.713
7332.489
7334.553
7336.39
7338.1
7339.78
7341.487
7343.196
7344.899
7346.579
7348.522
7350.327
7351.992
7353.664
7355.374
7357.595
7359.642
7361.579
7363.272
7365.039
7366.791
7368.421
7370.153
7372.067
7373.852
7375.72
7377.443
7379.254
7381.401
7383.115
7384.814
7386.779
7388.483
7390.167
7391.864
7393.53
7395.541
7397.21
7398.913
7400.702
7402.378
7404.056
7405.723
7407.41
7409.175
7411.365
7413.04
7414.754
7416.471
7418.187
7419.92
7421.638
7423.483
7425.164
7426.853
7428.567
7430.233
7432.008
7433.716
7435.413
7437.064
7438.691
7440.397
7442.381
7444.082
7445.826
7447.505
7449.277
7451.126
7452.925
7454.853
7456.507
7458.506
7460.518
7462.207
7463.938
7465.871
7467.573
7469.286
7471.57
7473.248
7474.932
7476.767
7478.635
7480.4
7482.119
7483.784
7485.498
7487.382
7489.063
7490.765
7492.472
7494.164
7496.145
7497.91
7499.823
7501.908
7504.127
7505.807
7507.507
7509.208
7511.033
7512.872
7514.586
7516.587
7518.255
7519.957
7521.953
7523.67
7525.369
7527.056
7528.835
7531.016
7532.72
7534.395
7536.15
7537.866
7539.496
7541.161
7542.878
7544.676
7546.544
7548.209
7549.925
7551.643
7553.363
7555.055
7556.791
7558.455
7560.121
7562.18
7563.87
7565.726
7567.405
7569.094
7570.839
7572.486
7574.22
7576.175
7578.185
7579.863
7581.566
7583.234
7585.009
7586.708
7588.365
7590.102
7591.755
7593.378
7595.054
7597.095
7598.81
7600.543
7602.19
7603.958
7605.825
7607.492
7609.253
7610.936
7612.589
7614.274
7615.952
7617.694
7619.403
7621.166
7622.838
7624.496
7626.718
7628.418
7630.095
7631.783
7633.583
7635.481
7637.298
7638.984
7640.853
7642.514
7644.212
7645.9
7647.592
7649.292
7651.044
7652.801
7654.757
7656.455
7658.146
7659.849
7661.487
7663.123
7664.804
7666.505
7668.245
7669.986
7671.618
7673.245
7674.929
7676.619
7678.382
7680.665
7682.637
7684.912
7686.933
7689.228
7691.229
7692.896
7694.628
7696.589
7698.611
7700.289
7701.975
7703.96
7705.667
7707.358
7709.055
7710.846
7712.504
7714.22
7715.863
7717.522
7719.258
7720.972
7722.618
7724.317
7726.27
7727.984
7729.645
7731.318
7733.018
7734.681
7736.411
7738.19
7739.863
7741.746
7743.496
7745.179
7746.844
7748.626
7750.31
7752.34
7754.209
7756.201
7757.973
7759.59
7761.251
7762.974
7764.635
7766.322
7768.344
7770.11
7771.853
7773.517
7775.203
7776.798
7778.852
7780.78
7782.449
7784.247
7786.162
7787.913
7789.627
7791.529
7793.839
7795.829
7797.528
7799.254
7800.972
7802.626
7804.36
7806.573
7808.291
7810.259
7812.038
7813.954
7815.936
7817.937
7819.669
7821.469
7823.31
7825.052
7826.721
7828.388
7830.466
7832.382
7834.148
7836.08
7837.763
7839.596
7841.446
7843.162
7844.899
7846.628
7848.499
7850.525
7852.229
7854.189
7855.9
7857.628
7859.406
7861.256
7862.956
7864.653
7866.321
7868.006
7869.717
7871.702
7873.435
7875.434
7877.414
7879.399
7881.099
7882.766
7884.447
7886.182
7887.915
7889.563
7891.31
7892.962
7894.912
7896.91
7898.588
7900.571
7902.581
7904.276
7906.337
7907.972
7909.638
7911.333
7913.02
7914.737
7916.424
7918.129
7919.908
7921.82
7923.519
7925.174
7927.231
7928.95
7930.639
7932.36
7934.269
7936.013
7937.712
7939.63
7941.341
7943.084
7944.709
7946.363
7948.047
7949.743
7951.742
7953.555
7955.245
7956.875
7958.79
7960.582
7962.272
7963.955
7965.872
7967.632
7969.326
7970.941
7972.672
7974.428
7976.115
7978.016
7979.744
7981.814
7983.695
7985.365
7987.063
7988.762
7990.467
7992.15
7993.91
7995.842
7997.594
7999.624
8001.52
8003.305
8005.174
8007.186
8008.871
8010.916
8012.872
8014.566
8016.272
8018.037
8019.702
8021.451
8023.31
8024.998
8027.013
8028.71
8030.679
8032.387
8034.079
8035.83
8037.531
8039.263
8041.145
8042.891
8044.568
8046.294
8048.026
8049.691
8051.574
8053.273
8055.256
8057.247
8058.95
8061.257
8063.552
8065.57
8067.569
8069.353
8071.281
8073.085
8074.922
8076.925
8078.599
8080.365
8082.297
8083.998
8085.798
8087.659
8089.428
8091.354
8093.052
8095.058
8096.759
8098.475
8100.187
8102.105
8103.939
8106.19
8108.189
8109.93
8111.804
8113.471
8115.163
8117.151
8119.152
8121.25
8122.961
8124.889
8126.682
8128.579
8130.847
8132.597
8134.564
8136.508
8138.227
8140.017
8141.909
8143.606
8145.352
8147.261
8149.276
8151.558
8153.424
8155.265
8156.959
8158.652
8160.421
8162.089
8164.026
8165.751
8167.475
8169.166
8171.067
8172.792
8174.498
8176.763
8178.782
8181.079
8183.064
8185.062
8186.763
8188.746
8190.576
8192.246
8194.106
8196.109
8197.859
8199.526
8202.106
8204.522
8206.406
8208.096
8209.82
8211.786
8213.603
8215.269
8217.152
8218.839
8220.906
8222.834
8224.63
8226.85
8228.549
8230.367
8232.214
8233.97
8235.905
8237.911
8239.728
8241.695
8243.726
8245.592
8247.275
8249.092
8251.102
8252.94
8254.722
8256.646
8258.388
8260.336
8262.085
8263.818
8265.734
8267.702
8269.452
8271.369
8273.066
8274.783
8277.064
8278.815
8280.751
8282.5
8284.275
8286.267
8288.128
8289.972
8291.661
8293.508
8295.309
8297.191
8299.004
8301.205
8303.187
8304.973
8306.867
8308.621
8310.354
8312.236
8314.002
8316.035
8317.921
8319.736
8321.599
8323.332
8325.381
8327.447
8329.297
8331.045
8332.791
8334.495
8336.407
8338.357
8340.125
8341.843
8343.726
8345.712
8347.525
8349.225
8351.481
8353.189
8355.168
8357.089
8359.088
8361.099
8363.083
8365.067
8366.835
8368.571
8370.451
8372.26
8374.135
8376.165
8377.962
8379.818
8381.545
8383.335
8385.194
8386.946
8388.895
8390.645
8392.39
8394.06
8396.095
8397.943
8399.96
8402.256
8404.255
8406.388
8408.283
8410.004
8411.735
8413.435
8415.318
8417.301
8419.598
8421.414
8423.463
8425.28
8427.13
8429.597
8431.663
8433.584
8435.579
8437.576
8439.379
8441.275
8442.959
8445.026
8447.272
8449.955
8452.921
8455.717
8458.321
8461.351
8464.164
8466.816
8469.363
8472.297
8475.629
8478.83
8482.111
8485.506
8488.525
8491.641
8494.556
8498.089
8501.739
8505.504
8508.702
8511.767
8514.833
8517.215
8518.975
8520.847
8522.521
8524.235
8525.899
8527.596
8529.596
8531.579
8533.576
8535.276
8537.044
8538.751
8540.64
8542.357
8544.337
8546.171
8548.085
8549.836
8551.803
8553.82
8555.742
8557.465
8559.203
8560.893
8562.766
8564.467
8566.276
8568.133
8570.453
8572.231
8573.93
8575.621
8577.511
8579.244
8581.209
8582.927
8584.877
8586.872
8588.576
8590.26
8592.01
8593.807
8595.938
8597.955
8599.973
8601.719
8603.62
8605.701
8607.616
8609.319
8611.302
8613.001
8614.783
8616.766
8618.667
8620.497
8622.476
8624.364
8626.11
8627.861
8629.745
8631.581
8633.427
8635.159
8636.877
8638.788
8640.54
8642.508
8644.489
8646.471
8648.601
8650.483
8652.171
8653.888
8655.851
8657.851
8659.839
8661.58
8663.298
8665.215
8667.032
8668.897
8670.899
8672.604
8674.594
8676.895
8678.617
8680.293
8682.261
8683.973
8685.737
8687.458
8689.157
8691.089
8693.04
8694.822
8696.721
8698.422
8700.096
8701.863
8703.604
8705.785
8707.47
8709.179
8711.167
8712.916
8714.599
8716.579
8718.514
8720.517
8722.224
8723.99
8725.932
8727.91
8729.652
8731.586
8733.288
8735.273
8737.333
8739.254
8740.945
8742.64
8744.4
8746.148
8748.004
8749.788
8751.688
8753.419
8755.161
8757.085
8758.885
8760.581
8762.278
8763.915
8765.941
8767.815
8769.507
8771.202
8773.013
8774.895
8776.592
8778.58
8780.581
8782.587
8784.346
8786.277
8788.274
8789.947
8791.673
8793.369
8795.019
8797.006
8798.785
8800.531
8802.151
8803.803
8805.615
8807.464
8809.183
8810.999
8812.835
8814.548
8816.247
8817.948
8819.612
8821.331
8823.083
8824.761
8826.977
8828.742
8830.645
8832.338
8834.463
8836.336
8838.073
8839.788
8841.704
8843.706
8845.521
8847.449
8849.39
8851.134
8852.909
8854.617
8856.8
8858.479
8860.248
8862.147
8863.882
8865.815
8867.522
8869.262
8871.209
8873.194
8874.933
8876.873
8878.875
8880.712
8882.557
8884.258
8886.558
8888.325
8890.246
8892.04
8893.93
8895.68
8897.421
8899.32
8901.129
8903.017
8904.801
8906.695
8908.682
8910.403
8912.149
8914.061
8916.371
8918.197
8920.062
8921.895
8923.744
8925.578
8927.409
8929.442
8931.419
8933.093
8934.856
8936.803
8938.479
8940.241
8942.24
8943.92
8945.653
8947.37
8949.048
8951.088
8953.067
8954.91
8956.666
8958.601
8960.406
8962.294
8964.046
8966.28
8968.411
8970.381
8972.262
8973.962
8975.761
8977.658
8979.376
8981.125
8982.873
8984.722
8986.463
8988.156
8990.083
8991.915
8993.594
8996.116
8998.086
8999.8
9001.519
9003.234
9005.768
9007.601
9009.296
9011.144
9013.148
9014.928
9016.677
9018.497
9020.311
9022.209
9024.504
9026.2
9028.192
9029.978
9031.867
9033.605
9035.547
9037.327
9039.061
9040.922
9042.721
9044.62
9046.319
9048.12
9050.001
9051.753
9053.999
9056.093
9057.999
9059.976
9061.815
9063.66
9065.508
9067.362
9069.345
9071.189
9073.031
9074.792
9076.742
9078.421
9080.226
9081.907
9084.093
9085.923
9087.785
9089.777
9091.602
9093.469
9095.203
9097.168
9099.151
9100.917
9102.835
9104.518
9106.632
9108.601
9110.662
9112.513
9114.56
9116.828
9119.123
9121.104
9122.948
9125.123
9127.107
9128.91
9130.801
9132.59
9134.244
9136.303
9138.012
9139.853
9142.152
9143.952
9145.917
9147.847
9149.967
9151.832
9153.621
9155.565
9157.513
9159.513
9161.312
9163.233
9165.005
9166.918
9168.876
9170.927
9172.893
9174.869
9176.89
9178.887
9180.855
9182.588
9184.339
9186.255
9187.986
9189.937
9191.691
9193.416
9195.15
9196.998
9198.714
9200.999
9203.299
9205.073
9207.052
9208.992
9211.082
9212.809
9214.655
9216.46
9218.392
9220.088
9222.041
9223.859
9225.708
9227.555
9229.407
9231.412
9233.704
9235.547
9237.403
9239.098
9241.085
9242.818
9245.083
9247.084
9248.783
9250.77
9252.487
9254.164
9256.125
9257.897
9259.863
9261.825
9263.633
9265.867
9267.812
9269.809
9271.792
9273.481
9275.223
9277.182
9279.276
9281.188
9282.938
9284.687
9286.536
9288.545
9290.352
9292.035
9293.917
9296.234
9298.233
9299.949
9301.699
9303.59
9305.397
9307.344
9309.344
9311.314
9313.31
9315.276
9317.016
9318.758
9320.66
9322.323
9324.628
9326.653
9328.64
9330.455
9332.338
9334.084
9336.007
9338.038
9340.118
9342.367
9344.3
9346.099
9347.988
9350.021
9351.749
9353.395
9355.065
9356.772
9358.893
9360.745
9362.427
9364.112
9365.884
9367.591
9369.239
9370.909
9372.567
9374.321
9376.023
9377.65
9379.388
9381.331
9383.021
9384.724
9386.402
9388.096
9389.902
9391.818
9393.498
9395.133
9396.847
9398.528
9400.23
9401.906
9403.581
9405.296
9406.967
9408.662
9410.433
9412.059
9413.757
9415.442
9417.527
9419.179
9420.89
9422.538
9424.256
9425.9
9427.852
9430.254
9431.986
9433.984
9435.865
9437.534
9439.242
9440.929
9442.613
9444.315
9446.099
9447.732
9449.376
9451.378
9453.198
9454.779
9456.479
9458.235
9459.894
9461.518
9463.239
9464.968
9466.658
9468.292
9469.936
9471.656
9473.338
9475.112
9477.021
9478.754
9480.449
9482.088
9483.78
9485.484
9487.151
9488.845
9490.974
9492.682
9494.513
9496.209
9497.909
9499.601
9501.287
9502.985
9504.657
9506.343
9508.167
9509.822
9511.442
9513.408
9515.1
9516.786
9518.483
9520.275
9521.96
9523.646
9525.323
9527.02
9528.704
9530.934
9532.606
9534.323
9536.012
9537.778
9539.692
9541.367
9543.067
9544.75
9546.447
9548.125
9549.859
9551.563
9553.26
9554.98
9556.703
9558.404
9560.057
9561.959
9563.68
9565.358
9567.429
9569.321
9571.019
9573.004
9574.722
9576.402
9578.123
9579.918
9581.764
9583.454
9585.164
9586.828
9588.84
9590.532
9592.23
9593.913
9595.911
9597.713
9599.371
9600.994
9602.712
9604.4
9606.063
9607.81
9609.475
9611.725
9613.413
9615.102
9616.856
9618.488
9620.257
9621.957
9623.646
9625.4
9627.231
9629.051
9630.928
9632.613
9634.612
9636.317
9637.983
9639.679
9641.378
9643.095
9644.744
9646.432
9648.146
9649.823
9651.66
9653.828
9655.5
9657.191
9658.884
9660.568
9662.266
9663.942
9665.629
9667.326
9669.038
9670.835
9672.533
9674.389
9676.073
9677.785
9679.463
9681.457
9683.166
9685.162
9686.867
9688.548
9690.545
9692.263
9694.198
9695.993
9697.897
9699.593
9701.274
9702.978
9704.642
9706.361
9708.033
9709.725
9711.408
9713.15
9714.854
9716.571
9718.467
9720.173
9721.856
9723.552
9725.243
9726.933
9728.614
9730.32
9732.015
9733.716
9735.848
9737.499
9739.375
9741.165
9742.849
9744.563
9746.431
9748.143
9749.828
9751.51
9753.22
9755.192
9756.874
9758.65
9760.306
9761.94
9763.64
9765.332
9767.022
9768.694
9770.442
9772.082
9773.786
9775.476
9777.17
9779.164
9781.168
9783.465
9785.148
9786.866
9788.58
9790.519
9792.199
9793.895
9795.577
9797.278
9798.971
9800.957
9802.643
9804.351
9806.057
9807.725
9810.027
9812.105
9814.036
9816.005
9817.75
9819.821
9821.715
9823.698
9825.734
9828.299
9830.683
9833.033
9835.831
9838.445
9840.879
9843.36
9845.795
9848.274
9850.977
9853.601
9856.206
9858.79
9861.327
9863.788
9866.572
9869.239
9871.843
9874.384
9877.299
9879.949
9883.214
9885.846
9888.667
9891.283
9894.227
9897.444
9900.391
9903.257
9906.312
9909.422
9912.121
9915.084
9918.17
9921.1
9923.717
9926.6
9929.533
9932.464
9935.43
9938.128
9940.903
9943.544
9946.107
9948.742
9951.426
9954.276
9957.64
9961.08
9964.876
9968.702
9972.7
9976.981
9980.225
9983.456
9986.07
9988.773
9991.383
9994.281
9997.131
9999.717
10002.333
10004.949
10007.636
10010.16
10012.771
10015.402
10018.065
10020.398
10022.918
10025.545
10028.148
10030.761
10033.106
10035.762
10038.273
10041.231
10043.918
10046.493
10049.71
10052.868
10055.484
10058.088
10061.009
10063.355
10065.669
10068.224
10071.164
10073.769
10076.376
10078.994
10081.459
10083.922
10086.517
10089.132
10091.532
10093.867
10096.348
10098.957
10101.868
10104.191
10107.096
10109.718
10112.112
10114.689
10117.028
10119.833
10122.447
10124.804
10127.368
10129.977
10132.601
10135.506
10138.132
10140.547
10143.053
10145.652
10148.101
10150.649
10153.166
10155.791
10158.387
10161.014
10163.405
10165.765
10168.257
10170.852
10173.545
10176.067
10178.466
10180.985
10183.27
10185.73
10188.198
10190.626
10192.946
10195.451
10197.774
10200.334
10203.301
10205.864
10208.233
10210.78
10213.204
10215.682
10218.295
10220.715
10223.008
10225.532
10227.933
10230.444
10232.891
10235.392
10237.778
10240.594
10243.296
10245.796
10248.193
10250.716
10253.159
10255.626
10258.254
10260.535
10262.652
10265.155
10267.539
10270.065
10272.48
10274.981
10277.616
10280.204
10282.502
10284.952
10287.445
10289.739
10292.125
10294.704
10297.268
10299.673
10302.162
10305.103
10307.702
10310.006
10312.629
10315.049
10317.53
10319.93
10322.442
10324.834
10327.377
10329.669
10331.973
10334.947
10337.497
10340.106
10342.109
10344.539
10347.043
10349.481
10351.937
10354.392
10356.884
10359.482
10362.072
10364.425
10367.013
10369.316
10371.682
10374.21
10376.597
10379.145
10381.496
10384.063
10386.355
10388.395
10390.358
10392.354
10394.691
10396.671
10398.632
10400.629
10402.643
10404.639
10406.637
10408.636
10410.618
10412.647
10414.606
10416.609
10418.612
10420.618
10422.633
10424.617
10426.6
10428.603
10430.588
10432.436
10434.37
10436.266
10438.269
10440.274
10442.26
10444.261
10446.253
10448.368
10450.554
10452.879
10454.876
10456.86
10458.702
10460.679
10462.697
10464.625
10466.542
10468.527
10470.374
10472.245
10474.219
10476.225
10478.224
10480.221
10482.348
10484.256
10486.186
10488.024
10489.939
10491.878
10493.895
10496.325
10498.218
10500.179
10502.168
10504.181
10506.157
10508.169
10510.177
10512.156
10514.172
10516.142
10518.161
10520.144
10522.154
10524.139
10526.139
10527.979
10529.837
10531.836
10533.821
10536.419
10538.433
10540.271
10542.428
10544.432
10546.427
10548.417
10550.408
10552.406
10554.415
10556.395
10558.381
10560.392
10562.483
10564.454
10566.376
10568.383
10570.373
10572.721
10574.707
10576.758
10578.666
10580.679
10582.652
10584.792
10586.728
10588.665
10590.642
10592.663
10594.649
10596.633
10598.635
10600.486
10602.637
10604.62
10606.616
10608.622
10610.63
10612.716
10615.241
10617.223
10619.219
10621.222
10623.208
10625.213
10627.204
10629.061
10631.005
10632.923
10634.88
10636.897
10638.879
10640.881
10642.881
10644.869
10646.878
10648.874
10650.699
10653.164
10655.159
10657.165
10658.991
10660.979
10663.143
10665.161
10667.145
10669.151
10671.127
10673.129
10674.957
10677.177
10679.132
10681.13
10683.126
10685.116
10687.115
10689.114
10691.125
10693.099
10695.112
10697.096
10699.085
10701.086
10703.083
10705.083
10707.081
10709.094
10711.087
10713.067
10715.064
10716.902
10718.745
10720.742
10722.744
10724.843
10726.765
10729.142
10731.046
10733.032
10735.027
10737.033
10739.036
10741.034
10743.024
10745.034
10747.017
10749.032
10751.002
10753.006
10754.995
10757.009
10758.99
10760.988
10763.013
10764.999
10766.985
10768.979
10770.981
10772.982
10774.987
10776.975
10778.976
10780.99
10782.966
10785.081
10786.995
10789.347
10791.283
10793.365
10795.577
10797.553
10799.564
10801.548
10804.199
10806.909
10808.834
10810.765
10812.764
10814.775
10816.762
10818.753
10820.554
10822.45
10824.448
10826.426
10828.223
10831.064
10833.037
10835.037
10837.038
10839.046
10841.04
10843.024
10845.056
10847.027
10849.007
10851.024
10853.025
10855.027
10857.311
10859.31
10861.297
10863.296
10865.342
10867.3
10869.291
10871.303
10873.295
10875.272
10877.276
10879.263
10881.263
10883.064
10884.965
10886.973
10889.304
10891.298
10893.252
10895.24
10897.257
10899.244
10901.235
10903.084
10905.224
10907.237
10909.24
10911.237
10913.234
10915.243
10917.53
10919.514
10921.531
10923.509
10925.504
10927.336
10929.281
10931.208
10933.195
10935.174
10937.177
10939.187
10941.194
10943.171
10945.478
10947.604
10949.475
10951.181
10953.171
10954.937
10956.84
10958.623
10960.524
10962.355
10964.543
10966.63
10968.359
10970.216
10971.969
10973.892
10975.612
10977.584
10979.405
10981.281
10983.278
10985.277
10987.273
10989.264
10991.268
10993.09
10994.981
10996.949
10998.78
11000.635
11002.428
11004.308
11006.122
11007.984
11009.983
11012.106
11013.997
11015.751
11017.806
11019.73
11021.457
11023.372
11025.068
11027.072
11028.78
11030.735
11032.716
11034.453
11036.242
11038.105
11040.418
11042.413
11044.179
11046.091
11048.103
11049.841
11051.765
11053.615
11055.459
11057.462
11059.517
11061.547
11063.58
11065.502
11067.437
11069.452
11071.442
11073.241
11075.119
11077.129
11079.12
11081.122
11083.115
11085.106
11087.119
11088.926
11090.793
11092.624
11094.546
11096.46
11098.482
11100.48
11102.46
11104.168
11105.875
11107.827
11109.653
11111.521
11113.536
11115.356
11117.197
11119.004
11120.893
11122.626
11124.37
11126.092
11127.957
11129.75
11131.657
11133.966
11135.719
11137.64
11139.384
11141.095
11142.846
11144.706
11146.48
11148.69
11150.468
11152.387
11154.38
11156.082
11157.829
11159.766
11161.769
11163.572
11165.441
11167.276
11169.14
11171.141
11172.951
11174.802
11176.57
11178.204
11180.025
11181.719
11183.564
11185.569
11187.553
11189.552
11191.558
11193.54
11195.536
11197.331
11199.245
11201.241
11203.232
11205.219
11207.06
11209.213
11211.217
11213.216
11215.214
11217.206
11219.191
11221.036
11223.201
11225.201
11227.028
11228.658
11230.384
11232.25
11234.268
11236.066
11237.951
11239.768
11241.626
11243.408
11245.309
11247.126
11249.117
11250.996
11252.767
11254.508
11256.381
11258.163
11259.862
11261.59
11263.434
11265.169
11267.143
11269.125
11270.89
11272.58
11274.513
11276.25
11278.501
11280.249
11282.015
11283.871
11285.564
11287.296
11289.024
11290.936
11292.612
11294.61
11296.433
11298.326
11300.306
11302.293
11304.154
11306.041
11307.986
11309.809
11311.69
11313.496
11315.39
11317.352
11319.364
11321.354
11323.417
11325.356
11327.421
11329.658
11331.658
11333.645
11335.64
11337.724
11339.624
11341.368
11343.386
11345.305
11347.122
11349.033
11350.984
11352.811
11354.752
11356.681
11358.506
11360.421
11362.101
11363.865
11365.755
11367.441
11369.137
11371.109
11372.815
11374.541
11376.288
11378.011
11379.672
11381.572
11383.293
11385.06
11386.766
11388.627
11390.628
11392.339
11394.044
11395.828
11397.7
11399.704
11401.465
11403.108
11404.767
11406.549
11408.448
11410.447
11412.447
11414.252
11416.128
11417.93
11419.612
11421.258
11422.939
11424.677
11426.389
11428.092
11429.953
11431.642
11433.643
11435.647
11437.626
11440.009
11441.946
11443.624
11445.466
11447.353
11449.295
11451.298
11453.111
11454.779
11456.433
11458.371
11460.368
11462.05
11463.816
11465.517
11467.198
11469.123
11471.11
11472.947
11474.798
11476.642
11478.488
11480.566
11482.495
11484.474
11486.487
11488.458
11490.302
11492.471
11494.262
11495.875
11497.828
11499.673
11501.53
11503.29
11505.222
11507.051
11508.895
11510.579
11512.278
11514.275
11516.282
11518.259
11520.302
11522.08
11523.966
11525.952
11527.966
11529.767
11531.946
11533.753
11535.627
11537.43
11539.328
11541.035
11542.796
11544.483
11546.168
11547.861
11549.511
11551.214
11552.909
11554.844
11556.816
11558.813
11560.812
11562.813
11564.815
11566.66
11568.344
11570.186
11572.192
11574.191
11575.961
11577.859
11579.89
11581.864
11583.876
11585.598
11587.54
11589.352
11591.291
11593.216
11594.907
11596.925
11598.629
11600.691
11602.626
11604.605
11606.595
11608.598
11610.574
11612.575
11614.281
11616.081
11618.036
11619.983
11622.262
11624.249
11626.262
11628.269
11630.247
11632.544
11634.232
11636.097
11637.933
11639.922
11641.661
11643.343
11645.093
11647.009
11648.831
11650.692
11652.374
11654.354
11656.074
11657.737
11659.477
11661.242
11663.113
11664.923
11666.8
11668.804
11670.562
11672.267
11673.991
11675.938
11677.877
11679.698
11681.86
11683.861
11685.614
11687.337
11689.238
11691.226
11693.265
11695.534
11697.309
11699
11700.667
11702.412
11704.284
11706.276
11708.068
11709.968
11711.697
11713.642
11715.392
11717.095
11718.865
11720.735
11722.402
11724.169
11726.113
11727.908
11729.8
11731.559
11733.311
11735.174
11736.905
11738.86
11740.844
11743.137
11744.829
11746.54
11748.239
11749.937
11751.736
11753.63
11755.322
11757.108
11758.966
11761.084
11762.959
11764.761
11766.644
11768.644
11770.467
11772.34
11774.402
11776.127
11778.333
11780.355
11782.329
11784.014
11785.703
11787.401
11789.085
11791.165
11792.862
11794.567
11796.233
11797.958
11799.84
11801.541
11803.53
11805.521
11807.607
11809.505
11811.207
11813.26
11815.19
11817.175
11819.19
11821.014
11822.885
11824.875
11826.663
11828.399
11831.155
11833.154
11834.944
11836.982
11838.855
11841.157
11843.462
11845.766
11848.673
11850.984
11853.29
11855.601
11857.72
11860.334
11862.5
11864.796
11867.109
11869.204
11871.404
11873.723
11876.077
11878.325
11880.425
11882.628
11884.927
11887.233
11889.541
11891.605
11893.836
11896.131
11898.149
11900.431
11902.427
11904.437
11906.133
11907.879
11910.213
11912.129
11913.93
11915.52
11917.194
11918.868
11920.574
11922.371
11923.988
11926.558
11928.259
11929.994
11931.66
11933.616
11935.607
11937.365
11939.3
11941.097
11942.99
11944.695
11946.993
11948.803
11950.437
11952.159
11953.866
11955.722
11957.751
11959.744
11961.434
11963.127
11964.846
11966.546
11968.294
11970.185
11972.008
11973.86
11975.551
11977.564
11979.33
11981.238
11983.27
11985.055
11986.914
11988.614
11990.303
11992.001
11993.681
11995.699
11997.78
11999.779
12001.664
12003.463
12005.364
12007.146
12009.051
12011.344
12013.08
12015.028
12017.021
12019.035
12020.803
12022.449
12024.504
12026.482
12028.474
12030.392
12032.398
12034.181
12036.069
12037.752
12039.455
12041.222
12057.268
12058.97
12060.641
12062.343
12064.054
12065.72
12067.418
12069.118
12070.83
12072.497
12074.26
12076.159
12077.927
12079.548
12081.266
12083.022
12084.927
12086.768
12088.591
12090.393
12092.289
12094.022
12095.99
12097.706
12099.783
12101.495
12103.182
12105.048
12106.745
12108.51
12110.425
12112.139
12113.938
12115.814
12117.549
12119.294
12120.991
12122.666
12124.33
12125.976
12127.94
12129.767
12131.663
12133.656
12135.364
12136.991
12138.99
12141.283
12143.287
12144.969
12146.682
12148.666
12150.359
12152.061
12153.778
12155.513
12157.175
12158.842
12160.565
12162.235
12163.937
12165.874
12167.565
12169.376
12171.079
12172.749
12174.427
12176.093
12177.987
12179.728
12181.411
12183.083
12185.069
12186.767
12188.475
12190.268
12192.149
12193.833
12195.517
12197.196
12198.897
12201.19
12202.878
12204.598
12206.272
12208.269
12210.263
12212.266
12214.259
12215.967
12218.045
12219.942
12222.236
12224.238
12226.053
12227.912
12229.755
12231.631
12233.367
12235.282
12237.053
12238.992
12240.975
12242.685
12244.682
12246.488
12248.429
12250.365
12252.339
12254.111
12256.046
12258.038
12259.782
12261.478
12263.235
12265.102
12267.1
12269.076
12270.772
12272.769
12274.617
12276.467
12278.459
12280.294
12282.132
12283.828
12285.512
12287.284
12289.051
12290.945
12292.886
12294.611
12296.278
12298.286
12300.024
12301.762
12303.643
12305.784
12307.451
12309.388
12311.047
12312.738
12314.493
12316.242
12318.09
12319.769
12321.484
12323.456
12325.222
12326.967
12328.839
12330.541
12332.54
12334.317
12336.215
12337.896
12339.605
12341.391
12343.267
12345.078
12346.958
12348.975
12350.784
12352.649
12354.422
12356.146
12358.033
12359.785
12361.749
12363.492
12365.468
12367.401
12369.406
12371.146
12372.914
12374.761
12376.756
12378.752
12380.773
12382.554
12384.284
12386.144
12388.135
12389.975
12391.833
12393.595
12395.239
12396.911
12398.597
12400.57
12402.36
12404.247
12406.046
12407.8
12409.626
12411.424
12413.153
12415.007
12417.097
12419.02
12420.719
12422.392
12424.11
12425.831
12427.468
12429.147
12431.134
12432.928
12434.82
12436.828
12438.589
12440.501
12442.238
12444.026
12445.89
12447.705
12449.409
12451.267
12453.062
12454.955
12456.752
12458.626
12460.938
12462.704
12464.448
12466.327
12468.302
12470.086
12471.991
12473.682
12475.41
12477.363
12479.36
12481.177
12482.885
12484.595
12486.441
12488.124
12489.829
12491.591
12493.508
12495.501
12497.314
12499.185
12501.187
12502.959
12504.907
12506.862
12508.646
12510.562
12512.38
12514.227
12515.923
12517.664
12519.689
12521.623
12523.601
12525.457
12527.32
12529.283
12531.29
12533.3
12534.967
12536.96
12538.967
12540.976
12542.713
12544.424
12546.358
12548.159
12550.051
12552.033
12554.03
12556.036
12557.805
12559.707
12561.466
12563.403
12565.189
12567.068
12568.774
12570.578
12572.446
12574.161
12576.179
12577.965
12579.835
12581.618
12583.658
12585.519
12587.216
12588.966
12590.664
12592.585
12594.565
12596.582
12598.358
12600.309
12602.092
12603.954
12605.691
12607.644
12609.373
12611.078
12612.77
12614.54
12616.208
12618.071
12619.768
12621.501
12623.254
12625.138
12626.959
12628.828
12630.826
12632.594
12634.809
12636.533
12638.607
12640.501
12642.502
12644.2
12646.011
12647.865
12649.596
12651.295
12653.043
12654.943
12656.94
12658.925
12660.938
12662.768
12664.643
12666.624
12668.609
12670.41
12672.304
12674.317
12676.303
12678.067
12679.983
12681.752
12683.676
12685.453
12687.359
12689.362
12691.359
12693.375
12695.159
12696.845
12698.714
12700.414
12702.109
12703.922
12705.782
12707.781
12709.517
12711.245
12712.939
12714.865
12716.572
12718.268
12719.99
12721.972
12723.766
12725.593
12727.599
12729.393
12731.299
12733.283
12735.085
12736.976
12739.008
12740.974
12742.965
12744.798
12746.642
12748.329
12750.089
12752.016
12753.83
12755.834
12757.785
12759.724
12762
12763.988
12766.013
12767.989
12769.987
12772.604
12775.239
12777.219
12778.976
12780.9
12783.208
12784.947
12786.659
12788.583
12790.314
12791.989
12793.671
12795.354
12797.075
12798.801
12800.49
12802.194
12803.935
12805.769
12807.48
12809.193
12810.888
12813.15
12815.521
12817.453
12819.133
12820.896
12822.622
12824.299
12826.196
12827.893
12829.593
12831.375
12833.29
12835.021
12836.74
12838.443
12840.122
12841.843
12843.743
12845.435
12847.14
12848.81
12851.095
12852.852
12854.536
12856.242
12857.981
12859.683
12861.54
12863.216
12864.938
12866.676
12868.417
12870.091
12871.789
12873.477
12875.166
12877.199
12878.895
12880.727
12882.451
12884.115
12885.841
12887.548
12889.221
12890.928
12892.62
12894.303
12896.036
12897.755
12899.474
12901.945
12904.331
12906.642
12908.842
12911.159
12914.384
12917.088
12919.306
12921.6
12923.708
12925.929
12928.304
12930.925
12935.573
12940.348
12944.179
12948.045
12951.279
12953.899
12956.175
12958.453
12960.754
12962.85
12965.082
12967.376
12969.681
12971.981
12974.112
12976.583
12978.883
12981.193
12983.498
12986.191
12988.412
12990.73
12993.021
12995.632
12997.944
13000.349
13002.567
13004.903
13007.209
13009.512
13011.757
13014.072
13016.376
13018.682
13021.02
13023.288
13025.89
13028.801
13031.104
13033.181
13035.1
13036.903
13038.818
13040.516
13042.597
13044.471
13046.207
13048.009
13049.941
13051.87
13053.859
13055.62
13057.541
13059.324
13061.237
13063.34
13065.222
13067.001
13069.205
13071.203
13073.015
13074.904
13076.886
13078.896
13080.884
13082.995
13085.315
13087.798
13089.862
13091.896
13094.11
13096.194
13098.442
13100.692
13102.758
13105.01
13107.308
13109.606
13111.655
13113.989
13116.221
13118.268
13120.235
13122.301
13124.65
13126.502
13128.501
13130.277
13132.181
13133.965
13135.861
13137.863
13139.664
13141.545
13143.546
13145.657
13147.609
13149.557
13151.579
13153.556
13155.355
13157.212
13159.055
13160.923
13162.689
13164.667
13166.588
13168.917
13170.903
13172.901
13174.699
13176.568
13178.584
13180.415
13182.256
13183.994
13185.746
13187.782
13189.642
13191.439
13193.329
13195.128
13196.997
13199.01
13201.025
13203.008
13204.988
13207.002
13208.806
13210.773
13212.695
13214.501
13216.366
13218.35
13220.137
13222.036
13223.852
13225.729
13227.463
13229.417
13231.229
13233.1
13235.1
13236.855
13238.79
13240.483
13242.269
13244.158
13245.958
13247.941
13249.845
13251.576
13253.552
13255.357
13257.241
13259.004
13260.901
13262.649
13264.429
13266.284
13268.068
13269.98
13271.676
13273.485
13275.466
13277.348
13279.133
13281.024
13282.819
13284.546
13286.397
13288.763
13290.698
13292.496
13294.386
13296.178
13298.076
13299.805
13301.774
13303.758
13305.458
13307.437
13309.288
13311.188
13313.139
13315.136
13317.137
13319.119
13320.873
13322.934
13324.799
13326.799
13328.616
13330.497
13332.581
13334.488
13336.481
13338.496
13340.492
13342.26
13344.176
13346.151
13347.898
13349.674
13351.657
13353.692
13355.539
13357.302
13359.22
13361
13362.899
13364.72
13366.895
13368.902
13370.72
13372.566
13374.567
13376.349
13378.281
13380.082
13381.977
13383.967
13385.77
13387.928
13389.727
13391.71
13393.674
13395.621
13397.623
13399.625
13401.925
13404.239
13405.989
13407.92
13409.9
13411.668
13413.587
13415.337
13417.267
13419.084
13420.969
13422.749
13424.644
13426.483
13428.348
13430.131
13432.013
13433.793
13435.713
13437.712
13439.713
13441.5
13443.379
13445.208
13447.075
13449.089
13451.091
13453.372
13455.671
13457.984
13460.3
13462.066
13464.049
13465.968
13467.743
13469.666
13471.364
13473.195
13475.048
13477.039
13478.843
13480.762
13482.551
13484.695
13486.496
13488.399
13490.443
13492.376
13494.391
13496.109
13497.872
13499.788
13501.558
13503.44
13505.437
13507.47
13509.771
13511.782
13513.737
13515.584
13517.423
13519.268
13521.102
13522.936
13524.816
13526.793
13528.797
13530.578
13532.494
13534.48
13536.226
13537.987
13539.86
13541.621
13543.533
13545.538
13547.54
13549.524
13551.536
13553.351
13555.216
13557.004
13558.886
13560.882
13562.62
13564.586
13566.378
13568.266
13570.255
13572.038
13573.965
13576.046
13577.946
13579.946
13581.926
13583.943
13585.925
13587.932
13589.919
13591.657
13593.625
13595.455
13597.291
13599.308
13601.053
13602.824
13604.755
13606.671
13608.488
13610.351
13612.18
13614.069
13616.13
13618.04
13619.859
13621.716
13623.712
13625.528
13627.714
13629.713
13631.711
13633.845
13635.813
13637.695
13639.695
13641.543
13643.383
13645.391
13647.175
13649.072
13651.07
13652.873
13654.735
13656.501
13658.431
13660.161
13662.113
13664.132
13665.905
13667.798
13669.633
13671.487
13673.481
13675.497
13677.302
13679.179
13680.929
13682.853
13684.844
13686.612
13688.558
13690.533
13692.324
13694.274
13696.277
13698.207
13700.204
13702.272
13704.207
13705.969
13707.909
13709.722
13711.568
13713.568
13715.563
13717.582
13719.381
13721.382
13723.375
13725.25
13727.041
13728.929
13730.997
13732.931
13734.743
13736.626
13738.609
13740.622
13742.403
13744.289
13746.092
13747.991
13749.804
13751.704
13753.679
13755.652
13757.653
13759.668
13761.467
13763.35
13765.067
13767.018
13769.033
13771.08
13773.015
13775.011
13776.845
13778.795
13780.711
13782.495
13784.377
13786.21
13788.075
13790.075
13791.842
13793.773
13796.173
13796.823