0
0.06582
0.1406
0.22236
0.22507
0.22407
0.25491
0.23724
0.26396
0.24208
0.25872
0.24099
0.20291
0.16294
0.16325
0.12939
0.08142
0.05341
0.0417
0.03999
0.02225
-0.03216
-0.048
-0.0637
-0.0228
-0.0649
-0.04024
0.00451
0.00701
0.01356
-0.00835
0.02035
0.01253
-0.00112
0.01124
-0.01254
0.00815
-0.01779
8.52254E-4
-0.02108
-0.03282
-0.0244
-0.05626
-0.03761
-0.07163
-0.04488
-0.01635
-0.03199
-0.02746
-0.05726
-0.04276
0.01225
-0.01356
0.00902
0.02974
0.10089
0.07898
0.0673
0.05141
0.08625
0.11298
0.09914
0.04711
0.06172
0.04993
0.0141
-0.02176
-0.02324
-0.06716
-0.06883
-0.11684
-0.12874
-0.09999
-0.10782
-0.12147
-0.13115
-0.09238
-0.08584
-0.08334
-0.04173
-0.01742
0.01902
-0.01727
-0.02932
0.0152
0.03951
0.07595
0.0538
0.04983
0.05192
0.04392
0.04803
0.038
0.0603
0.05027
0.03419
0.03226
0.01819
0.02231
-0.01399
-0.05432
-0.04616
-0.06023
-0.07633
-0.07423
-0.08022
-0.09226
-0.09623
-0.08404
-0.05771
-0.02935
0.02325
0.0314
0.02542
0.02953
0.0397
0.03977
0.02974
-0.00857
-0.02869
-0.0468
-0.03662
-0.05676
-0.04254
-0.03439
-0.04644
-0.08071
-0.07256
-0.07855
-0.07242
-0.06831
-0.0541
-0.03382
-0.01758
-0.04175
-0.04168
-0.01737
-0.02134
-0.00713
-0.01109
0.02332
0.02945
0.02548
-0.00677
-0.00468
0.00954
0.00961
0.0218
0.05622
0.04013
0.07253
0.0524
0.06864
0.05052
0.07283
0.05674
0.04873
0.05486
0.04282
0.03885
0.02882
0.03293
0.02897
-0.01944
0.00689
9.05262E-4
0.01108
0.00712
-0.00491
0.01537
0.00736
0.02158
0.02369
0.00761
-0.01048
-0.05889
-0.07498
-0.09106
-0.10108
-0.08484
-0.11911
-0.115
-0.08461
-0.08655
-0.06021
-0.00155
0.00863
0.01476
0.04312
0.05735
0.05339
0.0454
0.06769
0.07585
0.0739
0.07196
0.06195
0.06607
0.0298
0.02583
0.02389
-0.00431
0.01798
0.03826
-0.00409
-0.01209
-0.01
-0.00386
0.02248
0.06296
0.07112
0.0914
0.11975
0.12791
0.08758
0.08968
0.06551
0.07569
0.07173
0.04554
0.04561
-0.00683
-0.04715
-0.05112
-0.07327
-0.07319
-0.07917
-0.08111
-0.08709
-0.10116
-0.06674
-0.06868
-0.05043
-0.05035
-0.02806
-0.0502
-0.0784
-0.05408
-0.03784
-0.02766
0.00272
-0.01336
8.55235E-4
0.01305
0.01718
0.00917
0.05572
0.05782
0.00335
0.00343
-0.01064
-0.03077
-0.03674
-0.0205
-0.02851
-0.04056
-0.05058
-0.07878
-0.06456
-0.016
-0.03209
-0.03201
-0.05416
-0.05004
-0.09239
-0.08221
-0.06597
-0.05378
-0.0436
-0.00716
-0.04142
-0.01103
0.03956
0.076
0.08012
0.07616
0.05806
0.08237
0.06832
0.03809
0.0119
0.04835
0.05046
-0.01007
-0.01404
-0.02002
0.01036
0.05287
0.05084
0.04068
0.07295
0.0729
0.03648
0.0344
0.01212
-0.01015
-0.01223
-0.02845
-0.05679
-0.06493
-0.0367
-0.08726
-0.08934
-0.04293
-0.03491
0.01352
0.01347
0.00129
-0.0028
-0.0372
-0.0716
-0.10802
-0.05555
-0.04349
-0.04355
-0.02744
-0.01942
-0.02957
-0.02963
-0.01757
0.0147
0.0409
0.08327
0.0832
0.06699
0.05481
-0.00788
-0.00793
0.03847
0.05659
0.04239
0.05648
0.07056
0.04626
0.05024
0.02998
0.03589
0.05995
0.02341
0.00104
-0.00922
0.01082
0.01066
-0.00767
0.01439
-0.00397
0.02212
0.04214
0.02583
0.03577
0.04167
0.00515
-0.01927
-0.02346
-0.00343
-0.02986
-0.01184
-0.01401
-0.05662
-0.01841
-0.03675
-0.06317
-0.0189
-0.01704
-0.03134
-0.04765
-0.01953
-0.02575
-0.03399
-0.01394
-0.03026
0.02815
0.0704
0.06822
0.05998
0.09013
0.07583
0.03931
0.01087
0.01677
0.02469
0.0306
-0.01602
-0.06065
-0.05476
-0.01249
-0.04497
-0.03907
-0.01903
0.02728
0.03318
-0.00336
-0.01765
0.00845
0.01837
0.01822
-1.37833E-4
0.05425
0.05003
0.04785
0.02749
0.00916
0.02516
0.05528
0.07331
0.07315
0.04269
0.01627
-0.03643
-0.03254
-0.05493
-0.06722
-0.0391
-0.0433
-0.0657
-0.07799
-0.09027
-0.06215
-0.04412
-0.01802
-0.00809
0.01799
0.02996
-0.01061
0.01144
0.01533
0.00304
0.01095
0.02693
0.01261
0.0286
0.01027
-0.0202
-0.02846
-0.00843
-0.03283
-0.04309
-0.05135
-0.04544
-0.07388
-0.05384
-0.08834
-0.05617
-0.01795
-0.00197
-0.01426
-0.02454
-0.01058
0.00743
0.0315
0.05963
0.04533
0.03304
0.02884
0.00241
0.00425
0.03842
0.06047
0.08455
0.07429
0.06199
0.05172
0.06164
0.08772
0.06535
0.05509
0.03473
0.05679
0.06876
0.04032
0.03612
0.00158
-0.00262
-0.01086
-0.01507
0.00903
0.02508
0.05324
0.03892
0.01036
0.02017
0.03001
0.05803
0.06178
0.07364
0.06529
0.06099
0.06677
0.05437
0.0177
0.04169
0.07577
0.08355
0.10144
0.11731
0.1453
0.15906
0.1507
0.13626
0.16425
0.18213
0.19193
0.1694
0.18728
0.1951
0.1847
0.16218
0.15609
0.14812
0.17854
0.15439
0.18479
0.17481
0.15874
0.1548
0.13269
0.1328
0.14301
0.12897
0.10684
0.10492
0.10504
0.08494
0.07696
0.08312
0.06708
0.05102
0.05113
0.04517
0.06547
0.12819
0.11012
0.0981
0.10426
0.12054
0.13074
0.12882
0.15519
0.15732
0.17966
0.15551
0.12936
0.13149
0.16796
0.18626
0.19849
0.18446
0.18861
0.20689
0.19285
0.22529
0.25165
0.25579
0.28215
0.25801
0.20963
0.23397
0.2058
0.25035
0.22015
0.22631
0.17996
0.16793
0.18218
0.17621
0.19046
0.21278
0.17248
0.17865
0.1444
0.15258
0.16886
0.16289
0.163
0.18533
0.17331
0.19967
0.22805
0.23624
0.25049
0.21222
0.22242
0.2205
0.24888
0.29747
0.28142
0.27747
0.22505
0.22717
0.21515
0.22132
0.22344
0.21748
0.19535
0.13687
0.09052
0.07447
0.11903
0.13328
0.13137
0.14157
0.13965
0.14783
0.14591
0.15612
0.19259
0.19067
0.19482
0.17473
0.18291
0.14059
0.16494
0.20748
0.22375
0.24203
0.24819
0.21396
0.23022
0.24649
0.24457
0.23658
0.25084
0.19641
0.15004
0.17236
0.15832
0.14832
0.15853
0.13035
0.12843
0.11642
0.12056
0.1348
0.17732
0.20975
0.18358
0.17964
0.19793
0.22429
0.26075
0.24469
0.2448
0.26108
0.23695
0.22494
0.20685
0.2211
0.22121
0.22939
0.21333
0.17706
0.16706
0.20758
0.18747
0.21788
0.22203
0.208
0.2061
0.18398
0.13358
0.17005
0.19238
0.17027
0.1239
0.16037
0.15846
0.14645
0.17283
0.17698
0.21748
0.2297
0.19143
0.1875
0.25225
0.24629
0.2262
0.18589
0.2062
0.19418
0.19832
0.16004
0.16418
0.15822
0.17652
0.12814
0.1141
0.094
0.09815
0.08815
0.08017
0.08229
0.11875
0.14915
0.20582
0.16957
0.15958
0.2001
0.23859
0.25687
0.22465
0.25103
0.22488
0.21287
0.20086
0.16461
0.17886
0.21129
0.19729
0.17518
0.16519
0.15321
0.12302
0.13528
0.12733
0.12139
0.10738
0.11762
0.11372
0.11183
0.09985
0.13229
0.17285
0.19115
0.18926
0.20152
0.19762
0.20381
0.23019
0.22827
0.22433
0.22444
0.20435
0.2388
0.24902
0.22085
0.2149
0.20894
0.22924
0.19097
0.1931
0.24371
0.23977
0.27826
0.23594
0.22998
0.27655
0.28273
0.27476
0.25871
0.28912
0.31752
0.27925
0.34601
0.29965
0.27552
0.26957
0.25554
0.24959
0.27395
0.268
0.23981
0.19143
0.19355
0.129
0.16952
0.18781
0.15559
0.16176
0.16186
0.1458
0.15196
0.18036
0.18855
0.16038
0.17867
0.14847
0.13241
0.17898
0.18516
0.18325
0.23587
0.26022
0.22195
0.21398
0.26256
0.25256
0.23651
0.29723
0.26096
0.24692
0.2551
0.23298
0.22702
0.27156
0.28985
0.24954
0.26784
0.30431
0.26805
0.27623
0.29452
0.27645
0.24222
0.23424
0.23232
0.25061
0.25073
0.25082
0.22062
0.27124
0.27741
0.26539
0.31196
0.32823
0.33439
0.30419
0.26996
0.27611
0.25601
0.23995
0.21985
0.22804
0.20997
0.17775
0.18593
0.16785
0.19017
0.21048
0.2207
0.20666
0.2613
0.26748
0.26759
0.26164
0.23549
0.23964
0.25188
0.25805
0.27229
0.26835
0.26644
0.26251
0.24242
0.24455
0.27497
0.29124
0.30146
0.29147
0.27138
0.24927
0.22716
0.26363
0.21122
0.19113
0.15892
0.13883
0.12682
0.06431
0.06644
0.05241
0.06869
0.10516
0.10527
0.12963
0.1459
0.16824
0.19462
0.21088
0.26352
0.24545
0.25567
0.22547
0.25589
0.2459
0.22783
0.2138
0.22402
0.22007
0.21411
0.192
0.22241
0.21645
0.2408
0.22071
0.18647
0.22698
0.22102
0.20497
0.19498
0.21732
0.24773
0.21147
0.21359
0.22178
0.18351
0.22201
0.23424
0.25254
0.26881
0.28306
0.25893
0.2146
0.26724
0.26937
0.2109
0.21909
0.19294
0.17285
0.16323
0.13745
0.11772
0.11013
0.13686
0.103
0.07722
0.12214
0.14484
0.15946
0.14783
0.15033
0.19726
0.20179
0.22247
0.24315
0.28404
0.32896
0.31731
0.31577
0.36272
0.37128
0.396
0.348
0.34242
0.35098
0.2949
0.24082
0.24736
0.26603
0.25237
0.21643
0.20476
0.16682
0.18953
0.17385
0.12382
0.1445
0.14902
0.13132
0.0914
0.08177
0.03377
0.03627
0.0263
-0.0059
-0.01183
0.00648
-0.00954
6.94696E-4
-0.01735
0.01506
0.00451
0.01613
-0.01277
0.01692
0.02438
0.05207
0.06762
0.10539
0.09873
0.07589
0.07932
0.08074
0.06214
0.08594
0.06731
0.06687
0.07855
0.06801
0.04332
0.03076
0.04243
0.0481
0.0275
0.0614
0.04479
0.02608
0.07582
0.03264
0.03996
0.03718
0.04249
0.03161
-0.01762
-0.01029
-0.01308
-0.01383
-0.01459
-0.05171
-0.03833
-0.04918
-0.07822
-0.09111
-0.07976
-0.0704
-0.04287
-0.05165
-0.03617
-0.03892
-0.05585
-0.06066
-0.05331
-0.01367
-0.01645
-0.00715
0.02244
-0.00256
0.00471
0.00602
0.04362
0.05697
0.08641
0.06107
0.04784
0.03073
0.0197
0.00466
0.04819
0.04523
0.03017
0.0172
0.01232
-0.02296
0.00853
-0.00847
0.01897
0.01207
-9.78155E-4
-0.00788
0.01751
-0.00158
-0.00654
-0.0134
0.0039
0.01301
0.03837
0.04547
0.07274
0.09403
0.07087
0.04568
0.08925
0.03781
0.05318
0.04219
0.00516
0.00849
0.04409
0.03084
0.04025
0.05778
0.06512
0.05834
0.10401
0.08713
0.06601
0.0974
0.07626
0.04499
0.05227
0.02914
0.01052
0.00396
0.00151
0.01124
0.02094
0.03673
0.02014
0.01367
0.03548
0.03723
0.03757
0.03788
0.03617
0.03043
0.0065
0.00883
-0.02316
-0.0168
-0.00637
-0.03836
-0.03403
-0.01957
-0.00914
0.02142
0.00754
-0.01239
-0.00602
0.03464
0.0147
0.01294
0.02532
0.02358
-0.00444
-0.02235
-0.05038
-0.03393
0.0027
-0.00307
-0.00683
0.01971
0.03012
0.03847
0.03672
0.04712
0.03729
0.0113
-0.01263
0.00181
0.01219
0.02044
0.0287
0.02486
-0.00324
-0.04549
-0.03723
-0.00876
0.01164
0.0098
-1.18967E-4
-0.01608
0.0043
-0.03188
-0.00342
0.01695
0.01712
0.00721
-0.00676
-0.03486
0.00574
-0.01024
0.00812
-0.01595
0.00443
0.00259
0.0129
0.03934
0.00721
0.02354
0.04593
0.0259
0.03011
0.01817
-0.01196
-0.02997
-0.04797
-0.06594
-0.02535
0.01728
0.02149
0.03986
0.05619
0.06646
0.06719
0.09366
0.09576
0.11037
0.09432
0.01993
0.01576
-0.00605
-0.02608
-0.03809
-0.03967
-0.01931
-0.02324
-0.02112
-0.08164
-0.06936
-0.0147
-0.01023
-0.02623
-0.00596
-0.042
-0.05988
-0.08603
-0.11624
-0.08992
-0.05339
-0.03104
-0.05531
-0.08132
-0.05491
-0.06266
-0.04223
-0.02394
-0.03189
-0.00755
-0.03571
-0.01336
-0.04759
-0.06769
-0.03327
-0.03716
-0.02496
0.00347
-0.0166
-1.5138E-4
0.02019
0.02818
-0.01615
-0.03217
0.02639
0.02225
0.03054
0.01166
-0.01535
0.01816
0.03777
0.00473
0.02422
0.01341
0.04108
0.03025
-0.00483
-0.00959
-0.01038
0.02147
-0.0055
-0.02667
0.01712
-0.00786
0.02775
0.02096
-0.00399
0.0014
-0.02943
-0.04831
-0.06521
-0.07173
-0.06438
-0.07316
-0.08197
-0.08472
-0.08138
-0.07801
-0.07269
-0.00651
6.75197E-4
-0.00213
-0.01901
-0.04185
-0.03257
-0.01711
-0.02612
-0.0127
-0.0094
0.01613
-0.01286
0.01657
-0.00847
0.02921
0.05052
0.00716
0.01244
0.04792
0.06128
0.06043
0.03946
0.02657
0.02182
0.03688
0.04843
0.00124
0.00641
0.00753
-0.01101
-0.01092
-0.01083
0.03355
0.0194
0.03567
0.03791
0.01974
0.02354
0.03553
0.0111
0.03921
0.00864
0.00655
-0.03384
0.00226
-0.00591
0.00586
0.0116
0.05196
0.0479
0.08228
0.0233
0.03682
0.0485
0.04208
0.02334
0.00468
0.01233
0.00164
-0.00492
0.01472
-0.00802
0.02671
0.03055
0.04879
0.06272
0.07085
0.07469
0.06812
0.09828
0.08414
0.06805
0.07625
0.05835
0.02802
-0.02015
-0.02141
-0.01501
-0.00645
0.00148
-0.02442
0.00197
0.02743
0.02694
0.02316
0.02072
0.01733
-0.01055
-0.01116
-0.00741
0.00803
0.05863
0.0988
0.1129
0.11346
0.14556
0.20391
0.26428
0.31454
0.37288
0.42514
0.51781
0.53172
0.53351
0.53126
0.60173
0.64995
0.63558
0.66565
0.68761
0.70153
0.72351
0.65257
0.6786
0.6945
0.72457
0.69808
0.64936
0.64711
0.5984
0.60624
0.53732
0.50476
0.48837
0.49824
0.48181
0.46542
0.48135
0.44274
0.47684
0.50688
0.51874
0.5468
0.51221
0.50795
0.45519
0.4893
0.51533
0.49086
0.56941
0.54898
0.51844
0.50003
0.51797
0.55814
0.56599
0.57583
0.50692
0.50466
0.52261
0.48398
0.46959
0.4734
0.42266
0.38402
0.39591
0.40982
0.43989
0.46187
0.43336
0.41696
0.43694
0.43064
0.47688
0.513
0.51274
0.5044
0.48195
0.43929
0.45522
0.46307
0.48907
0.46258
0.47648
0.44999
0.46793
0.5101
0.50782
0.52981
0.51745
0.5051
0.50689
0.52282
0.53067
0.53444
0.51398
0.53392
0.48521
0.46881
0.45848
0.50471
0.52661
0.56465
0.50981
0.52973
0.54557
0.57758
0.53888
0.56684
0.58472
0.62681
0.6184
0.58578
0.56328
0.5953
0.56269
0.55833
0.51358
0.51725
0.5008
0.5286
0.48991
0.45716
0.46692
0.45045
0.43195
0.50234
0.49596
0.49564
0.51956
0.55763
0.53307
0.48833
0.5042
0.4857
0.50558
0.52345
0.43626
0.40159
0.46187
0.43934
0.42892
0.41042
0.43838
0.43402
0.50041
0.45772
0.48975
0.53993
0.55979
0.53121
0.51876
0.51851
0.53641
0.5422
0.56615
0.49922
0.53727
0.52282
0.50426
0.51404
0.53797
0.53765
0.50904
0.4784
0.46598
0.44748
0.44721
0.38829
0.37991
0.40788
0.41974
0.35881
0.35445
0.37639
0.35589
0.37783
0.37752
0.38331
0.41331
0.41501
0.37427
0.35983
0.39789
0.42994
0.48618
0.54243
0.53202
0.52766
0.55563
0.55935
0.57119
0.60523
0.64127
0.63692
0.60427
0.54739
0.50669
0.52054
0.53639
0.52595
0.54179
0.49098
0.47246
0.43376
0.41728
0.42706
0.40251
0.41432
0.45438
0.48834
0.51021
0.48969
0.50553
0.48701
0.51295
0.52881
0.5143
0.48771
0.49345
0.46076
0.38366
0.39748
0.38505
0.37261
0.4006
0.41444
0.43029
0.44011
0.47819
0.50818
0.51998
0.57626
0.49312
0.50898
0.48442
0.49016
0.43937
0.40673
0.37207
0.41419
0.39574
0.40759
0.35476
0.36859
0.42079
0.4467
0.42621
0.47037
0.48421
0.53036
0.53412
0.49347
0.47507
0.45261
0.48063
0.43393
0.42152
0.42125
0.36442
0.36416
0.35178
0.32526
0.39166
0.36912
0.43143
0.40889
0.44094
0.46487
0.47875
0.4906
0.47817
0.45159
0.4654
0.42469
0.42437
0.43216
0.46417
0.45377
0.41911
0.41675
0.44473
0.47876
0.52692
0.48618
0.48582
0.51176
0.48114
0.46471
0.46641
0.51664
0.49207
0.48772
0.48337
0.44067
0.44037
0.41585
0.42366
0.49407
0.50587
0.48536
0.46079
0.49482
0.49449
0.47194
0.49184
0.51172
0.52756
0.52724
0.48251
0.46599
0.47376
0.46135
0.45701
0.44457
0.46446
0.45808
0.48402
0.50595
0.47735
0.48715
0.51106
0.5309
0.54069
0.55855
0.58045
0.57404
0.58379
0.56933
0.56901
0.56465
0.51382
0.49331
0.42834
0.41594
0.39538
0.35874
0.33823
0.33997
0.33765
0.28682
0.26833
0.28617
0.30806
0.32189
0.31553
0.34752
0.38558
0.39134
0.39304
0.38872
0.42478
0.43663
0.43436
0.44221
0.4642
0.50438
0.47989
0.47765
0.48751
0.52765
0.5052
0.49285
0.50878
0.51864
0.46387
0.45959
0.44724
0.45307
0.44071
0.41826
0.39985
0.39759
0.43373
0.40521
0.38882
0.40677
0.43077
0.3962
0.36365
0.37553
0.38541
0.37304
0.42531
0.39073
0.40463
0.42054
0.4183
0.40437
0.42886
0.48761
0.50807
0.53246
0.52231
0.47621
0.46572
0.42627
0.41377
0.39485
0.35202
0.33823
0.2637
0.15869
0.12432
0.06929
0.02866
0.02416
0.04196
0.02162
0.02503
0.02471
-0.00572
-0.00632
0.01914
-0.00615
4.68091E-4
0.003
-0.0106
-0.00404
0.02277
0.01932
0.04205
0.09309
0.12188
0.14262
0.13304
0.12145
0.1361
0.14473
0.12503
0.09123
0.118
0.09633
0.06046
0.02262
0.01513
0.00554
0.04042
0.03286
0.02532
0.0238
0.02434
0.01272
0.00923
0.01176
0.04058
0.04919
0.04567
0.00376
-0.00379
0.01588
0.03555
0.03307
0.01037
0.00587
0.01347
-0.02538
-0.01172
-0.01623
-0.01064
-0.01723
-0.03385
-0.02424
-0.02066
-0.01306
-0.01554
-0.00996
0.01181
-0.05534
-0.02146
-0.00579
-0.00834
-0.02091
-0.03756
-0.01587
0.00184
0.01954
-0.01527
-0.02988
0.00199
0.01564
0.0172
0.01873
0.04043
-5.07512E-4
0.01298
0.00443
-0.0021
0.054
0.0515
0.04094
0.03036
0.00162
0.00114
6.75474E-4
0.07292
0.05824
0.0476
0.04506
0.02037
-0.008
0.01435
0.00236
0.04289
0.0612
0.05932
0.03321
0.02525
0.05165
0.02755
0.01355
0.05208
0.04412
0.02809
0.02418
0.01219
0.00425
-0.01785
-0.0056
-0.04587
-0.02554
-0.03752
-0.05961
-0.06757
-0.03108
-0.05519
-0.02274
-0.04079
-0.02248
-0.06478
-0.06465
-0.08068
-0.04822
-0.03597
-0.01361
-0.03368
-0.02143
-0.06372
-0.03329
-0.04124
-0.03102
-0.04907
-0.0348
-0.07507
-0.09311
-0.12935
-0.18376
-0.1796
-0.18351
-0.1753
-0.17113
-0.15282
-0.10219
-0.1061
-0.09568
-0.08925
-0.07878
-0.04817
-0.05187
-0.05762
-0.06928
-0.06266
-0.04398
-0.04951
-0.04092
-0.0303
-0.02373
-0.01917
0.01575
0.01222
0.05112
0.05566
0.04406
0.01022
0.00468
0.02539
0.02389
0.02845
0.01887
-0.00487
0.00979
-0.02002
-0.00938
-0.02099
-0.01644
-0.02393
-0.0476
-0.03289
-0.04038
-0.03173
-0.02515
-0.01656
0.00617
-0.03977
-0.0332
-0.04279
-0.06443
-0.07193
-0.08146
-0.08088
-0.04191
-0.01507
-0.04278
-0.08058
-0.05987
-0.05531
-0.03454
-0.00978
-0.00926
-0.02486
-0.00812
-0.00963
-0.05153
-0.04294
-0.0101
0.01876
0.04351
0.02787
0.02635
0.08749
0.10011
0.08851
0.07284
0.0855
0.10419
0.08249
0.06078
0.07341
0.08199
0.08454
0.02848
0.05123
0.05375
0.07649
0.06293
0.04331
0.07614
0.07868
0.03473
0.04941
0.02364
0.03436
0.02698
0.00547
-0.02819
-0.03351
-0.0328
-0.06442
-0.07988
-0.08118
-0.08451
-0.02521
-0.0528
-0.08641
-0.0432
-0.05259
-0.00944
-0.00673
0.03441
0.03721
0.06832
0.07305
0.02934
0.04217
0.04288
0.02538
0.01049
-0.01388
-0.012
-0.01004
-0.0082
0.00178
-0.02463
0.00153
-0.00471
0.01336
0.03948
0.08793
0.09575
0.09574
0.08345
0.09931
0.06494
0.0487
0.00422
-0.00806
0.00986
-0.00831
-0.00234
0.00974
-0.01659
-0.02269
-0.02683
-0.01677
0.00535
-0.02321
-0.02115
-0.02335
-0.05165
-0.08204
-0.1046
-0.08443
-0.07238
-0.10302
-0.09897
-0.08692
-0.02841
0.01802
0.03214
0.03002
0.02162
0.0236
0.02148
-7.32939E-4
0.06377
0.06574
0.03943
0.05557
0.02318
0.00897
0.02709
0.05334
0.06938
0.07944
0.08136
0.05597
0.05265
0.07328
0.06766
0.08018
0.10283
0.11162
0.08577
0.06606
0.05463
0.05754
0.04194
0.00794
-0.01982
-0.04369
-0.04522
-0.09936
-0.13935
-0.12682
-0.12232
-0.1317
-0.15557
-0.1571
-0.1204
-0.07952
-0.06699
-0.04836
-0.01568
0.03129
0.02356
0.02608
0.05275
0.09357
0.09195
0.08835
0.05479
0.03095
0.0152
-6.11904E-4
0.00798
0.03296
0.03774
0.04049
0.00284
0.0197
0.01601
0.00235
0.01078
0.01935
-0.00859
-0.05046
-0.07025
-0.09809
-0.12566
-0.11313
-0.10866
-0.0821
-0.03709
-0.00846
-0.04433
-0.00318
0.02579
0.00795
0.00644
0.01896
-7.47114E-4
0.01083
-0.01909
-0.0187
-0.03042
-0.00169
-0.01741
-0.06349
-0.05299
-0.01018
0.01042
0.05526
0.03747
0.03178
0.02815
0.00233
0.00272
0.02534
0.08032
0.07263
0.07708
0.06942
0.05364
0.03183
0.05854
0.07104
0.10376
0.09405
0.10455
0.07469
0.08719
0.07143
0.0597
0.07221
0.0726
0.07704
0.06334
0.00715
0.0217
-0.00418
-0.00175
0.02086
-0.00299
-0.01068
-0.03049
-0.0159
-0.05384
-0.04337
0.00148
-0.01227
-0.00379
0.02084
0.01114
0.06001
0.10485
0.12139
0.1521
0.18481
0.15692
0.16943
0.17589
0.16624
0.16662
0.16702
0.1371
0.12942
0.10966
0.07167
0.06397
0.0785
0.0668
0.06318
0.06762
0.05994
0.0341
0.04667
0.04913
0.03543
0.0338
0.05036
0.06696
0.09967
0.11624
0.08025
0.0746
0.07701
0.03902
0.00708
0.0297
0.04226
0.04314
0.01326
-0.01723
-0.0073
0.0434
0.0352
0.04509
0.07717
0.084
0.13994
0.17768
0.17908
0.2532
0.27103
0.31113
0.35727
0.42161
0.50412
0.55229
0.61863
0.5799
0.53111
0.56918
0.54665
0.58269
0.58435
0.55572
0.53924
0.48639
0.49013
0.47565
0.47734
0.50531
0.48883
0.55519
0.54275
0.53233
0.55222
0.58221
0.59603
0.56138
0.55702
0.57894
0.60689
0.60254
0.5093
0.48677
0.52685
0.51441
0.51207
0.50364
0.52753
0.56152
0.54303
0.58311
0.58276
0.64709
0.62656
0.63026
0.61581
0.63772
0.63537
0.58658
0.53576
0.55565
0.48261
0.50855
0.48198
0.53015
0.50963
0.50729
0.47869
0.48848
0.57303
0.56866
0.59865
0.60238
0.54146
0.54114
0.54891
0.51422
0.51996
0.53172
0.51929
0.49473
0.49236
0.46574
0.48563
0.5338
0.57188
0.52912
0.52477
0.54062
0.45138
0.46112
0.46279
0.44026
0.45004
0.45578
0.46759
0.40061
0.4205
0.45656
0.46229
0.4741
0.46165
0.48555
0.50747
0.52533
0.5129
0.49641
0.51024
0.54425
0.50755
0.49916
0.5251
0.55914
0.46993
0.51205
0.50162
0.49925
0.46456
0.45819
0.47201
0.46155
0.46524
0.49115
0.4464
0.51072
0.51041
0.50198
0.53196
0.54377
0.54345
0.47849
0.49231
0.44756
0.44926
0.48331
0.44661
0.4564
0.4076
0.44163
0.46758
0.51373
0.52149
0.49689
0.54305
0.51849
0.50404
0.51988
0.4812
0.50713
0.50476
0.50243
0.52431
0.54821
0.62059
0.59402
0.59976
0.61561
0.55469
0.54427
0.57224
0.49516
0.4908
0.37332
0.3831
0.26562
0.27136
0.27913
0.30103
0.37345
0.4095
0.39302
0.39271
0.38629
0.46881
0.41395
0.5247
0.50617
0.53212
0.48735
0.45674
0.43622
0.47227
0.53862
0.55043
0.58042
0.60637
0.64645
0.66429
0.69024
0.68992
0.71789
0.68928
0.66473
0.62603
0.59945
0.5951
0.59277
0.4773
0.47902
0.47869
0.44202
0.43561
0.46154
0.42482
0.42852
0.44437
0.44808
0.46591
0.47773
0.49357
0.49124
0.50506
0.44819
0.45796
0.51827
0.48764
0.52163
0.46673
0.49471
0.51055
0.47387
0.40688
0.46516
0.51939
0.5009
0.44604
0.41941
0.39078
0.40461
0.41642
0.41206
0.47841
0.48214
0.51617
0.51581
0.49126
0.54751
0.55326
0.5691
0.54652
0.52192
0.51955
0.51718
0.51485
0.45392
0.46165
0.48154
0.48526
0.54556
0.54928
0.60352
0.59711
0.60284
0.54798
0.57191
0.53524
0.54502
0.55275
0.56253
0.54404
0.57806
0.51714
0.53699
0.54674
0.53027
0.50369
0.55186
0.51921
0.55931
0.57112
0.5809
0.56644
0.61861
0.63644
0.64825
0.67824
0.73243
0.70585
0.70351
0.64862
0.59982
0.6096
0.59511
0.57459
0.50559
0.5214
0.54529
0.54498
0.57698
0.60491
0.58238
0.56587
0.58979
0.54098
0.54268
0.53224
0.55208
0.49722
0.50095
0.48044
0.47002
0.51613
0.52588
0.4488
0.47474
0.49463
0.50239
0.46971
0.50169
0.4428
0.43035
0.47448
0.46406
0.4981
0.57657
0.56212
0.47492
0.54326
0.54492
0.54866
0.60288
0.59041
0.53353
0.54533
0.4925
0.43157
0.4494
0.5299
0.48312
0.44038
0.42188
0.3549
0.37479
0.42094
0.36608
0.39607
0.37959
0.3712
0.38502
0.38265
0.41865
0.45265
0.48866
0.46406
0.42132
0.4412
0.40045
0.46681
0.44224
0.41163
0.36282
0.33823
0.33792
0.34569
0.39786
0.42785
0.45986
0.46358
0.44104
0.47104
0.47072
0.52091
0.49837
0.51018
0.53815
0.50344
0.50111
0.52908
0.54897
0.57693
0.57658
0.52774
0.52541
0.6059
0.57326
0.57698
0.55442
0.48942
0.43254
0.43828
0.46823
0.45984
0.4575
0.47128
0.44871
0.43426
0.36727
0.36696
0.39897
0.44915
0.43065
0.3697
0.39157
0.46803
0.54649
0.48759
0.53172
0.53747
0.55736
0.5873
0.57079
0.60074
0.58019
0.59403
0.53511
0.46005
0.45367
0.45942
0.47324
0.44461
0.43218
0.42782
0.4073
0.41708
0.40663
0.41234
0.36148
0.44395
0.4234
0.46951
0.50754
0.51729
0.5089
0.47827
0.486
0.48367
0.49343
0.55976
0.49077
0.48237
0.43155
0.45144
0.49558
0.50535
0.5353
0.52282
0.52046
0.50798
0.48141
0.50533
0.48683
0.5249
0.47005
0.45558
0.41079
0.42255
0.46866
0.46027
0.5145
0.50405
0.56233
0.54981
0.51919
0.52089
0.48623
0.53034
0.50981
0.48323
0.4708
0.47852
0.47417
0.42132
0.42501
0.47718
0.55363
0.60181
0.60751
0.61524
0.60483
0.57622
0.48496
0.45046
0.41609
0.41201
0.31702
0.24628
0.14119
0.06035
0.01186
-0.00595
0.01485
-8.92494E-4
0.02579
0.00397
0.02459
0.02303
0.03764
0.03406
0.04659
0.03691
0.01927
-0.00613
0.02504
0.01382
0.02284
-0.00456
0.02258
-0.02505
-0.03023
-0.02118
0.00807
0.00501
0.00195
-0.01134
0.00368
-0.01554
0.0035
0.0246
0.04196
0.03107
0.05857
0.03538
0.0365
0.04174
0.04095
0.03395
0.0593
0.03209
-0.00922
-0.03629
-0.00691
-0.01795
-0.01066
-0.02357
0.00995
0.0211
4.47358E-5
0.03761
0.04489
0.05204
0.11575
0.11279
0.06341
0.0626
0.03741
-0.00999
-0.0392
-0.03204
-0.05708
-0.06799
-0.03442
-0.07363
-0.06836
-0.02687
-0.02577
0.00965
0.01076
0.01586
0.01697
0
0.01321
-0.04421
-6.09725E-4
0.01766
0.00359
0.02589
0.02597
0.04019
0.07057
0.10095
0.09699
0.06273
0.09142
0.07768
0.04983
0.06036
0.05472
0.08944
0.10599
0.09631
0.03204
0.05869
0.08527
0.09195
0.07229
0.07285
0.08963
0.0943
0.05854
0.02879
0.01924
0.06431
0.05281
0.08979
0.05606
0.05458
0.03495
0.02547
0.00992
0.02461
0.04537
0.07428
0.05866
0.05922
0.06381
0.05425
0.06692
0.12404
0.1165
0.10295
0.09142
0.07185
0.03407
0.0246
0.02522
-0.00851
0.0082
0.01079
0.00533
-0.00213
-0.00554
-0.02514
-0.02054
0.04061
0.07954
0.06192
0.04227
0.07312
0.07981
0.07234
0.08097
0.128
0.17104
0.16357
0.12783
0.11431
0.13109
0.15394
0.13631
0.1106
0.09505
0.08961
0.04578
0.02008
0.04286
0.0273
0.04812
0.05481
0.06142
0.0741
0.08482
0.09958
0.11433
0.12699
0.11543
0.08979
0.12273
0.09709
0.09771
0.08823
0.08482
0.07333
0.07191
0.06242
0.05093
0.08386
0.07237
0.06491
0.0433
0.05201
0.03849
0.01488
0.0256
-0.0061
0.01068
0.02947
-0.01234
0.0105
0.00913
0.00975
0.02047
0.05543
0.08031
0.09508
0.13417
0.1146
0.10323
0.12204
0.1368
0.13945
0.14614
0.13062
0.11911
0.11969
0.10011
0.07852
0.0833
0.10821
0.11487
0.07467
0.08497
0.08719
0.08133
0.03911
0.03931
0.04557
0.05185
0.05003
0.00377
0.01811
0.02235
-0.00166
0.0349
0.04117
0.08381
0.04563
0.03373
0.03393
0.02001
0.03232
0.01837
0.06906
0.05712
0.00884
-0.00915
-0.02309
0.00944
0.03184
0.03808
0.05037
0.06066
0.077
0.07314
0.09758
0.12809
0.14849
0.16889
0.16505
0.15717
0.12907
0.11309
0.12538
0.07708
0.04496
0.07344
0.03728
-0.01302
0.00334
-0.00252
-0.00232
-9.74352E-5
0.0102
0.00637
0.02677
0.04515
0.00495
0.01121
0.07
0.02575
0.02393
0.00595
0.02636
0.06494
0.05504
0.08144
0.06735
0.0573
0.05937
0.03113
0.03724
0.009
0.00299
0.00709
-0.00902
0.01326
0.02543
0.02953
0.04574
0.07609
0.09432
0.10648
0.1328
0.17325
0.18542
0.17334
0.16127
0.13103
0.11896
0.09073
0.08068
0.0484
0.02421
0.04044
0.01422
0.01226
0.01635
0.02449
0.05484
0.1155
0.13374
0.12571
0.1702
0.18642
0.17839
0.16633
0.11789
0.11188
0.07758
0.06753
0.00293
0.00904
-0.00708
-0.03733
-0.03728
-0.03724
-0.01698
0.01741
0.01139
0.02558
-0.01275
-0.02887
-0.05306
-0.00453
-4.40576E-4
-0.03474
-0.02661
-0.02858
-0.03863
-0.04465
-0.02238
0.02616
0.07065
0.10706
0.08287
0.09706
0.14761
0.13958
0.14771
0.1619
0.14579
0.1418
0.09336
0.07725
0.07528
0.04098
0.02689
0.03906
0.0492
0.08158
0.07556
0.11601
0.11
0.12419
0.11818
0.10408
0.10413
0.11226
0.08403
0.06589
0.02352
0.03366
0.00745
0.00144
0.00553
0.0278
0.04603
0.08446
0.09259
0.11082
0.12904
0.14121
0.1251
0.17161
0.18176
0.18181
0.17176
0.12938
0.13146
0.10121
0.0952
0.07909
0.08318
0.10545
0.09337
0.11968
0.15003
0.16625
0.17237
0.17242
0.18661
0.15433
0.14831
0.1221
0.11406
0.0838
0.01718
-0.01106
-0.02919
0.01125
0.01736
0.01741
0.05584
0.07003
0.07816
0.08831
0.08229
0.10254
0.10259
0.10667
0.07439
0.03808
0.04004
0.0339
0.05403
0.09638
0.17106
0.25785
0.39515
0.5082
0.57883
0.69997
0.79687
0.92205
0.99268
1.06735
1.15818
1.18841
1.26914
1.24078
1.24676
1.31941
1.32337
1.3132
1.2707
1.25851
1.24227
1.27452
1.2805
1.19558
1.25005
1.22573
1.21353
1.20941
1.23761
1.27792
1.37684
1.43332
1.35648
1.34024
1.41087
1.37241
1.42486
1.36215
1.36612
1.40846
1.4003
1.36588
1.39005
1.4829
1.46666
1.4383
1.43822
1.41794
1.44009
1.38749
1.36115
1.38329
1.35291
1.34071
1.30225
1.31429
1.32432
1.29798
1.29184
1.28772
1.35633
1.31989
1.31576
1.27123
1.25094
1.22457
1.26287
1.23045
1.25662
1.26462
1.26453
1.24627
1.27851
1.28652
1.2925
1.27222
1.29032
1.25186
1.29623
1.30423
1.29406
1.31822
1.33228
1.30594
1.27152
1.26337
1.29359
1.27735
1.29748
1.25093
1.20843
1.17603
1.15373
1.11325
1.13338
1.11714
1.1817
1.16345
1.17347
1.17541
1.2117
1.24596
1.27821
1.27611
1.29624
1.30828
1.34255
1.30611
1.30401
1.33827
1.29577
1.24519
1.20471
1.21069
1.24294
1.27316
1.26703
1.2225
1.21636
1.24255
1.19197
1.15957
1.18979
1.19375
1.13711
1.13703
1.11474
1.14092
1.17721
1.21753
1.16897
1.21536
1.22538
1.23743
1.28987
1.31808
1.33618
1.36035
1.28552
1.23696
1.20456
1.19438
1.1034
1.17402
1.17395
1.16983
1.18389
1.10705
1.11303
1.18972
1.23813
1.28452
1.36323
1.40961
1.39943
1.38926
1.32251
1.30425
1.31428
1.26572
1.24746
1.23324
1.24124
1.1644
1.18452
1.20262
1.19851
1.26307
1.29936
1.35585
1.38001
1.35569
1.37582
1.3414
1.31506
1.31296
1.29268
1.27442
1.21778
1.23588
1.20954
1.23573
1.26999
1.24567
1.31428
1.34047
1.29999
1.22314
1.23519
1.33814
1.32392
1.2996
1.23084
1.23076
1.23674
1.14374
1.18406
1.21429
1.25663
1.23636
1.15547
1.13519
1.13713
1.12897
1.05617
1.04195
1.00753
0.96907
0.95283
0.96689
1.0557
1.06371
1.06969
1.07972
1.1463
1.21491
1.23302
1.32587
1.31771
1.30147
1.28119
1.21646
1.21235
1.21631
1.28896
1.24242
1.26659
1.27661
1.24017
1.28454
1.34103
1.38539
1.38329
1.37312
1.35082
1.29821
1.29814
1.24149
1.22929
1.23124
1.21298
1.19068
1.13807
1.16426
1.18236
1.20855
1.23473
1.24072
1.23458
1.21632
1.20816
1.1596
1.11104
1.15136
1.13512
1.16333
1.17538
1.16722
1.1833
1.22969
1.32658
1.35074
1.42138
1.4819
1.4596
1.44943
1.41702
1.37856
1.34818
1.35214
1.31166
1.2126
1.15999
1.12961
1.08509
1.07084
1.06468
1.07469
1.07662
1.08258
1.05622
1.08441
1.153
1.20342
1.18514
1.181
1.18292
1.2293
1.23526
1.29577
1.30173
1.31173
1.31367
1.25903
1.30337
1.32347
1.34356
1.36569
1.33731
1.31702
1.28661
1.24612
1.20764
1.23785
1.27816
1.22149
1.22947
1.18087
1.15048
1.13826
1.15836
1.16433
1.2006
1.25707
1.22667
1.21649
1.20831
1.14964
1.17986
1.19795
1.1918
1.11493
1.06636
1.03192
1.00354
0.99536
0.98921
1.00125
1.05368
1.05561
1.09187
1.16451
1.21693
1.23501
1.24906
1.27925
1.3135
1.32551
1.29713
1.34148
1.37371
1.38169
1.28057
1.33906
1.35309
1.3752
1.39125
1.34064
1.33043
1.36871
1.36254
1.36043
1.31386
1.32589
1.28741
1.24488
1.22458
1.20024
1.20823
1.18793
1.17772
1.14732
1.13511
1.12895
1.11674
1.12876
1.15289
1.18916
1.18098
1.17279
1.14038
1.11604
1.08565
1.0997
1.11577
1.16618
1.19438
1.22863
1.19623
1.2022
1.22231
1.2505
1.21202
1.22607
1.17547
1.16729
1.14497
1.07014
1.03977
1.04575
1.0679
1.09206
1.10006
1.17473
1.24536
1.27357
1.29975
1.28554
1.30162
1.31164
1.28934
1.27512
1.21646
1.2083
1.21429
1.13138
1.06464
0.94739
0.89883
0.78158
0.67241
0.61576
0.4965
0.43379
0.29634
0.14879
0.0679
0.03752
0.0233
-0.01314
0.00497
-0.00118
-0.0153
-0.02334
-0.02531
0.0313
0.06569
0.0718
0.07387
0.07373
0.06435
0.04289
0.04767
0.04234
0.05723
0.06808
0.06477
0.06955
0.07637
0.11751
0.11015
0.09474
0.10559
0.06389
0.05252
0.0573
0.01954
-0.0142
-0.03367
-0.04304
-0.07664
-0.05976
0.0117
0.01447
0.02934
0.05229
0.04491
0.04364
0.06858
0.06936
0.0539
0.05853
0.07544
0.02363
0.04863
0.09787
0.05617
0.07914
0.08589
0.09675
0.08873
0.09518
0.09557
0.07573
0.08013
0.05424
0.03643
0.07923
0.01901
0.01331
0.00966
0.00397
0.01243
0.02492
-0.00905
-0.01271
0.04221
0.01229
-0.02774
0.01909
0.04372
0.03601
0.05456
0.04687
0.02906
0.04762
0.0682
0.00998
0.01844
0.07134
0.06565
0.02967
0.026
0.01627
0.00656
0.02309
0.01336
-0.02666
-0.01618
0.00641
-0.00938
-0.04132
-0.01064
-0.03451
-0.02202
-0.00951
-0.0253
-6.87431E-4
0.04009
0.00613
-0.0238
-0.0638
-0.02911
-0.03277
-0.00412
-0.01586
-0.04983
-0.06764
-0.08746
-0.10325
-0.01196
-0.02169
-0.01727
-0.00882
0.0057
-0.00604
0.02666
0.04926
0.03549
0.02576
0.02008
-0.04015
-0.01352
-0.00505
-0.01882
-0.05481
-0.0423
-0.07224
-0.07186
-0.02098
0.02585
0.05452
0.07509
0.07547
0.09403
0.0843
0.10084
0.09919
0.09957
0.13025
0.09022
0.08454
0.05865
0.06105
0.0594
0.05977
0.03793
0.03629
0.04878
0.0532
0.02327
0.03376
0.03413
0.05874
0.0369
0.01707
0.01139
0.04409
0.05658
0.03473
0.01895
0.02539
0.01971
-0.00821
-0.03005
-0.0014
0.00504
0.0034
-2.66622E-4
-0.00595
0.00655
-0.00318
0.0174
0.02383
0.04846
0.04681
0.02296
0.04757
0.07622
0.07053
0.08909
0.08543
0.1262
0.11042
0.12494
0.14148
0.11761
0.12001
0.09008
0.05611
0.04841
0.02656
0.04916
0.03943
0.03779
0.03211
1.51725E-4
0.00861
0.00898
0.03967
0.0562
0.07476
0.07311
0.05733
0.0577
0.04798
0.0221
0.03661
0.03901
0.03332
0.04582
0.04822
0.04859
0.03684
-0.01531
-0.02907
-0.03476
-0.0364
-0.03198
-0.01343
0.00109
-0.03085
-0.03452
-0.02606
-0.02771
-0.00915
-0.00876
0.00374
0.0405
0.02675
0.04533
0.02553
0.05824
0.0748
0.0651
0.08974
0.06791
0.08851
0.05661
0.03478
0.03719
0.02958
0.06436
0.01026
-0.00743
0.01124
-0.01243
0.00622
-0.02966
0.02133
0.04204
0.05264
0.05308
0.05163
0.08042
0.06476
0.02492
0.02738
0.05611
0.08902
0.08146
0.06787
0.08052
0.08302
0.09569
0.0982
0.10879
0.14363
0.13604
0.14865
0.11884
0.11119
0.11967
0.08176
0.08426
0.04026
0.03671
0.02101
-0.01484
0.00592
0.00642
0.02508
0.05176
0.029
0.04871
0.04415
0.08408
0.128
0.14368
0.14717
0.13451
0.12987
0.13743
0.12275
0.15451
0.17009
0.13317
0.07195
0.04907
0.0323
0.05795
0.05729
0.03843
0.05002
0.04139
0.00852
-0.02237
0.01536
0.03487
0.00602
0.02091
-0.01067
0.01646
0.00313
0
0.00486
-0.00434
0.0166
-0.00282
0.02215
-0.00723
-0.00226
0.01876
0.00731
0.01214
-0.01926
-0.03264
-0.0016
-8.52204E-4
0.02612
0.00459
0.05381
0.0444
0.0331
0.0198
0.05294
0.09629
0.08295
0.08789
0.08846
0.07096
0.07376
0.0765
0.11156
0.13251
0.14134
0.12786
0.09608
0.09054
0.08115
0.06369
0.05431
0.06112
0.06186
0.01609
0.02268
0.01325
-0.00219
-0.00352
0.03143
0.02811
0.04493
0.07379
0.05635
0.0086
0.00115
-0.0288
-0.02628
-0.00304
-0.01171
-0.00426
-0.0028
-0.02965
-0.04441
-0.05305
9.67382E-4
0.02456
0.03207
0.04154
0.01906
0.0394
-0.00491
0.02955
0.16701
0.31256
0.48034
0.56326
0.70679
0.79982
0.95143
1.12527
1.26072
1.39213
1.45283
1.46101
1.43686
1.4713
1.50776
1.5321
1.58473
1.53836
1.53644
1.54259
1.59117
1.64986
1.66208
1.67429
1.61581
1.59772
1.55741
1.55751
1.57175
1.55569
1.54772
1.56603
1.552
1.57636
1.57244
1.58264
1.605
1.64956
1.65776
1.65384
1.61962
1.62579
1.55925
1.53109
1.51304
1.50912
1.5355
1.54572
1.47513
1.45707
1.46527
1.54418
1.53218
1.56666
1.59102
1.6073
1.59933
1.58329
1.55313
1.57143
1.57359
1.59189
1.51524
1.4891
1.52963
1.50956
1.4713
1.48758
1.47761
1.45957
1.47586
1.48607
1.45588
1.46611
1.49655
1.41385
1.44428
1.46058
1.49303
1.50325
1.4953
1.50755
1.47333
1.47143
1.47962
1.45549
1.494
1.49815
1.48413
1.45799
1.43589
1.48651
1.5028
1.509
1.50509
1.53553
1.55989
1.58626
1.57627
1.58649
1.55025
1.54028
1.498
1.46984
1.50432
1.57517
1.53086
1.51482
1.49272
1.48882
1.48287
1.52542
1.54976
1.59231
1.58234
1.56427
1.49573
1.51806
1.51211
1.49202
1.48608
1.47608
1.49842
1.50056
1.51884
1.53108
1.52513
1.54342
1.53545
1.52547
1.56399
1.58836
1.61273
1.5866
1.61299
1.57676
1.59507
1.62145
1.64179
1.62778
1.66629
1.62197
1.62816
1.60405
1.56982
1.53358
1.51956
1.52978
1.50163
1.48357
1.52208
1.5222
1.55464
1.51639
1.52458
1.55097
1.5127
1.56737
1.5372
1.5434
1.54353
1.55173
1.5256
1.52168
1.53392
1.57242
1.55436
1.61306
1.53642
1.55472
1.57504
1.6095
1.59749
1.63196
1.64622
1.64634
1.64444
1.65667
1.6871
1.74782
1.74188
1.71979
1.69972
1.69175
1.67571
1.65562
1.65778
1.63367
1.64996
1.60765
1.61989
1.59375
1.61811
1.57985
1.54764
1.54776
1.53174
1.52986
1.53402
1.5301
1.56457
1.51417
1.51023
1.51639
1.54881
1.56709
1.5793
1.58748
1.56333
1.56545
1.53323
1.51312
1.53948
1.55776
1.53564
1.53573
1.55199
1.53795
1.53603
1.55632
1.55238
1.57268
1.57277
1.54661
1.60529
1.63569
1.59134
1.58538
1.59356
1.57952
1.59376
1.60193
1.60405
1.56981
1.56386
1.5458
1.52975
1.5925
1.59462
1.60686
1.62112
1.57881
1.52236
1.54269
1.56906
1.60149
1.56324
1.53507
1.51093
1.51915
1.48898
1.49313
1.52353
1.55191
1.51564
1.5723
1.55624
1.56644
1.60694
1.62724
1.57683
1.59107
1.57298
1.58318
1.59742
1.63792
1.55519
1.57953
1.55943
1.55952
1.50103
1.53951
1.52547
1.55587
1.56809
1.59647
1.56424
1.5906
1.59474
1.61908
1.60705
1.64351
1.65775
1.66795
1.63774
1.61562
1.59147
1.57541
1.54116
1.54732
1.54944
1.51115
1.51125
1.46084
1.45488
1.49942
1.52174
1.55012
1.55425
1.57253
1.52011
1.52626
1.52636
1.54464
1.55484
1.54483
1.52473
1.51876
1.48654
1.523
1.53118
1.5636
1.56571
1.62642
1.64268
1.62459
1.61661
1.63691
1.65115
1.65932
1.6473
1.64538
1.63941
1.589
1.56486
1.51849
1.55293
1.58131
1.57133
1.55127
1.51908
1.48284
1.52942
1.52145
1.54176
1.5439
1.56018
1.56232
1.55434
1.5302
1.53435
1.53041
1.56285
1.5165
1.53882
1.57328
1.54916
1.56138
1.54734
1.58988
1.66677
1.67901
1.73773
1.76007
1.77839
1.77853
1.75039
1.72628
1.72238
1.70838
1.658
1.57125
1.54306
1.53912
1.54729
1.53931
1.55153
1.58193
1.64466
1.66293
1.69737
1.70555
1.78443
1.80271
1.86544
1.72412
1.59896
1.42936
1.27795
1.09622
0.93875
0.78733
0.6642
0.47642
0.32702
0.07661
0.01611
-0.00601
0.0062
-0.0139
0.00842
-0.0137
0.01872
-0.00946
7.38279E-4
-0.01532
0.01912
0.03538
0.0375
0.03793
0.04252
0.02284
0.04763
0.03403
0.07093
0.04925
0.06796
0.06648
0.11349
0.09383
0.08629
0.08279
0.08332
0.0374
0.04399
0.03646
0.03093
0.03349
0.00577
-0.03007
-0.04165
-0.06334
-0.0931
-0.11075
-0.09606
-0.13391
-0.15964
-0.1591
-0.1727
-0.16004
-0.17769
-0.15695
-0.15236
-0.15384
-0.13714
-0.12044
-0.08555
-0.05876
-0.06428
-0.06779
-0.05714
-0.06266
-0.03586
-9.46761E-4
0.04604
0.06272
0.0572
0.03148
0.00373
-0.00987
-0.01741
-0.03303
-0.02846
-0.04812
-0.06171
-0.07128
-0.05458
-0.03586
-0.02117
-0.0267
-0.01202
0.02085
0.01331
0.01993
0.0185
0.00292
0.00348
-0.00604
0.00669
-0.01295
0.01993
0.01647
-0.02134
-0.01672
0.00406
0.01473
0.02744
0.03407
0.0104
0.03118
0.04994
0.02223
0.07735
0.11833
0.10477
0.08919
0.07158
0.08226
0.07475
0.08745
0.04762
0.07244
0.07908
0.05541
0.04387
0.04445
0.07331
0.0759
0.06032
0.07504
0.09784
0.09639
0.09091
0.09956
0.09811
0.09061
0.11947
0.0554
0.0782
0.08686
0.06319
0.00316
0.01181
-0.02801
-0.04157
-0.04301
-0.0404
-0.05802
-0.02914
-0.03869
-0.05225
-0.04764
-0.01676
-0.03235
5.50004E-4
0.03143
0.04009
0.02452
0.03923
0.03173
0.02625
0.01267
0.02738
0.03806
-0.01389
-0.02946
-0.06298
-0.08652
-0.08771
-0.09909
-0.08819
-0.08343
-0.05042
-0.05982
-0.07325
-0.03416
-0.05366
-0.01659
0.01833
0.05129
0.07013
0.07487
0.07759
0.08839
0.077
0.11808
0.11479
0.11299
0.08256
0.02991
0.03382
0.03157
0.03945
0.06753
0.01486
0.043
0.02669
0.04069
0.08498
0.101
0.12914
0.08454
0.04198
0.058
0.02959
0.0436
0.04145
0.02314
0.05733
0.02686
0.04288
-0.00172
0.02036
0.04445
0.01199
-0.01038
-0.01051
-0.03492
-0.04319
-0.07165
-0.07996
-0.12058
-0.06424
-0.05837
-0.03427
-0.01223
0.03
0.06617
0.0559
0.04361
0.01716
0.05537
0.06331
0.03285
0.00241
0.00835
1.40155E-4
-0.01817
-0.01829
0.00984
0.0218
0.056
0.03561
0.04351
0.03929
0.0573
0.04502
0.06102
0.06286
0.04653
0.02011
0.00177
0.00767
0.02368
0.01141
0.06579
0.09392
0.07759
0.07339
0.07117
0.05688
0.04462
0.07679
0.06855
0.06234
0.0925
0.03378
0.00538
0.01533
0.00907
0.02506
0.08753
0.11767
0.10335
0.08498
0.05047
0.04425
0.1047
0.1207
0.10236
0.10015
0.08784
0.05534
0.06323
0.0691
0.079
0.13539
0.1433
0.08661
0.06828
0.11056
0.09427
0.1002
0.06573
0.05549
0.05536
0.08957
0.06519
0.05495
0.06896
0.07488
0.04848
0.07259
0.03205
0.05615
0.06005
0.05588
0.00323
-0.01508
-0.05157
-0.04361
-0.03364
-0.03175
-0.01977
0.00434
0.00624
0.00611
0.00395
0.03404
0.04601
0.08626
0.07401
0.07383
0.04336
0.01899
0.00875
-0.01159
-0.01171
0.00231
-0.00186
-0.00401
-0.01625
-0.01844
-0.03474
0.00351
0.01145
0.01535
0.02332
0.01309
-0.01735
-0.02959
-0.03376
-0.01976
-0.00775
-0.00789
-0.006
-0.01015
0.00588
0.00776
-0.02065
-0.01066
0.01346
-0.00486
-0.03124
-0.03339
-0.01938
-0.01548
-0.0136
-0.03191
-0.02192
0.04463
0.04545
0.03856
0.03341
0.03836
0.04132
0.03234
-0.02702
-0.01882
-0.01059
-0.01853
1.18202
1.16392
1.19632
1.20449
1.21062
1.1905
1.20876
1.17046
1.21499
1.22314
1.21312
1.23745
1.25167
1.22548
1.19121
1.1832
1.21357
1.19748
1.21776
1.17137
1.12902
1.09677
1.07462
1.03431
1.05459
1.0385
1.10323
1.08512
1.0953
1.0974
1.13384
1.16826
1.20066
1.19871
1.21899
1.23119
1.26561
1.22932
1.22738
1.2618
1.21945
1.16902
1.12869
1.13483
1.16723
1.19761
1.19162
1.14725
1.14127
1.16761
1.11718
1.08493
1.11531
1.11943
1.06294
1.06302
1.04087
1.18394
1.16584
1.19824
1.2064
1.21253
1.19241
1.21067
1.17236
1.21688
1.22504
1.21501
1.23933
1.25355
1.22736
1.1931
1.18509
1.21547
1.19938
1.21966
1.17327
1.13094
1.09869
1.07654
1.03621
1.05649
1.04041
1.10513
1.08702
1.0972
1.0993
1.13574
1.17016
1.20256
1.20061
1.22089
1.23309
1.26751
1.39278
1.40572
1.42817
1.38715
1.3736
1.36961
1.37934
1.36368
1.37131
1.36413
1.38128
1.4069
1.41982
1.39569
1.08684
1.11722
1.12133
1.06484
1.06492
1.04277
1.06911
1.10555
1.14603
1.09762
1.14417
1.15434
1.16654
1.21914
1.2475
1.26576
1.29008
1.21541
1.167
1.18628
1.16818
1.20058
1.20873
1.21487
1.19474
1.213
1.17469
1.21922
1.22737
1.21735
1.24167
1.25588
1.2297
1.19543
1.18743
1.21781
1.20172
1.222
1.17561
1.3749
1.34658
1.36479
1.34912
1.34192
1.36753
1.36351
1.35952
1.36714
1.35782
1.34853
1.353
1.39978
1.37038
1.38332
1.3952
1.40176
1.39986
1.23053
1.19626
1.18826
1.21864
1.20255
1.22283
1.17644
1.1341
1.10185
1.0797
1.03937
1.05965
1.04357
1.10829
1.09018
1.10036
1.18808
1.16997
1.20237
1.21053
1.21667
1.19654
1.2148
1.17649
1.22101
1.22917
1.21914
1.3764
1.34808
1.36629
1.35062
1.34342
1.36903
1.36501
1.36102
1.36863
1.35932
1.35004
1.35451
1.40129
1.37189
1.38483
1.3967
1.40326
1.40137
1.10343
1.13987
1.17429
1.20669
1.20475
1.22502
1.23722
1.27164
1.23535
1.23341
1.26783
1.22548
1.17505
1.13473
1.14086
1.17326
1.20364
1.19766
1.15329
1.14731
1.17365
1.12322
1.09097
1.12135
1.12546
1.06898
1.06906
1.04691
1.07325
1.10969
1.15017
1.10176
1.1483
1.15848
1.17068
1.22328
1.25164
1.2699
1.29422
1.21955
1.17114
1.13889
1.12888
1.03804
1.10883
1.1089
1.10494
1.11916
1.04246
1.0486
1.12544
1.17401
1.22055
1.29941
1.34595
1.33593
1.3259
1.25931
1.24121
1.25138
1.20298
1.18487
1.1708
1.17896
1.10227
1.12255
1.14081
1.13685
1.20158
1.23801
1.29466
1.31898
1.19147
1.17337
1.20577
1.21393
1.22006
1.19994
1.21819
1.17989
1.22441
1.23256
1.22254
1.24686
1.26108
1.23489
1.20062
1.19262
1.223
1.20691
1.22719
1.1808
1.13846
1.10621
1.08406
1.04373
1.06401
1.04793
1.11265
1.09455
1.10472
1.10682
1.14326
1.17768
1.21008
1.20813
1.22841
1.24061
1.27503
1.23874
1.2368
1.27122
1.22887
1.17844
1.13811
1.14425
1.17665
1.20703
1.20105
1.15668
1.15069
1.17703
1.1266
1.09436
1.12474
1.12885
1.07236
1.07244
1.05029
1.07663
1.11307
1.15355
1.10515
1.15169
1.16186
1.17406
1.22666
1.25502
1.27328
1.2976
1.22293
1.17452
1.14227
1.13225
1.04142
1.1122
1.11227
1.10831
1.12253
1.04584
1.052
1.12885
1.17742
1.22396
1.30284
1.34938
1.33937
1.32935
1.26277
1.24467
1.25485
1.20645
1.18835
1.17429
1.18246
1.10577
1.12605
1.14431
1.14036
1.20509
1.24153
1.29818
1.3225
1.29834
1.31862
1.28436
1.25818
1.25623
1.23611
1.21801
1.16153
1.17979
1.15361
1.17995
1.21438
1.19022
1.25898
1.28533
1.245
1.16831
1.18052
1.28363
1.26957
1.24541
1.1768
1.17689
1.18303
1.09019
1.13067
1.16106
1.20356
1.18344
1.10271
1.0826
1.08471
1.07671
-0.04019
0.00419
0.00817
0.02831
0.0242
0.02009
-0.00826
-0.01438
0.02141
0.02684
0.07473
0.12865
0.10976
0.09085
0.04567
0.03486
0.03627
0.0862
0.0957
0.12946
0.12482
0.102
0.07916
0.05432
0.082
0.0814
0.08283
0.08224
0.08165
0.07692
0.05398
0.00261
0.02801
0.03331
0.03868
0.04818
0.06371
0.06303
0.08063
0.08999
0.09343
0.0908
0.1084
0.06334
0.04254
0.02982
-0.01926
-0.00982
-0.00234
-0.01304
-0.04393
-0.05262
-0.07139
-0.08007
-0.05035
-0.05701
9.93276E-4
0.03474
0.05031
0.04971
0.03296
0.05647
0.05183
0.06134
0.07489
0.05813
0.09593
0.05896
0.04221
0.05374
0.08346
0.10104
0.08025
0.07764
0.10129
0.10877
0.1001
0.05708
0.06861
0.08417
0.06943
0.02238
0.03592
0.05148
0.08926
0.03413
0.0153
0.00462
0.03635
-0.00666
-0.01937
-0.04016
-0.03469
-0.0676
-0.08031
-0.10111
-0.06735
-0.04773
-0.04026
-0.04286
-0.02124
-0.02386
0.00787
-0.01695
-0.01148
-0.00601
-0.02277
-0.01123
-0.0381
-0.0084
-0.01101
0.00654
-0.00775
-0.01385
0.02449
-0.00384
0.02643
0.02234
0.0223
0.04044
0
-0.03241
-0.04663
-0.02651
-0.03669
-0.07718
-0.04898
-0.0733
-0.07338
-0.08155
-0.07961
-0.1201
-0.11816
-0.12835
-0.14661
-0.17093
-0.1589
-0.13272
-0.15502
-0.14298
-0.137
-0.13103
-0.07252
-0.03422
-0.0343
-0.01418
-0.01831
-0.02243
-0.04272
-0.03472
-0.05298
-0.07933
-0.10971
-0.10777
-0.1119
-0.10794
-0.12418
-0.08588
-0.11425
-0.12241
-0.14068
-0.1125
-0.09238
-0.10862
-0.10668
-0.09464
-0.09877
-0.06855
-0.07671
-0.02023
0.00999
0.02607
0.01589
0.03197
0.10461
0.09039
0.05192
0.02153
-0.01491
-0.01297
-0.02114
-0.03738
-0.0516
-0.05573
-0.05581
-0.08014
-0.09438
-0.08234
-0.06222
-0.06836
-0.10885
-0.11905
-0.15955
-0.12732
-0.13146
-0.12348
-0.15791
-0.14788
-0.13782
-0.12979
-0.11973
-0.08745
-0.11173
-0.08956
-0.11183
-0.08965
-0.12807
-0.1261
-0.12211
-0.14437
-0.1424
-0.16467
-0.16067
-0.1587
-0.15875
-0.12849
-0.14065
-0.12049
-0.15083
-0.13875
-0.05192
-0.02368
-0.0217
-0.02578
-0.01773
0.00445
-0.01983
3.27997E-4
0.01039
0.02853
0.03657
-0.01599
-0.03825
0.00211
-0.01813
0.02022
0.0222
-0.0243
-0.05667
-0.08701
-0.04058
-0.0386
-0.06895
-0.05687
-0.07307
-0.08119
-0.10143
-0.09744
-0.07323
-0.08135
-0.07331
-0.09557
-0.14005
-0.14615
-0.15023
-0.16037
-0.11597
-0.10591
-0.12817
-0.07568
-0.03532
-0.04143
-0.04753
-0.01122
0.00288
-0.02949
-0.01135
-0.0619
-0.07407
-0.08421
-0.09435
-0.13278
-0.10657
-0.13085
-0.13898
-0.1067
-0.06029
-0.08255
-0.03209
-0.04829
-0.05036
-0.05848
-0.07065
-0.07272
-0.01418
-0.01221
-0.04863
-0.06686
-0.05681
-0.05281
-0.04882
-0.03069
-0.02266
-0.02069
-0.047
-0.08543
-0.06124
-0.07341
-0.06133
-0.04926
-0.05334
-0.03116
-0.01505
-0.0151
-0.00101
0.03329
0.04941
0.02108
0.01497
-0.01336
-0.01745
-0.03164
-0.01554
-0.01356
-0.03785
-0.00154
-0.04199
-0.07032
-0.08855
-0.06435
-0.06844
-0.07658
-0.07057
-0.109
-0.11713
-0.10707
-0.11722
-0.11323
-0.08499
-0.03857
-0.00832
0.00375
0.02795
-0.0125
0.02381
0.02578
0.02573
0.01962
0.03573
0.05386
0.03361
-0.0028
0.00321
0.00518
0.07988
0.06569
0.03735
0.04741
0.01302
0.03317
0.03313
0.01691
0.06332
0.06124
0.01473
-0.01765
-0.03589
-0.01776
-0.04608
-0.03401
-0.08256
-0.11898
-0.13115
-0.13928
-0.107
-0.07473
-0.1172
-0.09706
-0.11934
-0.09919
-0.06085
-0.03868
-0.02862
-0.01857
-0.0267
-0.04089
-0.01063
0.0378
0.00543
0.02963
0.05988
0.03357
0.00928
0.02338
0.05767
0.00915
-0.00908
-0.00307
-0.00513
-0.00315
-0.00724
-0.01335
0.0068
0.03101
0.00672
-0.01353
0.02481
0.01668
-0.00154
-0.02785
-0.00365
-0.00369
0.03263
0.09117
0.16587
0.24663
0.34356
0.41423
0.51316
0.58782
0.69076
0.75734
0.81987
0.81979
0.8197
0.8883
0.91044
0.90632
0.93654
0.91625
0.90001
0.89386
0.90186
0.91996
0.90977
0.95615
0.8995
0.89538
0.91348
0.91743
0.94159
0.94353
0.96365
0.98578
1.00994
1.0543
1.01583
1.02585
1.05607
1.0378
1.04984
1.04168
1.06583
1.07989
1.0192
1.01911
1.02307
1.00682
0.97037
0.95009
0.93383
0.90343
0.93162
0.90325
0.86677
0.9475
0.94942
0.93113
0.97951
1.01575
1.0136
1.00541
1.00125
0.95268
0.9647
0.95247
0.91801
0.88961
0.91173
0.84697
0.82869
0.81847
0.83049
0.82835
0.87268
0.86651
0.88457
0.90062
0.92678
0.86002
0.94678
0.97093
0.9688
0.999
1.03927
1.03309
1.07541
1.0753
1.05094
1.01445
1.06485
1.00819
1.00202
1.01404
1.0099
1.00172
0.98947
0.96915
0.96499
0.98712
0.99511
0.99298
1.00904
1.02712
1.01895
0.97239
0.96018
0.97626
0.94182
0.93566
0.94769
0.98799
0.97982
1.01609
1.00792
1.03813
1.08248
1.06826
1.01968
1.02565
1.02758
1.01133
0.99103
1.02933
0.98883
0.98672
0.9644
0.94409
0.9258
0.92974
0.92358
0.93358
0.90315
0.88487
0.84841
0.84832
0.86437
0.87841
0.88034
0.91256
0.9266
0.93457
0.93447
0.98891
0.97265
0.97053
0.98256
0.97236
0.96217
0.97217
0.92764
0.94168
0.96382
0.9617
0.93131
0.97969
1.00789
0.98558
0.98145
0.98135
0.97116
0.99328
0.98713
0.98501
0.9526
0.9525
0.91807
0.91192
0.90172
0.88143
0.86518
0.90145
0.88925
0.88714
0.89513
0.92938
0.92929
0.96153
0.96547
0.97951
0.96933
0.9854
0.95298
0.98926
0.98311
0.9608
1.00111
1.02728
1.00294
0.98266
1.02297
1.06329
1.05915
1.05099
1.01858
1.00435
1.02446
0.9678
0.94548
0.94136
0.93925
0.86036
0.83401
0.82181
0.8197
0.81152
0.8478
0.85375
0.84356
0.84548
0.86961
0.91193
0.9381
0.96427
0.9884
1.01255
1.01445
1.00829
1.00415
1.03032
1.02418
1.02612
0.98361
1.00171
0.95514
0.96515
0.97717
0.98719
1.00125
0.97288
0.9768
0.95244
0.93215
0.95023
0.94204
0.96416
0.95394
0.93163
0.94164
0.92133
0.94951
0.97163
1.02608
1.04617
1.05211
1.05806
1.05392
1.08615
1.09009
1.08392
1.05752
1.0069
0.9563
0.91781
0.91974
0.91155
0.93569
0.95579
0.89509
0.88084
0.91506
0.94524
0.98756
1.00362
1.01362
0.97918
1.00131
0.98101
1.01121
1.02929
1.03727
0.99071
1.00679
1.00065
1.01471
1.01058
1.03474
0.98213
0.97599
0.90923
0.9253
0.90297
0.88873
0.86438
0.88247
0.89248
0.89844
0.86401
0.87403
0.8598
0.86982
0.90205
0.92216
0.97863
1.00682
1.02694
0.99049
1.00657
1.03881
1.06297
1.11743
1.14563
1.06675
1.06061
1.0504
1.03618
1.00781
1.00369
0.99552
0.96715
0.97717
0.94071
0.95275
0.987
1.00308
0.99694
0.98673
0.97857
1.01283
0.98446
0.99043
0.96813
0.99228
0.98008
1.00222
1.01223
0.98993
0.96358
0.94128
0.9634
0.99964
1.01974
1.07619
1.05992
1.04165
1.04156
1.00511
1.03936
1.07767
1.14021
1.12598
1.1158
1.08339
1.03482
1.06504
1.11546
1.08507
1.10317
1.10107
1.07472
1.03625
1.01394
1.00778
1.0218
1.04391
1.00542
0.95885
0.97085
0.995
1.02521
1.03321
1.02098
1.04514
1.03698
1.05911
1.04085
1.06703
1.07704
1.06281
1.08293
1.05053
1.03832
1.04026
1.05432
1.05221
1.03593
1.0318
1.01758
1.03364
1.03557
1.00518
0.99701
1.02924
1.04126
0.99269
0.99461
0.98037
0.98835
0.91957
0.8225
0.75777
0.64253
0.55152
0.45445
0.36547
0.30881
0.27438
0.20964
0.11662
0.09228
0.10229
0.05972
0.07781
0.09185
0.0857
0.07752
0.035
0.00259
-0.02175
-0.04205
-0.04821
-0.06046
-0.03229
0.00801
-0.01352
-0.02487
-0.02806
0.00302
-0.00423
0.04311
0.03177
0.03058
0.05358
0.07057
0.05719
0.054
0.0569
0.08194
0.0787
0.0795
0.08639
0.12757
0.14455
0.07664
0.04312
0.00955
0.02455
0.00521
-0.03027
-0.04767
-0.06099
-0.11474
-0.12807
-0.14347
-0.12848
-0.11758
-0.14304
-0.14433
-0.10313
-0.09828
-0.06518
-0.04415
0.00118
-5.93058E-5
0.00279
-0.00656
-0.02799
-0.00793
0
-0.00412
0.02408
0.0139
0.01584
-0.03071
-0.04696
-0.05511
-0.03095
-0.01487
0.01333
-0.011
0.00105
0.00298
-0.01326
-0.02546
0.04314
0.0572
0.05509
0.07723
0.08321
0.08111
0.08507
0.06681
0.04249
0.07675
0.0807
0.03213
0.0381
0.04003
0.00561
0.00149
0.00544
0.0296
0.02546
0.02329
0.01505
-0.00529
-0.00141
-0.00964
-0.02393
0.0042
0.00809
0.00794
-0.02656
-0.0247
0.00343
0.00126
0.03342
0.06557
0.06339
0.06322
0.02261
0.03406
-0.01508
-0.02786
-0.02247
-0.05749
-0.05808
-0.05872
-0.09779
-0.11657
-0.09094
-0.06737
-0.08413
-0.04637
-0.00455
0.01301
0.0023
-0.00458
-0.00608
-0.0126
0.00491
-0.00372
0.00169
0.00327
4.72716E-4
-0.01827
-0.01121
0.02854
0.01377
0.00101
0.00453
0.01995
0.03913
0.028
0.04912
0.07683
0.12843
0.14588
0.11412
0.11935
0.11163
0.11659
0.09501
0.0861
0.1288
0.13806
0.11635
0.06477
0.01872
0.03606
0.03255
0.02151
0.02929
0.03886
0.03219
0.02213
0.008
-0.0283
-0.01618
-0.03429
-0.04656
-0.04061
-0.03246
-0.03062
-0.03629
-0.04236
-0.07479
-0.07284
-0.0708
-0.04872
-0.01433
0.00593
0.01597
0.03825
0.06257
0.06243
0.0847
0.12923
0.12307
0.12899
0.0987
0.10924
0.08535
0.0922
0.08459
0.05648
0.05241
0.00983
-0.00841
0.00208
0.01631
0.01637
2.84847E-4
0.04075
0.00626
-0.02214
-0.01399
-0.02624
0.00802
-0.02445
-0.01646
-0.01631
0.00183
0.00191
-0.01645
-0.00438
0.01389
-0.00225
0.02795
0.01976
0.02992
0.01988
0.02803
0.02405
0.01603
0.03026
0.03213
0.03608
0.02201
-0.01248
-0.04685
-0.02866
-0.02055
-0.03084
-0.04904
-0.05731
-0.04891
-0.06099
-0.0791
-0.06083
-0.05673
-0.04677
-0.0792
-0.10327
-0.08819
-0.08904
-0.11442
-0.12352
-0.11018
-0.11332
-0.13459
-0.14178
-0.1348
-0.13604
-0.14907
-0.21093
-0.24067
-0.18963
-0.18693
-0.20451
-0.1756
-0.17678
-0.16401
-0.14124
-0.11444
-0.07952
-0.05061
-0.01967
-0.04729
-0.05679
-0.04809
-0.06765
-0.0549
-0.05227
-0.05568
-0.06718
-0.11497
-0.08814
-0.07937
-0.07067
-0.10828
-0.09148
-0.08292
-0.0641
-0.05742
-0.05477
-0.06009
-0.01714
-0.02054
-0.0058
0.02918
0.06418
0.0527
0.03714
0.02969
0.03572
0.02347
0.03345
0.04745
0.06954
0.08153
0.04706
0.0732
0.08519
0.1295
0.13947
0.13126
0.12305
0.14114
0.12081
0.09843
0.07814
0.07797
0.06572
0.04741
0.01899
-0.01742
-0.01963
0.00247
-0.02394
-0.03617
-0.03832
-0.07884
-0.07289
-0.07305
-0.08732
-0.1016
-0.06132
-0.04327
-0.02507
0.00908
0.02545
0.01119
0.04155
0.06611
0.06056
0.11561
0.14012
0.10792
0.12005
0.073
0.05948
0.05399
0.09519
0.11993
0.12643
0.09856
0.0424
0.01454
0.06554
0.06806
0.06244
0.04872
0.04313
0.01984
-0.00779
-0.02952
-0.01683
0.01801
0.02829
-0.02425
-0.05052
-2.97501E-5
-0.00611
-0.01824
-0.01018
0.00799
0.01404
0.02008
-0.00216
-0.01227
0.00185
0.00385
0.01394
0.07857
0.0826
0.10885
0.10884
0.08862
0.10477
0.11284
0.15929
0.16938
0.21584
0.18754
0.19359
0.25418
0.25619
0.25213
0.29454
0.31069
0.38139
0.45006
0.47228
0.4763
0.47023
0.45204
0.45001
0.44797
0.47625
0.46613
0.47218
0.42974
0.3671
0.37517
0.33274
0.35899
0.361
0.39533
0.42158
0.43369
0.41953
0.40538
0.45789
0.46596
0.44373
0.4619
0.49219
0.50834
0.51641
0.5063
0.50831
0.50021
0.56687
0.5608
0.57089
0.58704
0.59915
0.58903
0.5769
0.48598
0.47587
0.50414
0.51827
0.45765
0.42329
0.395
0.43135
0.54649
0.50809
0.50404
0.59494
0.61109
0.5929
0.60501
0.60701
0.6272
0.61911
0.609
0.4898
0.51201
0.5423
0.42916
0.415
0.38873
0.36246
0.33618
0.3099
0.30181
0.27554
0.28159
0.27955
0.27752
0.32195
0.32194
0.31789
0.34414
0.36433
0.37846
0.41481
0.44106
0.43095
0.40871
0.35012
0.34606
0.33797
0.35008
0.35209
0.35006
0.45712
0.4369
0.45305
0.46112
0.49343
0.51564
0.56816
0.57219
0.54389
0.64085
0.65094
0.53375
0.52364
0.47918
0.50543
0.4832
0.50743
0.61651
0.63064
0.6872
0.58415
0.58818
0.71948
0.79624
0.79825
0.79015
0.7861
0.79013
0.65476
0.61435
0.61636
0.66483
0.60017
0.46278
0.44661
0.46882
0.44255
0.57789
0.5698
0.52332
0.53745
0.46269
0.46672
0.53135
0.63841
0.58588
0.54748
0.56161
0.43635
0.47876
0.50703
0.50904
0.55549
0.51912
0.51304
0.37364
0.40393
0.42412
0.53117
0.52308
0.47256
0.44629
0.56749
0.56747
0.56544
0.59977
0.61996
0.65025
0.62599
0.53507
0.54314
0.71282
0.85423
0.93087
0.91671
0.77124
0.63588
0.59142
0.5409
0.59746
0.64189
0.69642
0.76106
0.7671
0.79942
0.74486
0.72666
0.71049
0.81553
0.83573
0.75693
0.75288
0.74075
0.73872
0.74881
0.7387
0.71848
0.75888
0.76493
0.65381
0.68814
0.68611
0.7063
0.70629
0.64972
0.63556
0.62343
0.64766
0.64765
0.63552
0.64763
0.59712
0.59105
0.68195
0.71022
0.73041
0.7102
0.66777
0.75462
0.77684
0.78491
0.81116
0.79095
0.79094
0.73234
0.72425
0.74848
0.78484
0.84341
0.71613
0.68582
0.65954
0.59489
0.65144
0.66759
0.59486
0.55444
0.50393
0.47563
0.49381
0.52006
0.48773
0.50994
0.53013
0.54628
0.56446
0.62707
0.65938
0.69573
0.69371
0.76036
0.78055
0.79267
0.80478
0.80679
0.76234
0.84919
0.84716
0.85322
0.82492
0.81279
0.70975
0.68348
0.67337
0.71578
0.7683
0.78041
0.65717
0.6208
0.60867
0.61068
0.64299
0.66318
0.64903
0.62074
0.57629
0.54799
0.53384
0.58232
0.57625
0.63684
0.66108
0.65501
0.6348
0.63681
0.63478
0.66305
0.70749
0.7196
0.68726
0.68725
0.6024
0.56602
0.6145
0.60843
0.61044
0.64073
0.65082
0.55182
0.59222
0.62251
0.62654
0.64067
0.65077
0.61035
0.66287
0.69922
0.72952
0.67496
0.70727
0.6406
0.62847
0.63048
0.63451
0.65874
0.64863
0.60014
0.56174
0.53749
0.54556
0.54555
0.57989
0.5617
0.55967
0.56168
0.56571
0.55156
0.6364
0.65861
0.66668
0.69495
0.70303
0.65857
0.71109
0.71108
0.72521
0.7151
0.73529
0.62215
0.608
0.62819
0.59586
0.5413
0.54129
0.44836
0.39986
0.34935
0.29277
0.20993
0.18568
0.13517
0.02607
-0.01233
-0.00628
-0.08709
-0.08104
-0.07297
-0.08914
-0.10329
-0.07502
-0.03261
-2.92063E-4
0.06435
0.09464
0.11079
0.19765
0.20572
0.21177
0.2259
0.24004
0.26427
0.25012
0.18748
0.17939
0.14706
0.13694
0.10461
0.09652
0.07631
0.10458
0.09245
0.0682
0.04597
0.09242
0.03585
0.04594
0.01967
-0.00662
-0.00869
0.01753
-0.04918
-0.0371
-0.0432
-0.01901
-0.00289
0.04152
0.07379
0.10405
0.11209
0.13225
0.112
0.15035
0.14626
0.14824
0.13002
0.09563
0.09559
0.08746
0.08742
0.11162
0.07319
0.08123
0.09129
0.09932
0.11342
0.10529
0.09515
0.09511
0.09506
0.11926
0.1071
0.1212
0.10297
0.08272
0.07864
0.04426
0.0725
0.08457
0.05423
0.01782
-0.02668
0.0056
0.00556
0.01763
0.01759
-6.37312E-4
0.00133
-0.02699
-0.05532
-0.05334
-0.06551
-0.04737
-0.07973
-0.08179
-0.11618
-0.12228
-0.11425
-0.08399
-0.05778
-0.03964
-0.04372
-0.03164
-0.02967
-0.00547
-0.02975
5.00806E-4
0.01662
0.06304
0.08926
0.06901
0.08512
0.12144
0.1113
0.09105
0.07687
0.09298
0.10304
0.10502
0.05245
0.03018
0.00792
-0.00223
-0.01844
0.0098
0.01178
-0.00241
-4.3073E-4
-0.01057
-0.0288
-0.05107
-0.09354
-0.03298
-0.03504
-0.02296
-0.03917
-0.04123
-0.02915
-0.02111
-0.02924
-0.02524
-0.00104
0.06558
0.03524
0.04327
0.01494
0.0149
0.05122
0.05724
0.03901
0.05109
0.07327
0.07525
0.01662
0.03071
0.03471
0.02457
0.03463
0.0164
0.03252
0.05874
0.0587
0.05057
0.05457
0.06059
0.05651
0.06454
0.08874
0.10082
0.07855
0.05022
0.04816
0.02388
0.02989
0.03388
0.04798
0.03784
0.03375
0.01351
-0.0027
-0.01486
-0.01491
-0.02303
-0.03115
-0.02716
0.00917
-0.00704
-0.00102
-0.01117
0.01505
0.03117
0.03113
0.03715
0.06539
0.11787
0.07136
0.04708
0.06925
0.07325
0.06916
0.05497
0.04281
0.07509
0.07101
0.04672
0.03859
0.07693
0.07285
0.05463
0.0667
0.06464
0.06662
0.08071
0.06451
0.08264
0.0826
0.06033
0.06231
0.06227
0.08445
0.06622
0.04396
0.05401
0.04993
0.04787
0.0357
0.03566
0.04773
0.03961
0.00118
-0.0029
-0.00699
0.05762
0.04747
0.03935
0.05345
0.0332
0.0372
0.02503
0.05327
0.08959
0.09157
0.08546
0.0531
0.05911
0.03483
0.07115
0.11959
0.09732
0.08515
0.07501
0.06284
0.06684
0.04861
0.05867
0.0465
0.04242
0.01005
-0.03646
0.01198
0.02002
0.03008
0.0361
-0.00233
0.00571
0.01173
0.01572
0.03992
0.02573
0.03377
0.0014
0.01347
0.00131
0.02147
0.06183
0.09815
0.10214
0.10614
0.09802
0.10606
0.106
0.12008
0.11597
0.09368
0.07139
0.04101
0.02075
-0.00558
-0.00969
-0.02592
0.00432
-0.00787
-0.0241
-0.01205
0.01212
0.03428
0.0625
0.04425
0.08054
0.09663
0.1107
0.07831
0.08835
0.10242
0.08417
0.07804
0.06181
0.08598
0.094
0.05353
0.05346
0.0534
0.04323
0.03306
0.01076
0.00262
0.02073
0.02067
-0.01172
-0.00775
0.01239
-0.01394
-0.01603
-0.02822
0.02827
0.02013
0.02006
-0.02647
-0.05482
-0.07711
-0.09132
-0.09947
-0.07529
-0.04304
-0.01483
-0.08156
-0.07558
-0.05746
-0.05349
-0.01719
-0.02129
0.00692
0.01898
0.01083
-0.02156
-0.02769
-0.00553
0.02066
0.04887
0.09122
0.09519
0.12543
0.1193
0.11519
0.12522
0.13324
0.12711
0.14926
0.10475
0.08043
0.05612
0.05605
0.07012
0.05996
0.06594
0.078
0.10016
0.15665
0.16063
0.21107
0.22716
0.20891
0.22905
0.2209
0.25921
0.2753
0.27726
0.24891
0.21248
0.19423
0.18609
0.184
0.17989
0.15557
0.11712
0.06251
0.018
0.00581
0.02191
-3.82557E-4
0.00964
-0.02679
-0.05514
-0.0249
-0.02295
0.0376
0.03753
0.04352
0.04951
0.04944
0.08371
0.08769
0.11388
0.12605
0.11281
0.13597
0.14274
0.21023
0.25199
0.23622
0.27675
0.28935
0.32013
0.35891
0.38964
0.36789
0.33193
0.29396
0.24551
0.19119
0.18155
0.10519
0.06317
0.02709
-0.00736
-0.02564
0.0086
0.03275
0.02862
0.07095
0.12339
0.12734
0.19998
0.21605
0.20585
0.20373
0.19152
0.23184
0.27417
0.27408
0.22753
0.2537
0.24148
0.23533
0.22715
0.26949
0.29162
0.30162
0.26314
0.19436
0.23063
0.27498
0.21832
0.25661
0.23026
0.25644
0.24221
0.26232
0.25617
0.2601
0.30648
0.33871
0.27801
0.26782
0.25763
0.26158
0.25745
0.2311
0.21484
0.25919
0.29546
0.29335
0.23468
0.27499
0.30519
0.28894
0.27269
0.30896
0.37352
0.41787
0.42788
0.36719
0.34286
0.33469
0.31236
0.27995
0.28996
0.34644
0.28978
0.24523
0.18453
0.17232
0.20859
0.20041
0.18416
0.20224
0.22438
0.24853
0.21813
0.26652
0.25633
0.30472
0.24604
0.20554
0.19131
0.23566
0.28405
0.24154
0.24145
0.23327
0.17863
0.20884
0.12997
0.1622
0.20857
0.22262
0.25486
0.2285
0.27285
0.24043
0.25853
0.30692
0.25027
0.3027
0.31674
0.28433
0.30646
0.27202
0.25374
0.24961
0.2576
0.26761
0.25136
0.25127
0.23704
0.22887
0.27726
0.26706
0.23262
0.23657
0.22436
0.23841
0.18377
0.16549
0.19569
0.23802
0.23793
0.19542
0.17714
0.2033
0.20321
0.24151
0.22323
0.26151
0.25132
0.22295
0.21478
0.18843
0.17621
0.17208
0.21038
0.24059
0.19808
0.24444
0.26051
0.2786
0.327
0.2865
0.34903
0.35903
0.3852
0.33259
0.28804
0.30411
0.26562
0.27361
0.2816
0.26939
0.27738
0.23082
0.25295
0.24882
0.20832
0.23247
0.23843
0.22016
0.18369
0.15733
0.18754
0.17735
0.19543
0.19332
0.18111
0.17292
0.18899
0.1707
0.16857
0.17251
0.24108
0.24503
0.24897
0.23674
0.21441
0.21632
0.26671
0.20802
0.24225
0.26235
0.24204
0.18132
0.13071
0.16494
0.15675
0.16472
0.13027
0.15238
0.20278
0.20671
0.19246
0.2368
0.26699
0.27294
0.23446
0.2283
0.2383
0.25437
0.24215
0.1956
0.17934
0.17924
0.13672
0.13865
0.17695
0.19907
0.21514
0.17262
0.17455
0.1987
0.23901
0.25912
0.30751
0.34379
0.32752
0.28298
0.26673
0.26866
0.35139
0.34928
0.3108
0.28645
0.26212
0.23981
0.23366
0.23558
0.26174
0.24549
0.23124
0.16649
0.21488
0.23702
0.25913
0.23884
0.22461
0.21239
0.2163
0.20607
0.23221
0.30885
0.30468
0.25405
0.24786
0.19524
0.18099
0.20915
0.25749
0.24726
0.26328
0.22276
0.1398
0.14977
0.16176
0.15558
0.16757
0.19772
0.1592
0.12473
0.12055
0.12648
0.18089
0.16863
0.18466
0.18655
0.17228
0.17217
0.19427
0.22245
0.22236
0.2162
0.20197
0.18369
0.20783
0.16936
0.15715
0.15099
0.15089
0.16292
0.10222
0.08192
0.10405
0.0979
0.07558
0.06336
0.11575
0.17423
0.19027
0.22248
0.16782
0.20002
0.19788
0.17958
0.19361
0.22783
0.23782
0.2074
0.13657
0.11222
0.11009
0.13019
0.11795
0.16835
0.1541
0.16409
0.17003
0.13961
0.15162
0.1899
0.20999
0.22402
0.234
0.22986
0.18733
0.22156
0.19518
0.18698
0.22727
0.2312
0.22705
0.21683
0.17024
0.14587
0.17
0.18605
0.15158
0.13127
0.09278
0.0846
0.08246
0.08033
0.11659
0.1286
0.1103
0.09402
0.11008
0.16048
0.19268
0.23298
0.20862
0.18023
0.18213
0.19616
0.21423
0.23029
0.24634
0.21795
0.18349
0.1753
0.1752
0.22763
0.25782
0.2658
0.26367
0.22316
0.29578
0.30173
0.29959
0.30553
0.32158
0.29925
0.30318
0.26467
0.2686
0.25232
0.28858
0.22583
0.20146
0.18315
0.16282
0.12836
0.1332
0.1029
0.11759
0.07647
0.0374
0.02288
3.39665E-4
0.01618
0.01591
0.02157
0.01519
0.0209
-0.02785
-0.00798
0.0283
0.02423
0.00169
-0.01852
-0.04509
-0.04334
-0.05122
-0.03302
-0.03712
0.00698
-0.00949
-0.01987
-0.00776
-0.01392
0.00829
0.02646
0.00778
0.0276
0.00505
0.03502
0.0286
0.02624
0.04409
0.02553
0.02514
0.06317
0.07502
0.07069
0.05826
0.10241
0.08593
0.10181
0.12774
0.07492
0.10087
0.12887
0.07606
0.05352
0.07339
0.08321
0.06272
0.04422
0.01363
-0.00888
0.02313
0.02892
0.01247
0.00811
-0.00429
0.0035
-0.01699
-0.03951
-0.02566
0.0023
0
-2.90069E-4
-0.01471
0.01236
0.02653
0.05224
0.00899
-0.0728