-0.13237
-0.0682
-0.12628
-0.03771
3.12702E-4
0
0.01211
-0.01289
0.00656
0.03969
0.05688
0.06017
-0.00466
-0.09126
-0.0369
-0.0725
-0.08665
-0.10501
-0.082
-0.09077
-0.13974
-0.16083
-0.17088
-0.13425
-0.08349
-0.13899
-0.11497
-0.09849
-0.05682
-0.05429
-0.05271
0.00388
0.0085
0.03351
0.03183
0.00355
0.02225
-0.01911
0.00515
-0.04883
-0.06293
-0.07752
-0.08837
-0.09113
-0.15724
-0.13729
-0.11044
-0.13367
-0.1261
-0.12382
-0.1157
-0.07326
-0.09244
-0.11688
-0.09442
-0.01965
-0.04509
-0.07714
-0.09399
-0.04374
-0.04095
-0.02977
-0.02876
0.0013
0.02686
-0.00522
-0.04638
-0.03882
-0.03555
-0.01176
-0.06428
-0.07201
-0.05028
-0.08151
-0.07394
-0.07921
-0.05771
-0.04129
-0.04204
-0.03718
-0.04247
-0.00174
-0.01235
-0.04087
-0.04788
-0.02289
0.00641
-0.02255
-0.00766
0.00471
0.00201
0.00759
-0.02499
-0.02443
-0.00673
0.02515
-0.01941
-0.05474
-0.02312
-0.08271
-0.10365
-0.0786
-0.0796
-0.08364
-0.0861
-0.10731
-0.13122
-0.09891
-0.09462
-0.09714
-0.07889
-0.06373
-0.06777
-0.05282
-0.07175
-0.05128
-0.06032
-0.08279
-0.12673
-0.13853
-0.14484
-0.16244
-0.15739
-0.12051
-0.15132
-0.11643
-0.12224
-0.08765
-0.07728
-0.07672
-0.04466
-0.01511
0.03319
0.02814
-0.02133
0.01104
0.03477
0.02315
0.05246
0.03154
0.028
0.00552
0.01741
-0.00553
-0.00173
0.01696
-0.01607
-0.00849
0.0299
0.0229
0.08982
0.11281
0.12398
0.09772
0.14024
0.12685
0.1059
0.14334
0.12644
0.06591
0.02348
0.03207
0.03743
0.00537
-0.00953
-0.03422
-0.03697
-0.02502
-0.03883
-0.05982
-0.04218
-0.04624
-0.04298
-0.08515
-0.06571
-0.09352
-0.12235
-0.10543
-0.11886
-0.11838
-0.07549
-0.0341
0.01513
0.00398
0.05042
0.07008
0.08419
0.0892
0.1066
0.12073
0.11239
0.0692
0.02825
0.02924
-0.01399
-0.038
-0.05493
-0.01882
-0.04307
-0.04235
-0.03025
0.00231
0.03333
0.05401
0.00953
0.06076
0.07284
0.06776
0.05232
0.09926
0.09139
0.10349
0.0936
0.06655
0.06322
0.05891
0.02402
-0.00959
-0.04549
-0.06572
-0.08748
-0.1226
-0.17489
-0.17821
-0.19061
-0.19065
-0.19876
-0.21821
-0.1589
-0.14504
-0.1322
-0.13855
-0.12343
-0.08862
-0.0826
-0.06242
-0.04753
-0.02383
-0.02385
-0.04634
0.00666
0.02607
0.06391
0.08838
0.06539
0.03152
0.05297
0.02845
0.0221
0.03469
0.02254
0.01948
-0.01134
-0.02274
-0.07606
-0.08569
-0.04557
-0.06426
-0.09258
-0.08731
-0.12497
-0.15127
-0.17706
-0.15108
-0.1635
-0.12135
-0.12719
-0.10677
-0.10756
-0.02047
-0.04346
-5.39519E-4
0.06234
0.06104
0.04535
0.02009
0.03597
0.10083
0.08668
0.08134
0.02853
0.06843
0.07474
0.05551
0.10699
0.11074
0.14076
0.14454
0.12661
0.10486
0.12452
0.10933
0.02975
0.0325
-0.01349
-0.04484
-0.04966
-0.03705
-0.05603
-0.06237
-0.08514
-0.11724
-0.07911
0.04964
0.06476
0.10967
0.11343
0.11667
0.08103
0.03832
0.00247
0.02023
0.05163
0.05632
0.00667
-0.00208
8.2849E-4
-0.00237
-0.00631
0.03953
0.08482
0.12155
0.15475
0.11347
0.07316
0.06037
0.02389
0.03383
0.05489
0.05326
0.01854
7.03091E-4
-0.01613
-0.03771
-0.04869
-0.05618
-0.04349
-0.02653
-0.03431
-0.03301
-0.0307
1.44017E-4
0.00296
-0.00736
0.00178
0.0397
0.04176
0.07084
0.08325
0.03254
0.02879
0.03261
0.01372
0.02083
0.03172
0.03303
0.01009
0.01619
-0.0118
-0.04357
-0.02611
-0.04451
-0.0485
-0.03685
-0.0358
-0.01405
-0.03118
0.01431
0.0487
0.03308
0.07024
0.12407
0.09734
0.13046
0.08858
0.06236
0.0677
0.05663
-0.02945
-0.02234
0.02265
-0.00433
-0.04495
-0.03228
-0.04259
0.03851
0.05925
0.07343
0.11564
0.18361
0.16042
0.07612
0.09762
0.11054
0.09063
0.07905
0.00965
0.06323
0.05595
-0.01598
-0.04347
-0.04975
0.0407
0.04655
0.06931
0.08905
0.06384
0.07574
-0.01108
-0.01281
0.04682
0.09712
0.09261
0.04921
0.0432
0.01218
0.01752
0.0312
0.03679
0.08834
0.05152
0.04954
-0.01658
-0.01276
-0.01069
-0.01091
-0.01263
-0.02295
0.01371
-0.00291
-0.03266
-0.01798
-0.05178
-0.01689
-0.00371
-8.981E-4
-0.00237
0.01434
0.02574
-0.00604
0.03693
0.0602
0.07993
0.10472
0.13557
0.12425
0.05384
0.05843
0.05064
0.04563
0.05678
0.03687
-0.0088
-0.00926
-0.02538
-0.07433
-0.02681
0.03889
0.06721
0.03493
0.04936
0.04284
0.02647
0.07449
0.08741
0.07457
0.05718
0.00369
0.02292
-0.00634
0.04345
0.01218
0.03141
0.01125
-0.01194
-0.03311
-0.02929
0.04475
0.06372
0.02563
0.03174
-0.01065
0.01843
0.01468
0.05386
0.07436
0.06379
0.09237
0.04847
0.03715
0.0983
0.15945
0.3206
0.42494
0.49619
0.57502
0.61624
0.66704
0.72693
0.81283
0.8457
0.87782
0.86751
0.84533
0.81507
0.80956
0.79925
0.7907
0.77231
0.7663
0.73931
0.829
0.8452
0.90761
0.92786
0.92209
0.91127
0.86636
0.8861
0.86493
0.85663
0.86501
0.83045
0.77923
0.67624
0.59017
0.5887
0.60414
0.61277
0.58578
0.65249
0.6048
0.59121
0.55614
0.57993
0.60926
0.62369
0.58939
0.56014
0.62407
0.6178
0.61657
0.61889
0.62701
0.62958
0.61422
0.59709
0.58855
0.58859
0.57373
0.56064
0.55083
0.4842
0.53676
0.5118
0.4573
0.47931
0.45056
0.47737
0.47791
0.4532
0.41815
0.45758
0.49651
0.46245
0.50138
0.5292
0.531
0.52297
0.46341
0.42734
0.47258
0.45191
0.42847
0.43078
0.43006
0.38818
0.41928
0.37159
0.40421
0.40223
0.47045
0.43514
0.49326
0.51552
0.48804
0.47924
0.50453
0.50078
0.50511
0.48773
0.48777
0.43553
0.45299
0.35228
0.30889
0.32433
0.35847
0.35523
0.35628
0.36364
0.36065
0.33569
0.35088
0.33779
0.41232
0.43105
0.45736
0.46952
0.4789
0.47692
0.51787
0.55882
0.57604
0.60259
0.59228
0.56707
0.57014
0.59366
0.59749
0.62202
0.61727
0.55241
0.54563
0.6088
0.59596
0.62984
0.60892
0.56679
0.5292
0.47975
0.44973
0.48588
0.54829
0.58369
0.60671
0.65371
0.67219
0.71894
0.79297
0.77533
0.81427
0.79815
0.74466
0.71743
0.64802
0.57937
0.50845
0.50142
0.49969
0.46539
0.5081
0.50512
0.52586
0.57338
0.63251
0.68179
0.74244
0.74653
0.72813
0.7509
0.79336
0.78053
0.79218
0.84525
0.82888
0.8009
0.81634
0.7924
0.81162
0.82454
0.77837
0.74029
0.75421
0.72092
0.69899
0.65332
0.66473
0.6582
0.63678
0.66283
0.66211
0.67679
0.69855
0.67435
0.63449
0.60701
0.6025
0.56012
0.51066
0.53519
0.52816
0.53679
0.57167
0.57449
0.59398
0.68998
0.72614
0.74714
0.73379
0.80505
0.78615
0.74705
0.76452
0.73678
0.73582
0.77298
0.76369
0.72182
0.74534
0.72646
0.66009
0.61241
0.68039
0.65292
0.63478
0.60378
0.57807
0.55085
0.52767
0.53656
0.58889
0.66722
0.72737
0.72843
0.71283
0.72525
0.7907
0.76321
0.75947
0.81254
0.81814
0.87096
0.8811
0.90665
0.89104
0.9032
0.92344
0.90833
0.91166
0.94679
0.88294
0.83324
0.75197
0.70579
0.67604
0.65512
0.62284
0.59915
0.6103
0.65353
0.65483
0.78189
0.85188
0.85571
0.85979
0.83383
0.82932
0.8829
0.87562
0.81455
0.77595
0.74367
0.71719
0.73971
0.80389
0.7956
0.82039
0.85427
0.83738
0.85788
0.85716
0.786
0.75801
0.70224
0.65531
0.56722
0.58847
0.63119
0.61735
0.66663
0.70354
0.71242
0.77534
0.7923
0.80597
0.81182
0.80101
0.7311
0.67103
0.61627
0.5653
0.48857
0.49568
0.47224
0.48541
0.48166
0.4413
0.49917
0.58734
0.62501
0.66899
0.71297
0.75165
0.78982
0.82067
0.84849
0.86368
0.88367
0.90492
0.79941
0.78303
0.80858
0.77301
0.80007
0.83092
0.84435
0.85979
0.85604
0.84118
0.87607
0.91803
0.89358
0.84917
0.83911
0.79496
0.77176
0.74933
0.68523
0.63451
0.64263
0.56742
0.55383
0.54806
0.53321
0.55598
0.60249
0.58233
0.62201
0.66498
0.69028
0.71961
0.74945
0.76743
0.80863
0.80186
0.78498
0.73957
0.70325
0.66087
0.61217
0.60994
0.56984
0.57392
0.5775
0.54497
0.55865
0.51349
0.54636
0.57418
0.60352
0.64017
0.66194
0.68218
0.63248
0.62671
0.63307
0.6417
0.67457
0.68269
0.67087
0.62243
0.66262
0.63388
0.62356
0.68118
0.69663
0.72647
0.71413
0.72832
0.73694
0.75137
0.79031
0.73606
0.72221
0.76063
0.72709
0.71501
0.67263
0.70196
0.70251
0.63664
0.62961
0.67738
0.67742
0.72494
0.74872
0.72932
0.76093
0.83218
0.81202
0.78454
0.82019
0.80609
0.71295
0.72083
0.71557
0.67773
0.7058
0.70686
0.6872
0.72942
0.7532
0.77218
0.73687
0.74828
0.7463
0.70443
0.67316
0.67093
0.67754
0.70687
0.71222
0.7807
0.83756
0.92826
0.95759
0.9344
0.99859
1.02767
1.01206
0.97624
0.91164
0.86219
0.74203
0.61935
0.61333
0.64645
0.6869
0.65689
0.66072
0.6754
0.65979
0.60403
0.56316
0.56522
0.5736
0.50294
0.46005
0.41893
0.32731
0.28215
0.26073
0.24233
0.28833
0.29645
0.27276
0.27078
0.23345
0.20647
0.1555
0.19064
0.14271
0.0978
0.04835
0.04258
0.04793
0.08055
0.05862
0.05437
0.07209
0.1032
0.07849
0.12071
0.12681
0.14706
0.14988
0.13628
0.11032
0.11592
0.11899
0.07837
0.07462
0.08881
0.05754
0.05329
0.12353
0.10817
0.09584
0.11634
0.11386
0.09471
0.05435
0.02459
0.04661
0.06736
0.04417
-0.01236
-0.00979
0.00616
-0.00364
1.90916E-4
0.03231
0.04775
0.05739
0.02031
0.03247
0.03756
0.0467
0.02881
0.00587
0.01879
-0.01626
-0.05309
-0.02527
-0.0131
-0.00674
-0.02918
0.01329
0.03152
0.05606
0.04804
-0.00795
-0.00512
0.04291
0.04751
0.03443
0.02842
0.01913
-2.65429E-4
-0.03128
-0.06229
-0.01022
0.01306
0.02675
-0.0073
-0.04184
-0.00492
-0.0122
-0.04396
-0.02952
-0.00977
0.00139
0.01937
0.05225
0.07049
0.11171
0.12414
0.08959
0.14142
0.1748
0.14834
0.15369
0.15753
0.13862
0.12351
0.13164
0.13221
0.18351
0.21233
0.18864
0.19929
0.19251
0.16074
0.12316
0.11993
0.13539
0.08544
0.07615
0.01458
0.00251
-0.00324
-0.00697
0.04106
0.04329
0.06136
0.01189
-0.0189
0.00674
-0.01811
-0.00316
-0.02355
-0.00909
-0.00195
-0.04608
-0.03818
-0.07878
-0.05523
-0.06704
-0.05612
-0.02145
-1.75439E-4
0.036
0.0515
0.00892
-5.89126E-4
0.01969
0.05009
0.00574
0.03185
-0.00315
0.00981
0.01117
-0.02308
-0.05076
-0.00523
0.02745
-0.00985
-0.02088
0.00471
0.0313
0.04957
-0.01549
-0.04748
-0.04461
-0.0776
-0.09042
-0.08251
-0.08874
-0.07879
-0.05748
-0.1016
-0.12751
-0.10999
-0.10207
-0.07117
-0.02488
-0.00812
-0.03824
0.0262
0.06499
0.03432
0.04632
0.09953
0.08403
0.10737
0.08758
0.00943
0.03071
0.03943
0.01635
-0.03704
-0.00986
3.66546E-4
-0.02231
0.02531
-0.02486
-0.03757
0.02245
-0.00794
-0.00928
-0.03464
-0.02186
-0.02374
-0.05391
-0.07735
-0.08533
-0.04562
-0.04219
-0.02212
0.0018
-0.01623
-0.01031
0.01576
-0.00293
0.0293
0.02502
0.00517
-0.00864
0.03328
-0.01503
-0.02801
0.00558
0.05347
0.02383
0.04064
-0.04331
-0.01301
-0.01976
0.00942
-0.02762
0.05047
0.05463
0.0608
0.02072
0.00614
0.02236
0.08835
0.11418
0.12709
0.11558
0.10959
0.06754
0.029
-0.00351
0.015
0.02037
-0.00684
-0.00247
-0.0327
-0.07759
-0.04798
-0.02013
-0.01628
0.01309
0.02781
0.06403
0.13103
0.15504
0.12607
0.09761
0.16027
0.14539
0.11996
0.09805
0.06505
0.05985
0.04498
-0.01454
0.00169
0.00453
-0.00755
-0.04283
-0.08467
-0.06895
-0.04865
-0.01912
-0.01501
-0.05072
-0.03552
-0.0468
-0.03788
-0.02619
-0.03976
-0.01723
-0.06167
-0.10555
-0.11355
-0.14084
-0.14304
-0.13312
-0.16335
-0.17414
-0.1314
-0.11089
-0.14061
-0.06511
-0.04352
-0.05125
-0.06608
-0.06049
-0.07023
-0.06486
-0.07381
-0.07595
-0.09228
-0.06695
-0.09262
-0.0779
-0.08867
-0.06023
-0.06389
-0.07791
-0.02801
0.03374
0.04196
0.04437
0.02482
0.04769
0.04128
0.04568
0.0653
0.02631
0.01785
-0.0353
-0.05887
-0.08699
-0.06133
-0.02103
-0.06684
-0.04067
-0.05893
-0.05802
-0.04829
-0.01987
-0.00938
-0.01909
-0.00759
-0.04027
-0.0833
-0.03973
-0.04262
-0.0329
-0.03529
0.04592
0.03218
0.04471
-0.0034
0.02372
0.04985
0.10301
0.06751
0.01712
0.06295
0.08275
0.04448
0.04485
1.16192E-5
0.04886
0.01008
0.05665
0.02647
0.0238
0.06002
0.03262
-0.00641
-0.05125
-0.03851
-0.02527
-0.00875
-0.02505
-0.07846
-0.04779
-0.05399
-0.06373
-0.02321
-0.04709
-0.01491
0.00668
0.02421
0.00261
0.03404
0.05713
0.01306
0.02907
0.06454
0.12551
0.28522
0.47901
0.5862
0.64365
0.76143
0.86988
0.98666
1.14233
1.30684
1.43348
1.6182
1.68548
1.6808
1.70717
1.81284
1.93998
2.02065
2.0392
2.08932
2.17352
2.21176
2.08359
2.04532
2.05631
2.10414
2.14516
2.04906
2.00119
2.01569
1.98424
1.84622
1.83017
1.82397
1.93191
1.9088
1.89932
1.83907
1.79499
1.8201
1.88159
1.95192
1.98435
1.90896
1.87927
1.766
1.81636
1.78996
1.80421
1.88362
1.9062
1.83763
1.8145
1.81639
1.90816
1.91181
1.91194
1.81886
1.81064
1.87666
1.85203
1.78725
1.75959
1.70212
1.6727
1.68821
1.75221
1.81874
1.86456
1.85305
1.80746
1.77651
1.7794
1.88127
1.93391
1.96232
1.9233
1.932
1.86797
1.9004
1.90885
1.95165
2.02878
2.02384
1.9242
1.90084
1.9401
1.97229
1.94538
1.92605
1.89409
1.98208
1.97386
1.92801
1.94657
1.99846
2.10263
2.02395
1.98265
1.932
1.9955
1.9709
1.90238
1.83888
1.86781
1.89599
1.86735
1.78165
1.86008
1.85291
1.94827
1.96484
1.99402
2.02193
2.04127
2.02625
1.98878
1.99246
2.02395
1.98394
2.06801
2.04542
1.98705
1.99908
2.03761
2.0072
2.05912
2.09589
2.07837
2.03079
2.11428
2.07958
2.04942
2.0642
2.02117
1.95011
1.97097
1.88476
1.82431
1.92573
1.94482
1.94952
1.93149
1.91422
1.89593
1.98091
1.97145
2.0524
2.09018
2.1517
2.08897
2.0669
2.03571
2.06438
2.07915
2.10455
2.0274
2.05407
2.05649
2.03874
2.02526
2.06607
2.07885
1.99946
1.92437
1.86719
1.86759
1.87201
1.79616
1.77535
1.85555
1.86249
1.79345
1.74386
1.81723
1.84843
1.92937
1.9025
1.89632
1.94747
1.96252
1.89097
1.85879
1.89
1.99872
2.07867
2.09675
2.03452
2.02735
2.0371
2.00417
1.94572
1.99005
2.07077
2.06713
1.94531
1.85178
1.83121
1.94575
1.98731
1.98848
2.06086
2.02237
2.01823
1.97545
1.9246
1.97652
1.94485
1.92075
1.93935
2.00721
2.06117
1.98809
2.00213
1.94093
1.98679
2.09577
2.0414
2.01328
2.0599
2.02522
1.89255
1.90912
1.92417
1.91548
1.91385
1.89481
1.83611
1.8615
1.8821
1.89412
1.89427
2.01714
1.90693
1.91642
1.91001
1.99274
1.92949
1.92055
1.92272
1.99231
2.02021
1.9951
1.85509
1.881
1.9261
1.99041
1.92868
1.94119
1.90977
1.96168
1.97924
1.9031
1.883
1.92125
1.92617
1.87224
1.86859
1.85584
1.86581
1.91064
1.83576
1.7725
1.84535
1.88263
1.91838
1.91046
1.97296
1.95998
1.98763
1.94912
1.91518
1.98099
2.02761
2.00932
1.9567
1.99118
2.0431
2.01369
1.99087
1.99077
2.03991
2.08552
2.09501
2.04189
1.97287
2.02075
2.02343
1.94931
1.94795
1.99303
1.95405
1.94511
1.95965
1.88377
1.83517
1.88607
1.90993
1.98002
2.05012
2.02881
2.01886
2.09806
2.14947
2.11428
2.17655
2.20776
2.11624
2.07675
2.01805
1.99802
2.01888
1.98694
1.95653
1.92815
1.91618
1.86305
1.95007
2.01687
1.99859
2.00833
2.05597
2.08694
2.07497
2.04861
2.07654
2.08959
2.11475
2.0841
2.11077
2.12102
2.09492
2.05744
1.95507
1.89863
1.8839
1.8353
1.81575
1.82169
1.85189
1.79042
1.76027
1.66902
1.65478
1.68094
1.72099
1.78049
1.79908
1.81336
1.79432
1.76668
1.83248
1.89776
1.92844
1.94698
2.0327
2.10831
2.10792
2.10096
2.10031
2.16382
2.10257
2.04586
2.03309
2.05694
2.06034
2.03696
2.04187
2.04678
2.05068
2.02226
2.0153
2.06793
2.10365
2.04063
2.00337
1.96636
1.95788
1.88628
1.83032
1.84559
1.89469
1.8943
1.93912
1.92029
1.97748
2.0127
1.99235
2.03489
2.06934
2.16365
2.1731
2.16867
2.15415
2.1141
2.09907
1.98276
1.86116
1.75899
1.59497
1.43953
1.26439
1.05844
0.90226
0.72509
0.51612
0.37557
0.33149
0.28894
0.24258
0.17805
0.14029
0.07677
0.07511
0.05981
0.00766
0.01888
0.02
0.02617
0.07325
0.09459
0.13535
0.19759
0.23229
0.24933
0.24211
0.28541
0.29814
0.30381
0.26301
0.22752
0.2251
0.18279
0.15967
0.10069
0.09779
0.09638
0.14624
0.14635
0.13434
0.12738
0.09845
0.07457
0.02595
-0.04086
0.0191
0.01845
0.02563
-0.01239
-0.03702
-0.02932
0.00616
0.01106
0.01295
0.0974
0.12908
0.0855
0.10127
0.08976
0.07093
0.08621
0.07117
0.09679
0.09159
0.12529
0.06328
0.0793
0.09456
0.07043
0.06776
0.07621
0.07457
0.06154
0.02732
0.04941
2.62488E-5
0.00216
-0.02576
-0.03424
-0.0566
-0.01331
-0.04552
-0.04642
-0.01473
-0.03177
-0.02278
-0.01434
0.03956
0.09699
0.07691
0.09166
0.07081
0.07774
0.06043
0.04337
0.08136
0.07643
0.08439
0.02795
-0.00781
-0.01577
0.01919
0.00995
0.00375
-0.01129
0.0252
0.00816
0.00397
0.01671
0.04032
0.05105
0.09234
0.0826
0.05216
0.08863
0.12233
0.10806
0.11221
0.12167
0.10511
0.10623
0.0859
0.09056
0.0639
0.11224
0.10402
0.10514
0.06788
0.03365
-0.01144
0.00155
-0.04935
-0.03029
-0.08068
-0.05431
-0.07944
-0.11417
-0.13401
-0.07809
-0.05071
0.01405
0.00154
0.04811
0.04444
0.06653
0.06866
0.05337
0.09767
0.0844
0.06759
0.08235
0.07236
0.08636
0.06045
0.054
0.0362
0.02521
0.00158
-0.05259
-0.03102
-0.05919
-0.08533
-0.08371
-0.05808
-0.02818
0.003
0.01851
-0.02229
0.01218
0.07918
0.10002
0.13086
0.13984
0.13886
0.12762
0.13597
0.07928
0.08147
0.11797
0.11648
0.08603
0.03943
0.04022
0.02624
-0.01641
-0.02314
-0.04212
-0.04796
-0.05893
-0.04683
-0.04413
-0.00452
0.02067
-0.0092
-0.00671
0.00803
-0.02934
-0.04979
-0.01064
0.00199
0.01236
0.01762
-0.03062
-0.07634
-0.0557
-0.02015
-0.00729
0.00503
-0.01119
-0.04505
-0.0693
-0.06027
-0.07296
-0.07757
-0.03369
-0.03723
-0.08629
-0.10958
-0.11471
-0.03445
0.0031
0.02981
-0.02481
-0.01854
0.04553
0.08436
0.06005
0.07481
0.07262
0.10024
0.07178
0.04839
0.02953
0.05588
0.05424
0.01246
-0.00842
-0.02147
-0.00346
0.02315
-0.03788
-0.05041
-0.04326
-0.06868
-0.08275
-0.09856
-0.12979
-0.14511
-0.1021
-0.11489
-0.1196
-0.05865
-0.11539
-0.12717
-0.06694
-0.0454
-0.03141
-0.02477
-0.02038
-0.04324
-0.02644
-0.03294
-0.04092
0.00866
0.01708
0.00275
-0.00926
-0.03418
-7.59512E-4
0.05083
0.06936
0.05555
0.05438
0.0787
0.11692
0.11726
0.12795
0.11792
0.17434
0.15754
0.13163
0.11384
0.09775
0.06752
0.02062
-0.02675
-0.02107
-0.04122
-0.00527
-0.01556
-0.0069
-0.00784
0.00765
-0.00743
0.0419
0.03875
0.04385
0.03739
0.04301
0.00773
5.59728E-4
-0.01452
-0.03844
-0.06278
-0.03217
-0.04825
-0.04111
-0.01528
0.00675
-0.06993
-0.07105
-0.08335
-0.05675
-0.05316
-0.00433
0.00433
-0.00166
0.02164
-0.02601
-0.04841
0.04989
0.08001
0.07505
0.06703
0.06762
0.03229
0.00883
0.03575
0.01372
0.0992
0.16603
0.18371
0.13284
0.14824
0.16589
0.16662
0.18815
0.16221
0.13218
0.14416
0.08657
0.02636
-0.03487
0.00114
0.00236
-0.03551
-0.0334
-0.06269
-7.66781E-4
0.02243
-0.00798
0.02555
0.0241
0.06249
0.03353
0.03757
0.05791
0.07372
0.10618
0.09525
0.05644
0.09723
0.07718
0.0871
0.06843
0.09624
0.05209
0.04983
0.01199
-0.01152
-0.03189
-0.01171
-0.04852
-0.02984
-0.02977
-0.03273
-0.0235
-0.0059
-0.01094
0.00789
0.00655
0.01186
0.04375
0.08649
0.04961
0.06607
0.05822
-4.48118E-5
0.01612
-0.02187
-0.04133
-0.02176
0.00969
0.01085
0.01536
0.04318
0.0139
0.0168
0.03924
0.04518
0.12589
0.15637
0.15174
0.13158
0.11971
0.09652
0.0858
0.10192
0.13572
0.14129
0.16256
0.12589
0.11096
0.08731
0.07752
0.07829
0.07861
0.06745
0.09785
0.09724
0.1159
0.12002
0.11764
0.11377
0.12309
0.12746
0.09096
0.04574
0.04076
-0.01834
-0.02765
-0.02394
-0.06593
-0.06603
-0.05831
-0.06326
-0.08309
-0.03107
-0.00776
0.02095
0.03293
0.0412
0.0542
0.0915
0.10226
0.06562
0.07176
0.10855
0.07561
0.10154
0.06607
0.06716
0.04969
0.01419
-0.01942
-0.06454
-0.05987
-0.07156
-0.11482
-0.10732
-0.12652
-0.09951
-0.12437
-0.12857
-0.15387
-0.15128
-0.11757
-0.12323
-0.09048
-0.07573
-0.04783
0.00843
-0.00916
0.05445
0.07979
0.11608
0.09754
0.05251
0.10064
0.05279
0.05245
0.02134
-0.02214
-0.01537
-0.04672
-0.0579
-0.02339
0.08359
0.21407
0.37488
0.62053
0.77452
0.99947
1.20469
1.45768
1.6854
1.90657
2.17065
2.29182
2.44303
2.45481
2.36184
2.41457
2.42942
2.42229
2.44064
2.43424
2.42687
2.34399
2.33132
2.38958
2.37815
2.39477
2.42023
2.47928
2.48023
2.36932
2.39705
2.45685
2.48104
2.50827
2.43044
2.47408
2.55306
2.53231
2.39842
2.4302
2.5559
2.52453
2.4866
2.41783
2.42254
2.48408
2.43858
2.50822
2.52606
2.64874
2.60752
2.64557
2.63896
2.6682
2.72446
2.62643
2.54305
2.61775
2.52276
2.54594
2.49437
2.55215
2.49049
2.49144
2.50503
2.47115
2.65595
2.66953
2.67933
2.67347
2.51964
2.53322
2.53545
2.54496
2.53733
2.5231
2.5425
2.49926
2.45196
2.42788
2.4594
2.65581
2.68431
2.62314
2.57284
2.58491
2.42876
2.4264
2.43767
2.44091
2.48152
2.41505
2.37914
2.29905
2.34976
2.3833
2.37769
2.39835
2.44222
2.48862
2.49185
2.52488
2.57736
2.58463
2.61286
2.62391
2.54101
2.55106
2.66161
2.64011
2.4547
2.54809
2.5551
2.54037
2.42362
2.40565
2.45105
2.48227
2.52461
2.47427
2.40782
2.51736
2.48625
2.36294
2.41515
2.47041
2.43778
2.34859
2.35712
2.27551
2.33682
2.42922
2.37511
2.44072
2.41996
2.4588
2.44461
2.52815
2.50082
2.46993
2.48554
2.46301
2.42535
2.44372
2.39697
2.42039
2.45642
2.50435
2.56312
2.61734
2.70488
2.69726
2.59418
2.6055
2.54155
2.51676
2.59474
2.49469
2.46888
2.29535
2.29353
2.15056
2.21843
2.34136
2.4307
2.50819
2.58263
2.51794
2.44566
2.43573
2.57836
2.54901
2.68857
2.63849
2.65511
2.55935
2.48758
2.41531
2.49203
2.6791
2.70052
2.72016
2.70547
2.78874
2.76796
2.82524
2.80978
2.91832
2.88265
2.86948
2.80276
2.781
2.78801
2.81853
2.64827
2.70657
2.70929
2.69788
2.66421
2.73814
2.71835
2.71676
2.75383
2.72448
2.76404
2.76981
2.7897
2.80936
2.80349
2.69967
2.64026
2.69224
2.63107
2.67619
2.6261
2.67354
2.7457
2.67142
2.51403
2.63697
2.73768
2.74597
2.63228
2.55542
2.55356
2.58003
2.61332
2.59105
2.7069
2.7114
2.71565
2.72667
2.72309
2.84753
2.93158
2.91309
2.89103
2.83084
2.81459
2.81577
2.82254
2.71415
2.75877
2.81504
2.82205
2.89903
2.93963
2.99842
2.96527
2.9647
2.84142
2.84818
2.83526
2.80617
2.78714
2.80629
2.73199
2.75568
2.69427
2.74292
2.77137
2.75062
2.74981
2.82324
2.76081
2.79966
2.82032
2.83997
2.83587
2.85901
2.88999
2.92075
2.98459
3.07769
3.0337
3.01344
2.95957
2.87998
2.90492
2.81999
2.80656
2.71963
2.7597
2.76038
2.78558
2.78325
2.85236
2.81469
2.73734
2.80723
2.75616
2.80737
2.79416
2.78498
2.77811
2.74321
2.79065
2.80373
2.89076
2.90507
2.74341
2.82214
2.84331
2.78921
2.75806
2.75772
2.60996
2.52632
2.599
2.54743
2.60622
2.75339
2.6988
2.54748
2.63603
2.6862
2.67959
2.84241
2.83778
2.65642
2.67354
2.63763
2.5444
2.60088
2.72558
2.69498
2.55377
2.56735
2.44306
2.50589
2.67983
2.60352
2.63731
2.60165
2.62232
2.65736
2.69717
2.81072
2.83917
2.91459
2.84784
2.71951
2.73738
2.7474
2.88296
2.81346
2.76619
2.70275
2.58045
2.59
2.63086
2.68759
2.72795
2.75517
2.65992
2.5889
2.59164
2.58679
2.58649
2.60714
2.58538
2.61412
2.6019
2.64378
2.72504
2.79848
2.87721
2.9294
2.80734
2.82371
2.93452
2.89457
2.83896
2.7558
2.62869
2.56628
2.57909
2.56664
2.52771
2.54255
2.57125
2.5752
2.58172
2.48445
2.5541
2.69875
2.77016
2.72162
2.67659
2.75605
2.90626
3.04433
2.97383
3.08539
3.14343
3.1209
3.15011
3.09143
3.1512
3.10414
3.09123
2.98055
2.87369
2.84131
2.82688
2.8349
2.77472
2.71028
2.71755
2.64805
2.68285
2.68554
2.66905
2.59724
2.65725
2.61954
2.69269
2.82846
2.89378
2.88515
2.86893
2.88172
2.89279
2.95534
3.06663
3.02013
2.9971
2.89654
2.88867
2.93509
2.91861
3.03141
3.02147
2.9878
2.96953
2.90686
2.90453
2.91307
3.00065
2.95666
2.8917
2.88985
2.84961
2.89549
2.86311
2.96357
2.93116
3.04854
3.0022
2.89357
2.89124
2.86266
2.92042
2.90267
2.92056
2.93339
2.89718
2.9181
2.84784
2.87074
2.98858
3.06858
3.11853
3.12324
3.19538
3.1317
3.0685
2.93534
2.81506
2.6539
2.55385
2.31714
2.04407
1.74323
1.47223
1.20399
1.03375
0.9549
0.90056
0.90202
0.95577
0.96152
1.02255
1.11362
1.18904
1.24986
1.24526
1.20279
1.12016
1.04107
0.95919
0.83841
0.72371
0.63022
0.55468
0.43088
0.36211
0.29738
0.26648
0.23357
0.20271
0.21504
0.16873
0.15808
0.16586
0.10694
0.12705
0.1507
0.1898
0.18393
0.17072
0.18578
0.16831
0.18594
0.18311
0.10957
0.13171
0.14454
0.14853
0.14112
0.14027
0.18514
0.17778
0.12897
0.1342
0.11164
0.12649
0.17517
0.15644
0.10032
0.06716
0.02519
-0.00743
-0.0393
-0.04516
-0.04323
-0.02993
0.0268
-0.02816
-0.03998
-0.05221
-0.02779
0.02134
0.01722
0.05751
0.09355
0.0754
0.0912
0.048
0.06517
0.14677
0.16989
0.18244
0.16491
0.13704
0.13188
0.10758
0.08135
0.02569
0.02846
0.04864
-0.03819
-0.01414
-0.0482
-0.05789
6.22535E-4
-0.00592
0.00534
0.03455
0.08788
0.06848
0.06687
0.08269
0.06935
0.08204
0.11187
0.08474
0.04021
0.03547
0.06861
0.06462
0.01237
0.0072
-1.82902E-4
-0.01098
-0.01272
0.02429
0.02195
0.05862
0.05347
0.01449
0.02651
0.07817
0.02175
0.05373
0.04933
0.04856
-0.00652
-0.02816
4.06573E-4
0.01461
0.05078
0.05182
0.03404
0.06934
0.06531
0.07395
0.04969
0.01714
-5.34891E-4
-0.00534
-0.00988
-0.05812
-0.10332
-0.05458
-0.05026
-0.05705
-0.09771
-0.07447
-0.01586
0.02559
0.00996
-0.02511
0.00194
0.0396
0.00424
-0.02303
-0.05785
-0.03888
-0.05704
-0.05804
-0.05652
-0.05145
-0.00976
0.01023
0.00518
0.03093
0.08627
0.14816
0.16991
0.20248
0.15071
0.15832
0.17805
0.17833
0.18164
0.1645
0.17262
0.15422
0.13782
0.12952
0.13536
0.13766
0.09981
0.06601
0.05467
-0.01222
-0.03542
-0.03993
-0.07247
-0.09719
-0.05751
-0.06709
-0.07085
-0.05466
-0.06673
-0.0869
-0.03915
-0.0068
0.01117
0.02156
0.06304
-5.57664E-4
-0.02673
0.00563
-0.00444
0.01024
0.01532
0.00374
0.02549
-0.02804
-0.04694
-0.07318
-0.02163
0.01729
-0.0092
-0.02256
0.00601
0.01084
0.0187
-0.03203
0.02608
0.03344
-6.00071E-4
-0.05663
-0.08084
-0.06263
-0.06336
-0.11733
-0.07412
-0.08544
-0.04172
-0.11567
-0.11586
-0.07164
-0.05719
-0.11703
-0.11927
-0.06195
-0.06422
-0.12606
-0.13815
-0.1712
-0.15956
-0.1838
-0.17395
-0.13558
-0.06739
-0.04265
-0.06209
-0.0512
-0.059
-0.02993
-0.03167
0.00523
0.05374
0.00375
-0.01242
-0.01166
-0.03539
-0.03916
-0.01792
0.01115
-0.03427
-4.03344E-4
-0.03446
-0.03973
-0.07203
-0.10584
-0.09217
-0.10603
-0.12645
-0.14587
-0.13725
-0.09985
-0.14618
-0.1213
-0.15174
-0.09052
-0.0356
-0.08978
-0.05835
-0.06707
-0.0695
-0.0623
-0.08264
-0.06737
-0.10133
-0.07951
-0.08431
-0.07187
-0.0529
-0.05509
-0.04372
-0.01911
-0.05083
-0.02899
-0.03567
-0.05247
-0.03418
-0.02496
-0.06196
-0.05934
-0.08284
-0.06796
-0.0815
-0.06423
-0.0851
-0.09565
-0.06008
-0.07769
-0.10974
-0.10993
-0.10964
-0.12242
-0.09548
-0.08271
-0.07272
-0.06577
-0.04389
-0.07406
-0.08148
-0.09928
-0.10523
-0.07534
-0.03761
-0.07993
-0.09018
-0.1239
-0.1036
-0.09667
-0.0597
-0.03961
0.00972
0.05855
0.05689
0.02139
0.01342
-1.09133E-4
0.04671
0.02182
0.00526
0.0089
0.01356
-0.04644
-0.11047
-0.12401
-0.09814
-0.07304
-0.04818
-0.05414
-0.03911
-0.00391
1.25183E-5
-0.00362
0.02123
0.00416
0.00579
-0.01228
-0.01572
-0.02722
-0.06197
-0.0356
-0.04508
-0.08059
-0.08477
-0.05796
-0.0192
-0.03225
9.01158E-4
0.0036
-0.02445
-0.01145
-0.04223
-0.02034
2.81777E-4
-0.0293
-0.02319
-0.01448
0.01261
-0.01989
-0.02962
0.02043
0.07006
0.09106
0.06593
0.10562
0.13149
0.08659
0.06702
0.06329
0.09094
0.12961
0.09626
0.05586
0.06288
0.08891
0.09278
0.11777
0.17254
0.24484
0.25983
0.3114
0.32752
0.33475
0.34344
0.31676
0.26285
0.2056
0.15639
0.14336
0.07483
0.03774
-0.04531
-0.12047
-0.06554
-0.05715
-0.07377
-0.05857
0.00413
0.03147
0.0199
0.02069
0.00332
0.01781
0.05825
1.70665E-4
-0.01499
-0.01197
-0.03065
-0.04781
0.09796
0.3475
0.62629
0.98866
1.27401
1.50457
1.80532
2.07836
2.46022
2.79736
3.09987
3.28145
3.38245
3.50897
3.5019
3.56048
3.687
3.7077
3.68624
3.61255
3.54038
3.51514
3.58582
3.57195
3.43407
3.4659
3.43256
3.38407
3.40831
3.45832
3.54078
3.72183
3.73698
3.61375
3.60138
3.69658
3.67334
3.70819
3.67789
3.64178
3.74405
3.66274
3.5789
3.65264
3.75668
3.765
3.72737
3.72384
3.70567
3.69379
3.66071
3.60414
3.65819
3.62056
3.55541
3.53874
3.52965
3.52814
3.46803
3.4655
3.43722
3.52383
3.44603
3.43135
3.36966
3.37563
3.31665
3.31983
3.30734
3.36836
3.3562
3.36295
3.32455
3.39274
3.40864
3.43517
3.43011
3.45031
3.44779
3.48945
3.44929
3.48541
3.54451
3.58642
3.55384
3.52379
3.56344
3.60738
3.64526
3.67859
3.63945
3.6523
3.60132
3.57227
3.49853
3.50813
3.46015
3.43817
3.37328
3.35837
3.32504
3.36242
3.3662
3.43388
3.45332
3.47504
3.50585
3.5311
3.51014
3.56343
3.58438
3.55055
3.42781
3.36797
3.35054
3.41114
3.4672
3.43716
3.38463
3.38968
3.40206
3.35508
3.30786
3.3273
3.35331
3.26796
3.22225
3.15937
3.20205
3.29953
3.37528
3.24674
3.29219
3.30734
3.42906
3.50002
3.51138
3.56871
3.59118
3.48916
3.43462
3.38663
3.40482
3.27729
3.35532
3.3086
3.2682
3.32726
3.22754
3.25557
3.38991
3.43359
3.43157
3.51138
3.58082
3.58258
3.5591
3.51617
3.47702
3.45303
3.39395
3.3389
3.30303
3.34723
3.31642
3.34773
3.39571
3.36768
3.43585
3.47374
3.55328
3.57904
3.55934
3.60454
3.58864
3.50252
3.45883
3.40756
3.40959
3.29519
3.31818
3.33812
3.35984
3.36918
3.33559
3.41615
3.4659
3.47045
3.36388
3.4159
3.58003
3.56261
3.42221
3.32979
3.35024
3.31538
3.17776
3.23256
3.20705
3.2674
3.20125
3.08735
3.0775
3.15679
3.19922
3.05174
3.07421
3.02043
2.94719
2.97599
3.00452
3.13608
3.17926
3.1727
3.15123
3.21058
3.35325
3.38128
3.53734
3.53962
3.48734
3.47824
3.39463
3.38506
3.39568
3.51637
3.43936
3.44466
3.44011
3.36057
3.41183
3.47723
3.51057
3.5189
3.49996
3.42294
3.34415
3.34794
3.27092
3.27116
3.33203
3.3141
3.28152
3.21939
3.22292
3.255
3.33202
3.33328
3.37521
3.39717
3.33353
3.3007
3.24262
3.19868
3.25979
3.28428
3.31762
3.35171
3.38605
3.42468
3.44665
3.57039
3.55322
3.63883
3.72822
3.67695
3.65979
3.57999
3.50877
3.43655
3.36356
3.27922
3.1527
3.08806
3.06331
2.93982
2.9242
2.88974
2.90806
2.93245
2.9328
2.88573
2.96468
3.06432
3.12835
3.17722
3.24426
3.24212
3.30542
3.31793
3.34152
3.33275
3.42304
3.40151
3.30773
3.35527
3.29531
3.33852
3.36769
3.32918
3.2849
3.2552
3.28011
3.20121
3.26248
3.35425
3.28341
3.31505
3.25245
3.17331
3.16258
3.17935
3.20199
3.2125
3.25204
3.19283
3.15743
3.17094
3.10041
3.08198
3.09678
3.0901
2.98367
2.9078
2.86956
2.85531
2.86174
2.8619
2.91541
3.00924
3.04575
3.13248
3.17736
3.2772
3.30757
3.30013
3.32365
3.38691
3.39199
3.35628
3.37965
3.37751
3.35312
3.27491
3.35251
3.35891
3.38116
3.4223
3.34282
3.32448
3.33794
3.3304
3.35099
3.32737
3.38208
3.30769
3.31028
3.28868
3.285
3.31398
3.28734
3.30859
3.28674
3.30407
3.29814
3.24954
3.31606
3.33885
3.37612
3.31207
3.2682
3.27162
3.18085
3.07979
3.07442
3.07052
3.07622
3.07289
3.05513
3.02479
3.03833
3.06777
3.07097
3.05015
3.10408
3.05825
3.07174
3.0613
2.95118
2.94489
2.97899
3.0742
3.11207
3.10171
3.15423
3.24641
3.26813
3.2757
3.31762
3.3661
3.39515
3.37847
3.31812
3.26358
3.25373
3.28478
3.1507
2.97847
2.73807
2.48125
2.22442
1.89514
1.64084
1.34715
1.08553
0.79892
0.50144
0.27695
0.17568
0.15018
0.09033
0.06482
0.09963
0.09284
0.06583
0.07316
0.11659
0.14714
0.15675
0.19159
0.17821
0.21103
0.22807
0.23908
0.2256
0.25604
0.27335
0.26467
0.20801
0.1854
0.15299
0.15998
0.13889
0.10595
0.05992
0.05171
0.02207
-0.01728
-0.02149
-0.01098
-0.00275
-0.01724
-0.0307
-0.02324
-0.02614
-0.05527
-0.03818
-0.02434
-0.03077
-0.0591
-0.06532
-0.06865
-0.06982
-0.06692
-0.07936
-0.06332
-0.00485
-0.04584
-0.03257
-0.05484
0.00489
0.01509
0.00166
0.03798
0.04894
0.02778
0.02792
0.01394
0.10247
0.06449
0.0838
0.05822
0.05988
0.07189
0.04098
-0.00181
0.00918
0.02727
0.03474
-0.04363
-0.01725
0.01043
-0.00911
0.00565
-0.01487
-0.05717
-0.03328
-0.02276
-0.02113
-0.04597
-0.02185
-0.00301
-0.03822
-0.01231
-0.03541
-0.05086
0.02247
-0.00241
-0.00319
-0.02809
0.00408
-0.01046
-0.08283
-0.05697
-0.08389
-0.1007
-0.07333
-0.12626
-0.10141
-0.09625
-0.107
-0.14705
-0.15174
-0.11528
-0.10129
-0.06634
-0.03088
-0.00982
0.00771
0.00655
-0.02895
0.04413
0.02807
0.02868
0.03939
0.03267
-0.00611
0.00157
-0.01474
-0.04418
-0.10115
-0.06746
-0.11635
-0.09504
-0.08382
-0.10998
-0.11543
-0.09108
-0.12053
-0.11487
-0.09886
-0.03057
-0.04612
-0.03542
0.00383
-0.00945
0.00429
0.00414
-0.02404
-0.02722
-0.02207
-0.02752
-0.04888
-0.03261
-0.02064
-0.03064
-0.01564
-0.01149
0.00427
0.02937
0.03957
0.03993
0.08827
0.10201
0.0963
0.03655
-0.02193
-0.01172
-0.02147
-0.04738
-0.08465
-0.08909
-0.08343
-0.09166
-0.12918
-0.13514
-0.09034
-0.05539
-0.06993
-0.0673
-0.06973
-0.03679
-0.02028
-0.02724
-0.05593
0.00302
0.05236
0.0805
0.08944
0.10015
0.09696
0.08924
0.12293
0.14803
0.12869
0.15834
0.17082
0.12041
0.10991
0.07896
0.08865
0.09305
0.103
0.09401
0.08579
0.11114
0.08119
0.06034
0.04933
0.04287
0.05534
0.036
0.04318
0.04277
0.03707
-0.00146
-0.00338
-0.02499
-0.0259
-0.02176
-0.03832
0.01431
0.02148
0.04608
0.05553
0.02735
0.05322
0.06082
0.07069
0.07502
0.12429
0.14452
0.0693
0.05443
0.03325
0.01762
0.00679
-0.01565
-0.03431
-0.00146
-0.02971
-0.02185
-0.05213
0.0229
0.07167
0.08433
0.08259
0.05736
0.08518
0.03825
0.03727
0.06633
0.05075
0.08516
0.01225
-0.0369
-0.03832
-0.04322
0.00838
-1.14167E-4
0.05932
0.04175
0.02393
0
-0.01933
-0.00635
0.0031
-0.02583
-0.01211
-0.02586
-0.03756
-0.04624
-0.01906
-0.01034
-0.00215
-0.00555
0.00745
-0.00835
0.0342
0.02118
0.01675
0.00829
0.00612
-0.00919
-0.03837
-0.07538
-0.11391
-0.10495
-0.06494
-0.13098
-0.10534
-0.0585
-0.04677
-0.00904
-0.01903
-0.00226
0.02285
0.08558
0.0963
0.08276
0.10687
0.09865
0.09777
0.09889
0.07931
0.09028
0.09596
0.09684
0.06439
0.06428
0.06138
0.09055
0.07579
0.05144
0.06519
0.04031
0.00734
-0.01655
0.03155
0.01525
-0.01622
-0.0161
-0.00916
0.03766
0.00822
-0.01667
-0.01328
0.01207
0.02684
-0.02709
-0.00197
-0.0097
-0.03334
-0.03373
-0.06063
-0.08905
-0.0935
-0.10879
-0.05816
-0.03103
0.00268
-0.01008
0.04358
0.04647
0.00492
0.01159
0.09503
0.14665
0.18628
0.13689
0.12584
0.10218
0.10378
0.07407
0.0648
0.13661
0.11649
0.10343
0.06283
0.03182
0.04933
1.66044E-4
0.00858
0.04402
0.05143
0.0914
0.03413
0.0385
0.02621
0.01644
0.03923
0.00648
0.04847
0.05005
0.02842
0.02143
-0.02042
0.02204
0.02057
-0.01193
0.00252
0.01621
0.04608
0.01786
-0.00381
-0.00727
0.00721
0.00271
-0.05379
-0.02925
-0.0292
-0.03091
-0.09043
0.06344
0.42341
0.80938
1.14686
1.42324
1.78825
2.14064
2.48671
2.92218
3.28643
3.60776
3.75812
3.78778
3.80254
3.85164
3.92474
3.98217
4.00703
3.97306
3.92418
3.90863
3.97643
4.05028
4.03675
3.99192
3.96804
3.96613
3.92988
3.93303
3.93314
3.95118
3.94849
3.96497
3.92289
3.93005
3.97356
3.9714
3.97751
4.0329
4.0393
4.05529
3.98668
4.02414
3.98786
4.00409
4.0188
4.03807
4.03083
4.03798
3.96029
3.97325
3.9549
4.04159
4.0048
4.02708
4.00266
4.02371
3.96975
3.99357
3.99893
3.99749
3.993
4.03323
3.96463
3.97431
4.01528
4.02596
3.98537
4.00111
3.94511
3.87925
3.89119
3.85744
3.84061
3.8619
3.85564
3.75243
3.78279
3.78613
3.82965
3.90725
3.94165
3.96824
3.94483
3.91587
3.88238
3.87918
3.92799
3.95334
3.99534
3.94491
3.88085
3.92108
3.91434
3.95176
3.96041
4.0193
3.9959
4.02934
4.0115
3.99795
3.97908
3.96172
3.91859
3.88103
3.86948
3.96549
3.94635
3.99794
3.95584
3.92282
3.92366
3.96289
3.98294
4.00953
4.00177
4.04074
3.96478
3.951
3.92709
3.94259
3.94771
3.92864
3.9272
3.96416
3.98472
4.04591
3.99044
4.02665
4.03963
4.043
4.0789
4.1315
4.11616
4.11497
4.15165
4.13353
4.10683
4.14731
4.1456
4.15426
4.13159
4.02183
3.99765
4.01968
3.98896
3.88676
3.87776
3.9296
3.91249
3.88832
3.89749
3.94025
4.05296
3.98181
3.96219
3.98046
3.97978
4.01951
3.94002
3.92391
3.88585
3.87481
3.83498
3.80753
3.85989
3.88195
3.87193
3.91721
3.82233
3.86636
3.88412
3.99657
3.98782
4.05609
4.06424
4.06028
4.10633
4.11147
4.11028
4.19875
4.19579
4.18651
4.1237
4.12051
4.06048
4.04163
4.06214
4.02358
4.04662
4.01994
4.03163
3.98828
4.03281
4.01672
3.99888
3.98987
3.96164
3.93694
3.93778
3.92726
3.95536
3.89863
3.89092
3.91098
3.93206
3.92409
3.96309
3.99123
3.95322
3.90181
3.87011
3.86669
3.89988
3.95126
3.91198
3.88835
3.94857
3.93504
3.95106
3.95876
4.02225
4.05873
4.02627
3.97183
3.98255
3.99504
3.96384
3.8935
3.8926
3.84625
3.90393
3.8889
3.89785
3.91816
3.94628
3.95141
3.92902
3.96547
4.02921
4.0346
4.10614
4.05497
4.01212
4.02583
4.06834
4.08031
4.02154
4.01886
4.03865
4.07658
4.02893
3.97523
4.01474
4.05803
4.02885
4.03705
4.0407
4.06354
4.09168
4.08447
4.00857
4.0501
4.03254
3.99123
3.96509
3.99576
3.97188
3.99245
3.98852
3.9659
3.87561
3.88532
3.87735
3.93757
3.98743
4.04916
4.01594
3.98524
3.97526
4.01603
4.04063
4.10893
4.1199
4.1185
4.07013
4.03792
4.0052
3.99597
3.9822
3.98281
3.95263
3.93077
3.94654
3.9267
3.92555
3.97895
4.03891
4.02286
4.00378
4.04607
4.0131
4.02735
4.04337
4.03238
4.00219
4.00306
3.92009
3.8851
3.86224
3.91285
3.87054
3.87116
3.92834
3.94083
3.93615
3.91606
3.88435
3.90669
3.94493
3.98419
3.98026
3.99856
4.00751
3.93262
3.91935
3.91037
3.9567
3.97423
4.01548
3.94254
3.87366
3.83334
3.89782
3.88983
3.89548
3.89102
3.88454
3.89295
3.92816
3.9015
3.89857
3.92013
3.94851
3.86804
3.86385
3.88995
3.85442
3.90276
3.88519
3.92215
3.97096
3.99579
4.03727
4.02371
4.04321
4.07357
4.06831
4.05044
4.03862
4.06291
4.00087
3.94338
3.94703
3.95876
3.96443
3.95722
3.9942
4.01779
4.10477
4.1011
4.09162
4.09881
4.13983
4.16292
4.20798
4.05506
3.86831
3.52044
3.21273
2.88027
2.55967
2.24085
1.94929
1.61405
1.24043
0.78701
0.61085
0.47587
0.43431
0.3463
0.30095
0.27329
0.24992
0.22023
0.24307
0.24243
0.31199
0.26993
0.25413
0.28329
0.29653
0.28528
0.26873
0.27818
0.25481
0.18624
0.18686
0.16626
0.21233
0.1872
0.12443
0.10282
0.08526
0.06687
0.05285
0.06644
0.05747
0.06475
0.02525
-0.0203
-0.01648
-0.03579
-0.04873
-0.02472
-0.02202
-0.01535
-0.02662
-0.02172
-0.02491
0.00928
0.00811
0.02589
0.05679
0.02406
-0.00413
2.62036E-4
0.01198
0.00273
-0.0199
-0.03976
-0.03284
-0.02795
0.00548
0.00382
0.07689
0.12395
0.13794
0.12516
0.11641
0.15122
0.15138
0.09017
0.0861
0.03121
0.06369
0.06189
0.04108
0.06247
0.07499
0.11864
0.08117
0.11365
0.132
0.1302
0.17352
0.12949
0.09939
0.07129
0.08466
0.07582
0.02862
0.03209
-0.01624
-0.01381
0.05984
0.028
0.00666
0.01749
0.01992
0.00369
-0.02193
-0.0015
0.05269
0.0905
0.09826
0.06833
0.0683
0.09697
0.08809
0.11702
0.09652
0.12852
0.09584
0.09148
0.07752
0.07388
0.03644
0.03133
0.06205
0.09302
0.08914
0.07268
0.06135
0.05648
0.04175
0.03082
0.02343
-0.00972
0.02331
0.00606
-0.03946
-0.05973
-0.0424
-0.08842
-0.09
-0.09991
-0.11662
-0.08187
-0.06194
-0.09212
-0.08662
-0.10387
-0.13802
-0.13811
-0.10535
-0.05137
-0.0575
-0.07295
-0.09854
-0.1097
-0.09866
-0.13815
-0.07282
-0.04561
-0.08912
-0.07402
-0.13366
-0.12036
-0.14236
-0.14487
-0.11948
-0.11143
-0.11404
-0.17269
-0.20658
-0.21017
-0.24254
-0.19993
-0.18889
-0.09767
-0.1001
-0.11859
-0.12093
-0.09247
-0.0902
-0.02111
0.00467
0.02827
0.00432
-0.03624
-0.06509
-0.03848
-0.03273
-0.03331
-0.07412
-0.0258
-0.05449
-0.0777
-0.04574
-0.02275
0.01443
-0.02411
-0.05518
-0.01902
-0.01635
0.01241
-0.03267
-0.06839
-0.0422
-0.06514
-0.08793
-0.10262
-0.10626
-0.09945
-0.15134
-0.14668
-0.13902
-0.12053
-0.0887
-0.05241
-0.04372
-0.04552
-0.03985
0.00462
0.0497
0.05089
0.04615
0.0508
0.04049
0.03352
-0.01924
0.00643
0.03461
1.79173E-5
-0.02365
-0.06739
-0.02663
-0.03719
0.0076
0.03734
0.02869
0.04359
0.01795
0.01401
0.0371
0.04308
0.05615
0.03841
0.05392
0.02304
0.00605
0.01609
0.03582
0.03375
0.0072
0.04354
0.05842
0.03011
0.04498
0.03264
-0.01286
-0.02276
-0.0382
-0.09151
-0.0711
-0.03681
-0.07778
-0.08694
-0.05088
-0.04681
-0.03647
0.00669
-0.00646
-0.00141
0.01653
-0.01177
-0.01357
-0.00318
0.03423
-0.00285
-0.02422
-0.02162
-0.05563
-0.01666
0.00566
0.05275
0.08916
0.09529
0.05435
0.00992
0.03998
0.03921
0.01342
-0.00655
-0.05706
-0.04874
-0.03157
-0.06643
-0.08386
-0.01998
0.01007
0.01058
0.01031
0.03252
0.07116
0.10727
0.07569
0.02414
0.03348
0.01629
-0.01229
-0.04261
-0.04236
-0.03378
-0.02369
0.0168
0.04985
0.04871
0.05738
0.05329
0.09815
0.09646
0.10343
0.07874
0.08914
0.07495
0.04494
-0.00538
0.02678
0.04698
0.07917
0.05084
0.054
0.05613
0.0772
0.07555
0.05495
0.05576
0.09638
0.08062
0.04654
0.03688
0.02379
0.03105
0.01699
0.03125
0.01605
0.02766
-0.00532
-0.05383
-0.02705
0.00398
-0.03487
-0.03038
-0.03874
-0.02817
-6.85668E-4
-0.00803
-0.01918
0.00907
0.0342
8.64083E-4
-0.03086
-0.06282
-0.09554
-0.13476
-0.18747
2.73159
2.86507
3.4296
3.38243
3.37201
3.24465
3.29476
3.27162
3.28817
3.28897
3.27973
3.2886
3.24324
3.20516
3.18162
3.11245
3.15625
3.07783
3.08314
3.07522
3.03252
2.99378
3.02065
3.03469
3.04092
3.03526
3.05856
3.03765
3.04851
3.07247
3.02116
3.08916
3.05359
3.06604
3.12611
3.16237
3.2137
3.20539
3.21691
3.20409
3.18188
3.20148
3.19912
3.17678
3.1477
3.16955
3.09641
3.11904
3.11628
3.07754
3.06208
3.05839
2.95562
2.96371
2.92893
2.89165
2.91375
2.9008
2.8901
2.89858
2.91592
2.99557
3.0391
2.99203
3.02286
3.0611
3.07977
3.10664
3.1384
3.10138
3.11186
3.13133
3.17367
3.2311
3.22068
3.26025
3.29494
2.87976
2.91994
2.96441
3.00282
3.03668
2.99807
3.01149
2.96101
2.9325
2.8593
2.86942
2.82198
2.80054
2.73618
2.72181
2.68901
2.72692
2.73124
2.79945
2.81942
2.84168
2.87302
2.8988
2.87837
2.93219
2.95368
2.92038
2.79818
2.73887
2.72198
2.78311
2.83971
2.81019
2.7582
2.76378
2.77669
2.73025
2.68356
2.70354
2.73009
2.64527
2.60009
2.53775
2.58096
3.2174
3.2325
3.27801
3.20766
3.29034
3.26721
3.28376
3.28457
3.27532
3.2842
3.23885
3.20077
3.17724
3.10807
3.15187
3.07344
3.07875
3.07083
3.02812
2.98938
3.01625
3.03028
3.03651
3.03085
3.05414
3.03326
3.04411
3.06807
3.01676
3.08477
3.0492
3.06165
3.12171
3.15797
3.20931
3.20099
3.21251
3.1997
3.17749
3.19708
3.19472
3.17239
3.1433
3.16515
3.09202
3.11465
3.11188
3.07314
3.05768
3.05399
2.95123
2.95931
2.92454
2.88725
2.90936
2.89641
2.88571
2.89419
2.91153
2.99117
3.03471
2.98763
3.01847
3.05671
3.07537
3.10224
3.13401
3.09699
3.10747
3.12693
3.16928
3.22671
3.21629
3.25586
3.29054
2.61869
2.47175
2.49476
2.4415
2.3688
2.39812
2.42719
2.55929
2.603
2.59697
2.57603
2.63591
2.77912
2.80768
2.96428
2.96708
2.91534
2.90678
2.82374
2.81467
2.82581
2.94705
2.87056
2.8764
2.87238
2.79337
2.84517
2.91111
2.94497
2.95384
2.93543
2.85894
2.78069
2.78501
2.70852
2.70931
2.7707
2.7533
2.72126
2.65967
2.66374
2.69635
2.7739
2.77569
2.81814
2.84064
2.77754
2.74524
2.6877
2.64429
2.70593
2.73096
2.76483
2.79945
2.83433
2.8735
2.896
3.02027
3.00363
3.08977
3.17969
3.12896
3.11232
3.03306
2.96238
2.89069
2.81824
2.73443
2.60845
2.54434
2.52012
2.39717
2.38233
2.34853
2.36751
2.39256
2.39361
2.34719
2.42677
2.52707
2.59176
2.6413
2.70902
2.70755
2.77147
2.78464
2.80893
2.8009
2.89185
2.87092
2.77778
2.82606
2.76676
2.81076
2.8406
2.80276
2.75912
2.73012
2.75567
2.67743
2.73934
2.83181
2.76165
2.79402
2.73221
2.65372
2.64366
2.66113
2.6844
2.69556
2.73575
2.67721
2.64239
2.65658
2.58667
2.56876
2.58421
2.57819
2.47242
2.39721
2.35963
2.34604
2.35315
2.35395
2.40802
2.50251
2.53967
2.62709
2.67258
2.77313
2.80425
2.79747
2.82177
2.8857
2.89157
2.85651
2.88054
2.87907
2.85538
2.7779
2.85624
2.86336
2.88639
2.92838
2.84964
2.83201
2.8462
2.83944
2.86069
2.83776
2.8931
2.81941
2.82275
2.80183
2.79885
2.82843
2.80246
2.82449
2.80332
2.82129
2.81603
2.76809
2.83531
2.85885
2.89677
2.83344
2.7903
2.79438
2.70425
2.60378
2.59901
2.59576
2.6021
2.59935
2.58221
2.55244
2.56661
2.59669
2.60052
2.58035
2.63493
2.58976
2.60394
2.59413
2.48456
2.47877
2.51339
2.60911
2.64752
2.6377
2.69075
2.78345
2.80569
2.8138
2.85625
2.90526
2.93483
2.91869
2.85887
2.80485
2.79553
2.59955
2.57937
2.63396
2.5888
2.60298
2.59317
2.4836
2.47781
2.51243
2.60816
2.64656
2.63673
2.68978
2.78248
2.80472
2.81282
2.85527
2.90428
2.93385
2.91771
2.85788
2.80386
2.79454
2.82612
2.5985
2.57833
2.63279
2.58507
2.59623
2.58384
2.47175
2.46334
2.49539
2.58865
2.62447
2.61214
2.66264
2.75276
2.7725
2.77849
2.81891
2.88135
2.96542
3.00441
3.00031
3.0032
3.04925
3.13605
-0.16104
-0.0859
-0.0052
0.07925
0.11924
0.10836
0.11217
0.1854
0.17343
0.16581
0.22942
0.23378
0.24575
0.22323
0.16861
0.15416
0.15855
0.16153
0.10015
0.10222
0.09433
0.01136
0.01535
0.00477
-0.04856
-0.07269
-0.06893
-0.11403
-0.13806
-0.11927
-0.1505
-0.14912
-0.13769
-0.14978
-0.14453
-0.13742
-0.1116
-0.13817
-0.10973
-0.11462
-0.11693
-0.1034
-0.09159
-0.08263
-0.11949
-0.12994
-0.09907
-0.13019
-0.13335
-0.14384
-0.10586
-0.11335
-0.10943
-0.10803
-0.10431
-0.09633
-0.11978
-0.14709
-0.13904
-0.08328
-0.10518
-0.12324
-0.13201
-0.12285
-0.15058
-0.16338
-0.15346
-0.19177
-0.1816
-0.17579
-0.20463
-0.19144
-0.18846
-0.18964
-0.20934
-0.19071
-0.17735
-0.1434
-0.12934
-0.11109
-0.07843
-0.06944
-0.05168
-0.05603
-0.02248
-4.39829E-4
0.04432
0.00535
-0.0028
0.07115
0.04666
0.06122
0.06092
0.09179
0.13354
0.12107
0.11644
0.08775
0.14752
0.16641
0.10017
0.12714
0.11602
0.10861
0.08614
0.05981
0.04103
0.01274
0.02891
0.03009
-0.01922
0.04003
0.07125
0.04617
0.05668
0.0742
0.05837
0.08683
0.15163
0.16234
0.16254
0.17189
0.13519
0.10716
0.12626
0.14894
0.13119
0.16334
0.16695
0.12281
0.07617
0.05074
0.06924
0.06449
0.08699
0.04054
0.04643
0.05485
0.02562
0.01761
0.05326
0.06644
0.08118
0.07796
0.10427
0.09602
0.14003
0.09667
0.10153
0.10184
0.09407
0.05826
0.06286
0.07225
0.05519
0.06132
0.06796
0.05059
0.08473
0.09055
0.08655
0.05273
0.08129
0.0664
0.08738
0.07677
0.03289
-0.00987
0.01047
-0.018
-0.00609
-0.00641
0.02099
0.00726
0.01778
-0.04898
-0.02357
-0.01962
0.03051
-0.00124
0.01912
-0.02013
-0.02766
-0.04807
-0.06584
-0.02375
-0.00428
0.01043
0.03976
-0.00654
0.01558
0.01577
0.04368
0.04292
0.02097
0.04801
0.03413
0.04978
0.00637
0.00514
0.02537
0.02792
0.01017
0.02433
0.04101
0.07815
0.07538
0.05192
0.03199
0.02899
0.04239
0.03883
-0.00812
-0.00383
-0.01188
-0.01035
0.01164
-0.00717
0.00259
0.0059
0.02513
0.00769
-0.01085
-0.02269
-0.0603
-0.10069
-0.11507
-0.13653
-0.14385
-0.1802
-0.19405
-0.17635
-0.15108
-0.10843
-0.03818
0.00681
0.00105
-0.05147
-0.02313
-0.01476
0.00542
0.02446
0.01289
0.0113
-0.00724
-0.03584
-0.06753
-0.02608
0.01174
0.00354
0.03415
0.04491
0.04045
0.05966
0.02472
0.02726
0.06688
0.11836
0.10937
0.12373
0.09931
0.07123
0.06869
0.09308
0.10098
0.12275
0.12145
0.08684
0.04797
0.04006
0.02628
0.06658
0.04651
0.04922
0.01956
0.00802
0.00204
0.02772
0.06711
0.09269
0.09618
0.15165
0.11151
0.11424
0.09748
0.08934
0.07574
0.11617
0.10873
0.08513
0.12012
0.09024
0.01286
-0.012
0.0149
-0.01606
-0.01282
-0.01957
-0.02244
-0.01901
-0.0077
-0.0318
-0.03492
-0.00259
0.05186
0.08168
0.10303
0.13323
0.10914
0.12719
0.09954
0.07726
0.02986
0.06428
0.08449
0.09426
0.04186
0.04371
0.04393
0.07942
0.01898
0.02558
0.02324
0.0314
0.02341
0.01111
-0.02173
0.00383
0.02452
-0.00853
6.00339E-4
-0.02038
-0.02792
-0.0518
-0.0661
-0.10791
-0.11546
-0.15659
-0.14388
-0.15619
-0.15208
-0.18988
-0.13084
-0.12174
-0.07727
-0.02291
0.01479
0.00956
0.02376
0.01172
0.00826
0.01945
0.03669
0.00671
0.01081
0.01341
-0.0224
-0.04
-0.03106
0.01497
-0.05303
-0.08227
-0.06617
-0.06405
-0.11078
-0.1554
-0.20665
-0.19991
-0.15873
-0.15223
-0.19264
-0.13961
-0.10293
-0.10086
-0.1047
-0.16407
-0.12786
0.02339
0.21553
0.29812
0.51085
0.80348
1.08704
1.35519
1.64833
1.94703
2.17197
2.27443
2.27364
2.24759
2.36927
2.40232
2.43007
2.41867
2.41838
2.40421
2.39913
2.43546
2.52077
2.56013
2.58889
2.48481
2.5166
2.52995
2.60163
2.62887
2.64474
2.67754
2.70882
2.72091
2.74411
2.70365
2.72584
2.69956
2.70027
2.69595
2.67142
2.67038
2.6461
2.59581
2.54526
2.55255
2.58887
2.57141
2.53881
2.51071
2.4596
2.51536
2.47036
2.47957
2.52752
2.52262
2.48995
2.52873
2.56315
2.60715
2.5876
2.593
2.50987
2.54234
2.51497
2.4921
2.48664
2.4623
2.40309
2.39315
2.38947
2.41133
2.41118
2.46711
2.4935
2.54106
2.58363
2.63427
2.61576
2.68788
2.69815
2.67962
2.71663
2.74192
2.70518
2.71035
2.67388
2.66186
2.5973
2.64972
2.62336
2.60181
2.65499
2.67939
2.71717
2.73392
2.71635
2.6826
2.65856
2.67161
2.66116
2.64465
2.70592
2.67329
2.61134
2.58074
2.58145
2.55637
2.55834
2.57417
2.62332
2.62276
2.73076
2.70269
2.73547
2.76115
2.74874
2.69439
2.65947
2.6516
2.62125
2.63532
2.69361
2.58418
2.55508
2.53379
2.56802
2.52297
2.54536
2.55663
2.56309
2.56444
2.54264
2.48525
2.49857
2.54719
2.53801
2.50763
2.54086
2.53268
2.58435
2.62996
2.69603
2.65275
2.64634
2.63946
2.6558
2.61155
2.56022
2.5233
2.56311
2.58806
2.54682
2.51545
2.56512
2.62139
2.6322
2.59299
2.61389
2.62897
2.66902
2.66695
2.63329
2.63779
2.59755
2.52099
2.51437
2.52162
2.49532
2.5089
2.56615
2.56309
2.55421
2.54381
2.55788
2.61869
2.66335
2.60797
2.5811
2.55177
2.55424
2.538
2.55236
2.5508
2.5558
2.60498
2.61451
2.60106
2.61996
2.6881
2.7325
2.74606
2.71294
2.69723
2.68961
2.70041
2.65845
2.59397
2.61513
2.61837
2.56324
2.56977
2.53891
2.55074
2.55042
2.58117
2.58183
2.56483
2.55947
2.57978
2.62615
2.61091
2.61009
2.63167
2.64046
2.64436
2.6531
2.66133
2.65625
2.65394
2.64608
2.57382
2.62732
2.59212
2.56808
2.58821
2.58161
2.57249
2.58205
2.59856
2.61683
2.55819
2.57855
2.54385
2.56927
2.56558
2.51755
2.52985
2.54288
2.51122
2.55935
2.5888
2.66269
2.63803
2.60634
2.59389
2.64254
2.67679
2.65091
2.61382
2.60235
2.56488
2.52817
2.55663
2.61158
2.62411
2.64371
2.56007
2.56245
2.61026
2.63814
2.64436
2.65941
2.69947
2.609
2.61802
2.64773
2.69283
2.74929
2.77142
2.68424
2.65821
2.68647
2.69831
2.63236
2.67576
2.62572
2.64538
2.57968
2.60183
2.53986
2.56703
2.57149
2.55501
2.53398
2.56469
2.52097
2.51715
2.46888
2.4956
2.46122
2.46796
2.529
2.54687
2.58193
2.5622
2.57126
2.63007
2.70453
2.74363
2.78325
2.77916
2.81297
2.77399
2.78481
2.76306
2.77894
2.79986
2.74906
2.71418
2.70071
2.68603
2.7014
2.68167
2.66396
2.67851
2.65752
2.63854
2.61198
2.64654
2.62201
2.62348
2.58986
2.57544
2.58702
2.5986
2.54478
2.50611
2.5174
2.54527
2.5151
2.53491
2.51562
2.49612
2.55188
2.54121
2.5788
2.60882
2.67773
2.69335
2.68826
2.68646
2.68365
2.72832
2.7952
2.72395
2.77038
2.75772
2.73522
2.67685
2.65078
2.65879
2.65433
2.68271
2.65659
2.58655
2.62554
2.63583
2.64535
2.65315
2.67527
2.70554
2.66611
2.70016
2.68346
2.71398
2.72328
2.68056
2.69012
2.69919
2.67012
2.68096
2.66501
2.64324
2.65548
2.64937
2.64908
2.71264
2.73886
2.71052
2.67737
2.70889
2.6881
2.66634
2.67004
2.61034
2.61833
2.40994
2.16517
1.95477
1.68528
1.42938
1.17424
0.93884
0.70442
0.51573
0.27903
-0.04273
-0.15658
0.03906
0.04023
0.04715
0.07271
0.06024
0.07636
0.08199
0.01493
-0.00969
0.03148
0.03238
0.04963
0.06872
0.10509
0.08462
0.16576
0.19703
0.22567
0.23822
0.25918
0.19414
0.14305
0.13735
0.13677
0.11437
0.12871
0.08932
0.03895
0.02937
0.04249
0.07466
0.14732
0.19891
0.16424
0.13756
0.09557
0.09525
0.04852
0.05691
-0.00578
-0.00343
-0.04158
-0.07233
-0.08283
-0.08618
-0.10008
-0.0834
-0.07733
-0.0483
-0.05986
0.02417
0.01595
0.02407
0.02602
0.04456
0.05929
0.06882
0.06895
0.05307
0.03078
0.07216
0.04732
0.0622
0.06166
0.0656
0.04679
0.07408
0.08689
0.09806
0.11279
0.1511
0.14304
0.1543
0.17293
0.21256
0.22661
0.21944
0.23187
0.23817
0.25512
0.24803
0.24995
0.23606
0.24034
0.2218
0.17242
0.16475
0.16768
0.14368
0.12418
0.11697
0.14069
0.15213
0.17233
0.18006
0.17239
0.20046
0.20982
0.1917
0.17616
0.18346
0.15127
0.11368
0.07769
0.05662
0.02832
0.04326
0.03253
-0.01028
4.58364E-4
-0.01544
-0.00289
0.00354
0.02152
0.01166
-0.02234
-0.0137
-0.05663
-0.11107
-0.12983
-0.12763
-0.08129
-0.11185
-0.05607
-0.0539
-3.87074E-4
0.02553
8.19919E-4
0.00526
0.03508
0.03907
0.03315
-0.00171
-0.01353
-0.05843
-0.08002
-0.13362
-0.13668
-0.14347
-0.12529
-0.09278
-0.03535
-0.00689
-0.02387
-0.04075
-0.03055
0.01799
0.07013
0.05903
0.02836
0.01959
0.05306
0.01029
0.03724
0.07397
0.14156
0.16556
0.11306
0.06199
0.09574
0.17985
0.17014
0.10475
0.08165
0.04462
0.05973
0.02926
0.01149
0.02149
0.00899
0.00622
-0.03103
-0.02939
-0.00649
-0.01482
0.00304
-0.01453
0.0099
-0.00466
-0.02385
6.07188E-4
-0.01364
-0.03062
0.00361
0.00108
0.02973
0.01384
0.02162
0.00815
-0.00297
0.03072
0.00246
0.02734
0.0517
0.03164
0.03853
0.05183
0.03051
0.03152
0.00281
0.01286
0.0129
0.03302
0.03362
0.0325
0.00627
-0.00246
-0.03025
-0.01518
-0.04306
0.01361
-4.54807E-5
-0.00848
-0.01034
-0.03839
-0.07895
-0.06236
-0.06699
0.0013
0.00288
0.01835
-0.00632
-0.00622
-0.02383
7.46722E-4
0.04281
0.1045
0.12582
0.15962
0.12262
0.09468
0.12046
0.14829
0.17267
0.19282
0.17931
0.20665
0.17431
0.16373
0.16277
0.14098
0.14196
0.08343
0.02742
0.03681
0.05734
0.02305
0.00139
0.04035
0.07247
0.04323
0.04783
0.06656
0.06685
0.09293
0.06897
0.02631
0.08162
0.05059
0.01222
0.00163
0.03375
0.09614
0.14413
0.15046
0.15931
0.17801
0.18864
0.19433
0.24809
0.30716
0.3026
0.25688
0.22705
0.20734
0.23711
0.2245
0.21233
0.21613
0.18278
0.14118
0.10505
0.12339
0.1466
0.15845
0.14303
0.13399
0.13442
0.10738
0.1273
0.18562
0.20531
0.20505
0.18027
0.19667
0.19615
0.19234
0.18576
0.1764
0.21981
0.20994
0.15008
0.18416
0.19929
0.222
0.20355
0.16287
0.153
0.17902
0.16613
0.16357
0.14818
0.15343
0.10619
0.11375
0.09075
0.11403
0.14957
0.13996
0.12048
0.14523
0.1591
0.16389
0.15934
0.15064
0.12178
0.10705
0.11582
0.13418
0.1588
0.21596
0.21106
0.19081
0.23216
0.28878
0.27675
0.30208
0.33211
0.29982
0.30399
0.29494
0.23618
0.2407
0.27249
0.24785
0.24147
0.2366
0.1964
0.19365
0.21195
0.23685
0.21763
0.22803
0.2183
0.20992
0.20267
0.18588
0.20296
0.2496
0.25754
0.25948
0.18914
0.21777
0.20663
0.23127
0.23086
0.27808
0.2981
0.29621
0.25552
0.26245
0.23354
0.26407
0.29097
0.32432
0.30296
0.28912
0.25848
0.23432
0.21412
0.20673
0.23572
-0.02963
-0.14222
-0.03299
0.00162
0.1329
0.19594
0.32598
0.50043
0.71027
0.93425
1.11251
1.20443
1.29331
1.3423
1.3665
1.34805
1.28946
1.32252
1.31864
1.34439
1.281
1.18048
1.21201
1.1726
1.20567
1.28899
1.36475
1.3804
1.42231
1.43514
1.43361
1.51592
1.57703
1.57399
1.57298
1.60934
1.5866
1.53104
1.54211
1.51178
1.47289
1.52667
1.48954
1.43701
1.48018
1.53624
1.5385
1.51729
1.39758
1.40616
1.4761
1.5271
1.43669
1.45383
1.46163
1.45528
1.63355
1.57694
1.52718
1.71026
1.71328
1.7264
1.71529
1.7274
1.72941
1.65416
1.6895
1.55035
1.54176
1.66347
1.4617
1.42078
1.37179
1.27809
1.23612
1.18635
1.1414
1.08786
1.05426
0.98553
0.94609
1.02108
1.01273
0.97839
1.05666
1.08013
1.11897
1.26642
1.32952
1.26108
1.31713
1.29212
1.21232
1.23074
1.28275
1.26532
1.25646
1.39608
1.3794
1.38925
1.47812
1.48593
1.43188
1.59675
1.58359
1.51538
1.71588
1.78177
1.66809
1.60974
1.49484
1.49458
1.50341
1.52815
1.65239
1.7443
1.84555
1.66069
1.59755
1.75837
1.94851
1.97497
2.00325
1.9906
2.02872
1.83604
1.73272
1.76378
1.82917
1.79
1.54022
1.55133
1.65031
1.53414
1.8013
1.80355
1.73837
1.75528
1.57623
1.63127
1.6997
1.92621
1.82897
1.68449
1.75165
1.44456
1.52739
1.57788
1.58722
1.70742
1.5718
1.53922
1.24149
1.27683
1.32952
1.53447
1.61779
1.5483
1.46445
1.68615
1.65656
1.64565
1.71479
1.76169
1.79423
1.77372
1.60097
1.55522
1.79409













1.7262
1.558
1.46933
1.55314
1.61118
1.73209
1.83586
1.829
1.94136
1.86003
1.78073
1.80322
2.00502
2.06111
1.93132
1.89676
1.8026
1.82334
1.9034
1.87718
1.79666
1.87094
1.90049
1.78205
1.82778
1.8167
1.87581
1.93039
1.87916
1.78399
1.73576
1.7999
1.87368
1.85402
1.81718
1.72249
1.72274
1.87202
1.96876
1.93923
1.93018
1.91102
1.99692
2.01837
2.01813
2.03584
1.99445
1.97299
1.87454
1.8521
1.91802
1.95795
2.0489
1.88299
1.83732
1.8616
1.7427
1.83061
1.90663
1.76727
1.67463
1.61453
1.61407
1.6987
1.77398
1.65405
1.56822
1.63972
1.70061
1.74812
1.85268
1.88273
1.87262
1.85321
1.88684
1.92677
1.98515
2.03266
2.05391
1.91859
2.00752
2.03685
2.02856
2.00487
1.97663
1.78345
1.70065
1.70978
1.82776
1.9422
1.99754
1.79909
1.64737
1.60119
1.61841
1.68891
1.78566
1.76851
1.71224
1.58475
1.42823
1.4194
1.49495
1.56469
1.67836
1.79305
1.81733
1.74995
1.7126
1.65557
1.69677
1.86752
1.8918
1.84891
1.82572
1.68106
1.51419
1.58468
1.6375
1.68223
1.76886
1.71562
1.5015
1.54573
1.61471
1.61071
1.6837
1.72288
1.57999
1.60503
1.65987
1.69172
1.69252
1.76605
1.61381
1.57698
1.63384
1.62882
1.68669
1.73673
1.64258
1.57239
1.58758
1.63434
1.65231
1.77558
1.75769
1.68853
1.66685
1.63103
1.57552
1.70258
1.79731
1.71655
1.75497
1.73531
1.66866
1.75253
1.83767
1.87559
1.87967
1.90597
1.73884
1.67372
1.79042
1.68314
1.54606
1.40469
1.11913
0.86939
0.66008
0.46517
0.23944
0.07248
-0.01296
0.12471
-0.02282
-0.01406
0.01908
0.1641
0.2263
0.25528
0.21687
0.221
0.14711
0.11967
0.137
0.10181
0.06395
0.08134
0.01982
0.05748
0.11704
0.11583
0.12198
0.1032
0.06771
0.01041
-0.06649
-0.10774
-0.1167
-0.10631
-0.09638
-0.04923
-0.03218
-0.01027
-0.0222
-0.00446
-0.04892
-0.01424
0.01288
-0.01397
-0.01575
0.00359
-0.06298
-0.0536
-0.06351
-0.02043
-0.03916
0.00762
0.03786
0.05405
0.04383
0.05067
0.02618
0.05569
0.03605
0.03483
0.04718
0.04732
0.04741
-0.01915
-0.06291
-0.0174
-0.07915
-0.0869
-0.08805
-0.03724
-0.002
-0.04733
-0.04371
-0.04918
-0.0319
0.01192
-0.00923
0.01303
0.04014
0.02706
-0.02082
-0.05658
-0.0056
0.01253
3.2959E-4
0.00251
-0.05835
-0.00876
0.00356
0.00528
0.01253
0.03572
0.01797
9.26649E-4
-0.06573
-0.11598
-0.10231
-0.06983
-0.10948
-0.0986
-0.13571
-0.16492
-0.1284
-0.0944
-0.05048
-0.01194
0.02963
-0.0245
-0.04581
-0.01838
-0.03868
-0.03946
-0.0067
0.03841
0.0964
0.06959
0.08895
0.08987
0.12614
0.13893
0.08177
0.1004
0.1243
0.11411
0.04054
-7.20593E-4
-0.05687
-0.08904
-0.06133
-0.06645
-0.04728
-0.01474
-0.00417
0.0218
0.0263
0.02499
-0.00412
0.05847
0.06171
0.03869
0.04041
0.00349
-0.0021
-0.04153
-0.04686
-0.06661
-0.05579
-0.01971
-0.05579
-0.04585
-0.03117
-0.03714
0.02277
0.02895
0.00671
-0.04823
-0.01129
-0.00551
-0.06841
-0.04538
-0.02443
-0.06778
-0.03321
-0.06905
-0.05621
-0.01097
0.02771
0.01003
-0.01823
9.87851E-4
-0.01692
-0.00564
0.01733
0.00958
-0.02395
-0.00774
0.00343
-0.01622
0.01212
-0.01105
-0.00342
-0.02104
-0.04927
-0.03583
-0.0676
-0.07512
-0.14224
-0.15784
-0.15299
-0.14284
-0.04051
-0.03793
-0.03131
-0.0454
-0.05873
-0.03696
-0.00989
0.01971
0.01472
0.0625
0.00952
-0.03664
-0.05703
-0.04536
-0.02536
-0.05156
-0.06111
-0.03908
-0.03095
-0.0516
-0.11139
-0.11714
-0.10901
-0.09254
-0.07759
-0.06062
-0.00829
-0.02919
-0.02586
-0.03615
-0.02979
-0.04236
-0.01655
-0.0372
-0.02578
-0.03027
-0.04966
-0.07562
-0.04704
-0.09319
-0.06889
-0.02439
-0.00645
0.04054
0.01239
0.03119
0.02389
0.06948
0.04789
0.0416
0.08128
0.07196
0.06376
0.07768
0.06647
0.09208
0.09009
0.08936
0.04806
0.08368
0.0769
0.08159
0.11101
0.08674
0.07756
0.0701
0.05374
0.05982
0.04177
0.04492
0.00154
0.00339
0.01664
-0.03072
-0.01948
-0.0157
0.00704
0.00626
-0.04049
-0.0295
-0.02489
-0.01345
-0.00702
-0.05867
-0.02049
-0.03372
0.00126
-0.0292
0.01468
0.04651
0.04745
0.06683
0.10967
0.1093
0.13368
0.11513
0.1552
0.10508
0.10361
0.08222
0.05971
0.07117
0.05389
0.02318
0.01867
0.04157
0.02464
-0.0306
0.00357
-0.00486
-0.0067
-0.00371
-0.02779
0.00116
0.01147
0.01728
0.0039
0.00212
0.03243
-0.00343
0.00312
-9.90714E-4
0.03758
0.07135
0.02229
0.04243
0.00551
0.00646
0.00185
-0.0119
0.00723
-0.02339
-0.04011
-0.06112
-0.0617
-0.01832
-0.04364
0.03054
-0.00991
0.04248
0.05631
0.04009
0.04102
0.04522
0.02828
0.01902
0.02344
0.01531
-0.02431
0.0217
-0.04821
-0.05635
-0.02489
-0.04233
-0.01765
0.00606
-0.02074
-0.05748
-0.05626
-0.03895
-0.05084
-0.02772
-0.04383
-0.03576
0.02426
0.00319
-0.03431
-0.00572
-0.01366
0.02487
-0.00175
-0.03215
-0.00953
-0.01468
-0.02967
-0.05604
-0.03973
-0.00347
-0.01595
-0.03776
-0.051
-0.06374
-0.0391
-0.03921
-0.01306
0.00552
-0.03322
-0.02626
-0.01879
0.00309
0.05753
0.05338
0.0525
0.05984
0.01959
8.34303E-4
-0.00972
0.02086
0.00617
-0.04931
-0.04614
-0.05664
-0.05163
-0.00243
-0.03382
0.01971
0.03852
0.04793
0.09183
-0.01657
-0.07196
-0.09866
-0.1308
-0.13555
-0.13094
-0.0657
-0.06231
-0.05289
-0.02289
-0.01082
0.00994
-0.03874
-0.00472
-0.01244
-0.05251
-0.02449
0.06836
0.18515
0.27836
0.31733
0.34876
0.32621
0.38705
0.20525
0.10757
0.05012
-0.1501
-0.33915
-0.28713
-0.10078
-0.1279
-0.10539
0.03315
0.01478
0.05002
0.17591
0.34805
0.5675
0.69186
0.73689
0.81505
0.76139
0.89837
0.90935
0.9504
0.8932
0.95772
0.92849
0.92937
0.94389
1.03138
1.12594
1.16213
0.98877
0.84998
0.79101
0.94943
0.88743
0.91255
0.86545
0.86432
0.87404
0.80699
0.83666
0.88547
1.03711
1.12207
1.01513
0.94757
0.90452
0.93292
0.96563
0.92408
0.91155
0.95005
1.10042
1.13716
1.09182
1.09044
1.14884
1.13861
1.07789
1.05981
1.17484
1.29465
1.33114
1.20702
1.14529
1.13835
1.11368
1.09789
1.07352
1.17617
1.16416
1.08216
0.9593
0.93139
0.92874
0.88335
0.84862
0.81716
0.87284
0.96337
0.91421
0.92922
0.91848
0.98275
0.93565
0.88018
0.85227
0.913
1.07952
1.02535
0.99719
0.98869
0.94209
0.97908
0.91279
0.89447
1.00293
1.06695
1.19005
1.11817
1.11577
1.12421
1.15994
1.2088
1.12434
1.08633
1.0662
1.00546
1.04825
0.97236
0.8987
0.88141
0.81284
0.83266
0.8636
0.87457
0.90298
0.93619
1.05171
1.03664
0.91933
0.91617
0.88446
0.95984
0.86498
0.87266
0.87172
0.97588
0.98962
0.82309
0.73937
0.77
0.82265
0.93717
0.93778
0.99771
0.8948
0.87397
0.84328
0.8131
0.81322
0.78986
0.87382
0.96914
0.87811
0.8691
0.89221
0.91481
0.97098
0.98018
1.07421
1.14956
1.23882
1.17632
1.05999
1.05481
0.9988
0.98453
1.03111
1.01077
0.95407
0.85466
0.84999
0.78294
0.68786
0.66854
0.67492
0.71695
0.66903
0.56485
0.60284
0.62595
0.72122
0.76427
0.71868
0.68845
0.72013
0.72119
0.6826
0.66194
0.85643
0.92722
0.89699
0.81296
0.73396
0.79638
0.88961
0.82677
0.88414
0.99176
1.03776
0.91988
0.80881
0.85759
0.87557
0.87864
0.8057
0.88227
0.98306
0.97857
0.86675
0.86476
0.88045
0.88859
0.7945
0.76705
0.79491
0.84551
0.82088
0.77352
0.74712
0.76639
0.76574
0.74288
0.76524
0.84788
0.83942
0.76908
0.73914
0.76451
0.80652
0.89174
1.03328
1.13794
1.1423
1.08686
1.05188
0.99291
1.15915
1.17265
1.06015
0.98849
0.88381
0.7448
0.6525
0.62861
0.68626
0.72577
0.84452
0.6885
0.73813
0.76754
0.83098
0.8402
0.85825
0.86618
0.85199
0.85296
0.85773
0.94632
0.99732
0.94476
0.92831
0.8009
0.80622
0.83095
0.97049
1.02197
1.04715
0.9979
0.84809
0.78115
0.80131
0.86037
0.91967
0.94
0.93638
0.7548
0.69686
0.79557
0.89322
0.9199
0.9936
1.00771
0.9218
0.90165
0.86575
0.86937
0.89905
0.93221
0.81744
0.7592
0.73504
0.66572
0.59386
0.62756
0.66198
0.77953
0.7006
0.71456
0.7417
0.75469
0.69975
0.68367
0.78109
0.92708
0.94349
0.96702
0.865
0.89808
0.89102
0.92284
0.96855
1.08724
1.12918
1.10801
0.9734
0.9396
0.89066
0.89121
0.85867
0.89483
0.82417
0.73331
0.62948
0.56033
0.54976
0.62077
0.69708
0.77867
0.78446
0.82722
0.77046
0.76192
0.75661
0.87884
1.05434
1.02156
0.99609
0.9216
0.89787
0.88747
0.87436
0.88526
0.90593
0.91405
0.70201
0.59351
0.68518
0.69429
0.70748
0.66158
0.60881
0.55072
0.54702
0.63773
0.69732
0.86124
0.8441
0.68709
0.68302
0.7462
0.75028
0.77962
0.82007
0.8537
0.7449
0.70452
0.63514
0.65292
0.68177
0.68333
0.72049
0.67409
0.87615
0.97341
0.96938
0.99994
0.99541
0.9682
0.98793
0.94195
0.93768
0.87256
0.88095
0.64204
0.53645
0.46722
0.35885
0.25154
0.175
0.03076
0.00963
-0.04829
-0.05303
-0.00184
0.07476
0.02945
-0.05417
-0.03328
-0.03346
-0.03419
-0.04197
-0.02161
-0.02655
0.01531
0.01921
-0.01885
-0.02253
0.02337
0.01116
0.01036
0.03183
0.04791
0.03616
0.04098
0.03679
0.02097
0.06123
0.11662
0.0805
0.06084
0.03958
0.05571
0.03343
0.01408
0.00391
-0.02371
-0.02256
0.03093
-0.03476
-0.03646
-0.03749
-0.0044
-0.03003
0.00313
0.0289
-0.01413
0.02026
0.0404
-0.03917
-0.01891
-0.01071
-0.02261
-0.01836
-0.02335
-0.03677
-0.05144
-0.00393
-0.02394
-0.04923
-0.09234
-0.08175
-0.05812
0.00721
0.00101
0.0401
0.0614
0.04332
0.03997
0.04612
0.13002
0.15205
0.12298
0.00182
0