0
0.627
1.198
2.246
3.37
4.611
5.711
6.826
7.98
9.217
10.363
11.521
12.789
13.96
15.23
16.363
17.48
18.769
19.958
21.225
22.395
23.79
25.047
26.196
27.321
28.582
29.765
31.036
32.171
33.303
34.569
35.753
37.052
38.186
39.503
40.655
41.791
43.045
44.198
45.478
46.688
47.931
49.083
50.235
51.486
52.622
53.93
55.044
56.173
57.297
58.527
59.677
60.832
62.067
63.176
64.342
65.609
66.774
68.065
69.193
70.34
71.611
72.74
73.889
75.139
76.24
77.362
78.453
79.561
80.799
81.937
83.271
84.42
85.727
86.856
88.039
89.252
90.392
91.533
92.785
93.948
95.232
96.35
97.518
98.77
99.871
101.012
102.313
103.419
104.553
105.838
107.028
108.144
109.393
110.566
111.823
113.244
114.426
115.677
116.809
117.984
119.225
120.36
121.49
122.758
123.898
125.188
126.299
127.411
128.548
129.824
130.962
132.105
133.337
134.469
135.635
136.869
138.017
139.136
140.417
141.55
142.85
143.965
145.116
146.233
147.466
148.584
149.699
150.85
152.09
153.197
154.328
155.619
156.746
157.925
159.143
160.245
161.37
162.526
163.748
164.851
165.986
167.143
168.362
169.505
170.639
171.889
173.007
174.154
175.438
176.556
177.708
178.969
180.106
181.436
182.553
183.696
184.969
186.135
187.426
188.55
189.674
190.929
192.083
193.208
194.466
195.646
196.959
198.449
199.712
200.88
202.192
203.53
204.93
206.312
207.538
208.757
210.149
211.352
212.595
213.798
215.067
216.44
217.64
218.901
220.106
221.373
222.574
223.843
225.189
226.572
227.948
229.136
230.419
231.602
232.893
234.264
235.668
237.041
238.262
239.518
240.851
242.052
243.314
244.538
245.775
246.977
248.23
249.446
250.695
251.895
253.147
254.352
255.615
256.789
258.084
259.288
260.56
261.76
262.994
264.184
265.475
266.825
268.006
269.277
270.494
271.755
273.138
274.348
275.589
276.809
278.043
279.267
280.486
281.669
282.951
284.344
285.547
286.828
288.168
289.408
290.654
291.856
293.098
294.482
295.697
297.049
298.314
299.536
300.766
301.995
303.246
304.604
305.834
307.066
308.282
309.519
310.905
312.109
313.369
314.572
315.808
317.032
318.281
319.451
320.74
321.957
323.187
324.414
325.68
327.047
328.404
329.808
331.016
332.268
333.635
334.875
336.118
337.469
338.699
339.932
341.32
342.714
343.93
345.161
346.368
347.613
348.997
350.397
351.624
352.852
354.05
355.295
356.544
357.778
358.976
360.294
361.609
362.81
364.065
365.261
366.507
367.916
369.1
370.358
371.587
372.805
374.026
375.255
376.47
377.736
378.935
380.17
381.577
382.805
384.02
385.401
386.604
387.868
389.241
390.465
391.743
393.087
394.48
395.696
396.932
398.295
399.522
400.791
402.162
403.528
404.769
405.993
407.361
408.747
409.958
411.224
412.595
413.974
415.174
416.425
417.65
418.892
420.102
421.36
422.721
424.104
425.488
426.674
427.96
429.153
430.396
431.784
432.985
434.267
435.643
436.852
438.086
439.468
440.849
442.072
443.313
444.703
445.932
447.164
448.353
449.621
450.823
452.096
453.294
454.526
455.91
457.294
458.476
459.74
460.943
462.206
463.392
464.675
465.86
467.123
468.338
469.579
470.971
472.346
473.569
474.796
476.036
477.269
478.504
479.737
481.089
482.305
483.569
484.94
486.169
487.521
488.788
490.148
491.381
492.62
493.821
495.088
496.454
497.656
498.913
500.155
501.394
502.76
503.934
505.211
506.597
507.838
509.058
510.444
511.811
512.99
514.272
515.489
516.757
518.107
519.504
520.703
521.968
523.344
524.554
525.821
527.173
528.571
529.956
531.328
532.517
533.816
535.19
536.551
537.747
538.998
540.391
541.607
542.84
544.08
545.296
546.512
547.803
549.178
550.529
551.924
553.309
554.667
556.044
557.242
558.508
559.76
561.008
562.36
563.725
565.115
566.49
567.689
568.957
570.371
571.722
573.106
574.505
575.706
576.951
578.146
579.394
580.643
581.873
583.094
584.634
585.855
587.091
588.454
589.686
590.933
592.296
593.506
594.778
596.147
597.354
598.616
599.98
601.2
602.463
603.647
604.964
606.292
607.694
608.883
610.129
611.509
612.909
614.279
615.648
617.395
618.724
620.139
621.504
622.906
624.293
625.752
627.144
628.404
629.785
631.193
632.567
633.935
635.334
636.532
637.773
639.176
640.38
641.616
643.019
644.373
645.61
646.846
648.044
649.295
650.692
652.06
653.26
654.535
655.922
657.276
658.527
659.761
660.983
662.203
663.576
664.807
666.039
667.433
668.645
669.957
671.257
672.657
674.016
675.26
676.54
677.886
679.269
680.653
682.02
683.392
684.774
685.978
687.235
688.616
689.833
691.072
692.281
693.549
694.905
696.106
697.396
698.766
699.964
701.22
702.598
703.812
705.06
706.279
707.542
708.765
710.015
711.353
712.575
713.808
715.19
716.399
717.675
719.022
720.212
721.489
722.704
723.968
725.337
726.714
727.923
729.171
730.425
731.655
733.024
734.236
735.459
736.651
737.955
739.3
740.526
741.767
742.967
744.226
745.6
746.983
748.377
749.767
751.13
752.363
753.612
754.816
756.062
757.428
758.648
759.894
761.279
762.648
763.854
765.108
766.493
767.893
769.251
770.473
771.716
773.107
774.322
775.572
776.796
778.013
779.405
780.786
782.004
783.238
784.458
785.691
787.086
788.304
789.557
790.921
792.134
793.367
794.55
795.832
797.048
798.292
799.514
800.758
801.973
803.218
804.595
805.974
807.391
808.734
809.961
811.23
812.576
813.793
815.029
816.221
817.499
818.89
820.069
821.374
822.706
824.106
825.498
826.872
828.074
829.409
830.712
832.083
833.297
834.559
835.937
837.328
838.718
840.079
841.27
842.537
843.941
845.3
846.525
847.762
849.131
850.347
851.615
852.973
854.175
855.447
856.646
857.886
859.298
860.663
861.894
863.133
864.486
865.717
866.963
868.175
869.408
870.643
871.89
873.26
874.656
876.015
877.389
878.622
879.854
881.249
882.639
883.995
885.404
886.769
888.154
889.525
891.239
892.619
893.983
895.687
897.099
898.769
900.455
901.954
903.509
905.195
906.908
908.594
910.276
911.757
913.66
915.143
916.737
918.425
920.115
921.808
923.19
924.39
925.654
927.027
928.405
929.774
931.155
932.54
933.941
935.17
936.405
937.793
939.158
940.387
941.624
942.993
944.22
945.484
946.854
948.216
949.594
950.983
952.364
953.73
955.13
956.348
957.603
958.963
960.363
961.745
963.137
964.498
965.876
967.081
968.33
969.565
970.81
972.174
973.558
974.802
976.09
977.389
978.606
979.872
981.253
982.641
984.026
985.388
986.603
987.837
989.22
990.626
991.984
993.201
994.466
995.851
997.216
998.417
999.682
1001.071
1002.432
1003.614
1004.882
1006.078
1007.346
1008.567
1009.803
1011.036
1012.277
1013.661
1015.026
1016.263
1017.493
1018.886
1020.261
1021.648
1022.866
1024.099
1025.479
1026.858
1028.061
1029.334
1030.688
1032.089
1033.296
1034.545
1035.919
1037.118
1038.39
1039.754
1040.946
1042.211
1043.45
1044.666
1046.074
1047.432
1048.631
1049.898
1051.132
1052.389
1053.73
1055.13
1056.347
1057.57
1058.978
1060.362
1061.73
1063.102
1064.51
1065.895
1067.245
1068.459
1069.741
1071.102
1072.47
1073.877
1075.232
1076.65
1078.022
1079.387
1080.771
1082.172
1083.546
1084.931
1086.312
1087.698
1089.07
1090.477
1091.821
1093.225
1094.595
1095.998
1097.374
1098.767
1100.139
1101.53
1102.884
1104.294
1105.7
1107.121
1108.432
1109.802
1111.208
1112.59
1113.956
1115.342
1116.725
1118.087
1119.492
1120.868
1122.082
1123.313
1124.709
1125.925
1127.174
1128.548
1129.944
1131.19
1132.489
1133.771
1135.16
1136.522
1137.925
1139.295
1140.519
1141.772
1143.152
1144.517
1145.923
1147.31
1148.675
1150.081
1151.435
1152.806
1154.187
1155.585
1156.983
1158.352
1159.725
1161.116
1162.482
1163.862
1165.265
1166.625
1168.048
1169.394
1170.775
1172.176
1173.559
1174.923
1176.308
1177.713
1179.088
1180.455
1181.843
1183.239
1184.603
1186.002
1187.385
1188.746
1190.138
1191.533
1192.899
1194.283
1195.682
1197.066
1198.436
1199.839
1201.189
1202.585
1203.971
1205.356
1206.591
1207.891
1209.178
1210.577
1211.96
1213.345
1214.713
1216.097
1217.497
1218.88
1220.241
1221.626
1223.023
1224.388
1225.632
1226.874
1228.241
1229.621
1231.026
1232.375
1233.604
1234.877
1236.209
1237.612
1238.988
1240.391
1241.75
1243.129
1244.532
1245.887
1247.273
1248.664
1250.14
1251.442
1252.814
1254.203
1255.571
1256.955
1258.328
1259.721
1261.096
1262.482
1263.716
1264.933
1266.333
1267.719
1269.09
1270.479
1271.846
1273.243
1274.627
1276.004
1277.411
1278.77
1280.14
1281.542
1282.922
1284.308
1285.688
1287.067
1288.434
1289.817
1291.219
1292.618
1293.979
1295.348
1296.613
1297.864
1299.199
1300.597
1301.992
1303.334
1304.721
1306.108
1307.561
1308.875
1310.25
1311.734
1313.018
1314.456
1315.897
1317.474
1319.474
1321.482
1323.218
1324.905
1326.557
1328.228
1329.939
1331.603
1333.15
1334.688
1336.385
1337.913
1339.442
1340.977
1342.514
1344.198
1345.738
1347.318
1348.977
1350.662
1352.112
1353.725
1355.533
1357.173
1358.954
1360.803
1362.505
1364.213
1365.94
1367.545
1369.236
1370.689
1372.317
1373.517
1374.811
1376.208
1378.27
1379.536
1380.718
1382.069
1383.385
1384.819
1386.141
1387.818
1389.51
1391.215
1392.987
1394.443
1396.099
1397.697
1399.675
1401.382
1402.852
1404.42
1405.906
1407.61
1409.245
1410.893
1412.576
1414.395
1416.063
1417.709
1419.391
1421.044
1422.697
1424.455
1426.073
1427.802
1429.553
1431.138
1432.83
1434.531
1435.927
1437.285
1438.773
1440.364
1441.751
1443.117
1444.505
1445.893
1447.358
1448.766
1450.198
1451.561
1453.108
1454.494
1456.031
1457.558
1459.039
1460.646
1462.098
1463.527
1465.105
1466.572
1468.006
1469.66
1471.236
1472.719
1474.054
1475.44
1477.066
1478.454
1479.839
1481.246
1482.74
1484.288
1485.692
1487.157
1488.759
1490.146
1491.546
1492.98
1494.289
1495.662
1497.132
1498.501
1499.938
1501.497
1502.915
1504.296
1505.683
1507.039
1508.489
1510.102
1511.488
1513.021
1514.376
1515.701
1517.055
1518.382
1519.782
1521.153
1522.551
1523.981
1525.604
1527.104
1528.677
1530.059
1531.524
1532.827
1534.214
1535.664
1537.272
1538.987
1540.364
1542.059
1543.54
1545.441
1546.872
1548.505
1550.199
1551.606
1553.26
1554.947
1556.652
1558.374
1560.018
1561.716
1563.126
1564.774
1566.504
1568.006
1569.537
1571.223
1572.935
1574.676
1576.317
1577.996
1579.821
1581.386
1583.047
1584.546
1586.135
1587.834
1589.507
1591.211
1592.896
1594.575
1596.265
1597.965
1599.689
1601.35
1603.071
1604.733
1606.413
1607.948
1609.614
1611.485
1613.18
1614.846
1616.664
1618.543
1620.24
1621.95
1623.599
1625.146
1626.995
1628.679
1630.372
1632.069
1633.894
1635.564
1637.227
1638.922
1640.508
1642.519
1644.211
1645.585
1647.354
1649.013
1650.656
1652.321
1654.018
1655.777
1657.709
1659.421
1661.084
1663.101
1664.776
1666.482
1668.161
1669.833
1671.534
1673.29
1674.948
1676.927
1678.39
1679.989
1681.681
1683.492
1685.044
1686.76
1688.165
1689.853
1691.513
1693.183
1694.876
1696.372
1697.949
1699.652
1701.086
1702.49
1704.096
1705.579
1707.185
1708.697
1710.32
1711.934
1713.637
1714.821
1716.708
1718.377
1719.848
1721.293
1723.136
1724.893
1726.652
1728.281
1729.96
1731.732
1733.598
1735.296
1736.776
1738.352
1739.879
1741.416
1742.88
1744.501
1746.2
1747.664
1749.27
1750.662
1752.077
1753.723
1755.397
1757.11
1758.467
1759.626
1760.945
1762.328
1763.549
1764.834
1766.157
1767.347
1768.613
1769.831
1771.086
1772.277
1773.543
1774.734
1776.004
1777.196
1778.461
1779.819
1781.068
1782.276
1783.499
1784.739
1785.927
1787.211
1788.591
1789.777
1791.028
1792.217
1793.506
1794.713
1795.958
1797.349
1798.536
1799.806
1801.165
1802.385
1803.638
1804.854
1806.09
1807.281
1808.55
1809.772
1811.014
1812.41
1813.622
1814.846
1816.085
1817.367
1818.696
1820.087
1821.447
1822.665
1823.905
1825.126
1826.363
1827.76
1828.98
1830.217
1831.58
1832.771
1834.041
1835.264
1836.512
1837.902
1839.124
1840.337
1841.556
1842.795
1843.986
1845.266
1846.458
1847.721
1848.913
1850.181
1851.554
1852.768
1854.006
1855.196
1856.464
1857.858
1859.254
1860.46
1861.715
1862.901
1864.153
1865.374
1866.62
1867.813
1869.063
1870.269
1871.538
1872.731
1874.004
1875.227
1876.476
1877.836
1879.025
1880.282
1881.499
1882.803
1884.134
1885.354
1886.592
1887.959
1889.18
1890.411
1891.603
1892.885
1894.107
1895.343
1896.559
1897.799
1899.011
1900.27
1901.653
1903.012
1904.203
1905.469
1906.679
1907.932
1909.329
1910.522
1911.79
1912.983
1914.264
1915.627
1916.987
1918.207
1919.461
1920.665
1921.915
1923.121
1924.369
1925.753
1927.125
1928.511
1929.701
1930.965
1932.179
1933.433
1935.122
1936.963
1938.494
1939.998
1941.703
1943.339
1945.035
1946.713
1948.34
1950.098
1951.841
1953.389
1954.868
1956.476
1957.975
1959.649
1961.275
1963.223
1964.75
1967.306
1968.927
1971.213
1973.004
1974.613
1976.295
1977.98
1979.659
1981.354
1983.063
1984.732
1986.418
1987.957
1989.498
1991.176
1992.872
1994.559
1996.256
1997.955
1999.707
2001.333
2003.031
2004.706
2006.396
2008.08
2009.529
2010.967
2012.526
2014.233
2016.012
2017.614
2019.312
2020.676
2022.151
2023.592
2025.124
2026.512
2028.286
2029.889
2031.887
2033.593
2035.265
2036.961
2038.662
2040.446
2042.027
2043.731
2045.135
2046.913
2048.497
2050.164
2051.559
2053.251
2054.92
2056.452
2058.001
2059.521
2061.112
2062.575
2064.168
2065.841
2067.658
2069.234
2070.913
2072.376
2074.113
2075.734
2077.386
2079.06
2080.748
2082.425
2083.928
2085.494
2087.219
2088.891
2090.587
2092.276
2093.795
2095.381
2097.024
2098.783
2100.501
2102.13
2103.901
2105.559
2107.24
2108.967
2110.567
2112.226
2114.03
2116.049
2117.907
2119.597
2121.306
2123.108
2124.804
2126.396
2128.358
2130.064
2131.775
2133.734
2135.457
2137.15
2138.811
2140.483
2142.021
2143.637
2145.248
2146.776
2148.37
2150.009
2151.714
2153.207
2154.86
2156.468
2158.152
2159.858
2161.328
2163.015
2164.68
2166.291
2167.707
2169.178
2170.77
2172.429
2174.125
2175.974
2177.521
2179.029
2180.611
2182.273
2183.768
2185.04
2186.228
2187.493
2188.872
2190.079
2191.647
2193.036
2194.452
2195.856
2197.198
2198.57
2199.947
2201.642
2203.321
2205.011
2206.443
2208.095
2209.491
2210.923
2212.533
2214.236
2215.954
2217.599
2219.302
2220.831
2222.485
2224.051
2225.74
2227.526
2229.118
2230.807
2232.515
2234.3
2236.193
2237.87
2239.577
2240.952
2242.652
2244.104
2245.873
2247.5
2249.124
2250.592
2252.163
2253.655
2255.071
2256.627
2258.322
2259.988
2261.69
2263.376
2265.078
2266.826
2268.449
2270.149
2271.826
2273.502
2275.052
2276.902
2278.577
2280.077
2281.674
2283.359
2285.022
2286.721
2288.41
2289.959
2291.609
2293.206
2294.991
2296.872
2298.547
2300.249
2301.938
2303.784
2305.621
2307.318
2309.014
2310.701
2312.429
2314.07
2315.78
2317.248
2319.121
2320.585
2322.206
2323.687
2325.293
2326.982
2328.65
2330.437
2332.18
2333.825
2335.428
2337.171
2338.882
2340.499
2342.163
2343.646
2345.276
2346.681
2348.026
2349.244
2350.464
2351.651
2352.938
2354.117
2355.377
2356.772
2357.982
2359.221
2360.411
2361.68
2362.899
2364.138
2365.351
2366.598
2367.822
2369.048
2370.266
2371.51
2372.711
2373.977
2375.164
2376.415
2377.655
2378.895
2380.055
2381.341
2382.518
2383.804
2385.179
2386.406
2387.707
2389.021
2390.205
2391.493
2392.688
2393.938
2395.128
2396.396
2397.788
2398.978
2400.243
2401.419
2402.684
2403.903
2405.165
2406.527
2407.75
2408.988
2410.381
2411.57
2412.849
2414.048
2415.301
2416.664
2417.854
2419.149
2420.517
2421.726
2422.975
2424.133
2425.432
2426.623
2427.892
2429.078
2430.35
2431.723
2432.914
2434.178
2435.365
2436.634
2437.856
2439.096
2440.27
2441.571
2442.744
2444.012
2445.199
2446.488
2447.665
2448.931
2450.308
2451.5
2452.762
2453.979
2455.243
2456.436
2457.688
2458.861
2460.145
2461.35
2462.599
2463.841
2465.06
2466.266
2467.518
2468.906
2470.283
2471.489
2472.742
2473.947
2475.186
2476.41
2477.66
2478.869
2480.106
2481.488
2482.69
2483.947
2485.147
2486.417
2487.615
2488.859
2490.04
2491.311
2492.512
2493.787
2495.174
2496.338
2497.611
2499.007
2500.224
2501.467
2502.694
2503.916
2505.106
2506.376
2507.575
2508.849
2510.219
2511.604
2513.296
2514.524
2515.758
2516.959
2518.214
2519.422
2520.655
2521.856
2523.107
2524.312
2525.571
2526.97
2528.382
2529.739
2530.888
2532.194
2533.405
2534.627
2535.832
2537.1
2538.482
2539.857
2541.058
2542.354
2543.699
2545.09
2546.471
2547.663
2548.914
2550.152
2551.393
2552.77
2553.95
2555.23
2556.442
2557.679
2559.052
2560.293
2561.515
2562.726
2563.967
2565.2
2566.429
2567.635
2568.903
2570.107
2571.342
2572.722
2573.921
2575.205
2576.561
2577.77
2579.022
2580.258
2581.49
2582.674
2583.949
2585.166
2586.417
2587.783
2588.987
2590.236
2591.453
2592.704
2593.907
2595.17
2596.374
2597.622
2598.801
2600.084
2601.456
2602.853
2604.042
2605.313
2606.489
2607.803
2609.137
2610.326
2611.61
2612.816
2614.063
2615.269
2616.517
2617.906
2619.113
2620.36
2621.561
2622.803
2624.006
2625.256
2626.463
2627.711
2628.944
2630.19
2631.393
2632.649
2633.824
2635.103
2636.339
2637.544
2638.955
2640.33
2641.701
2643.096
2644.466
2645.698
2646.921
2648.151
2649.384
2650.605
2651.84
2653.238
2654.615
2655.993
2657.382
2658.762
2660.148
2661.533
2662.911
2664.126
2665.372
2666.729
2667.976
2669.208
2670.568
2671.95
2673.165
2674.41
2675.627
2676.866
2678.254
2679.477
2680.715
2681.911
2683.191
2684.384
2685.622
2686.812
2688.096
2689.32
2690.559
2691.777
2692.993
2694.201
2695.47
2696.663
2697.929
2699.125
2700.376
2701.756
2703.156
2704.37
2705.605
2706.792
2708.073
2709.267
2710.533
2711.749
2712.976
2714.166
2715.445
2716.666
2717.887
2719.107
2720.347
2721.572
2722.805
2724.01
2725.279
2726.637
2727.851
2729.119
2730.304
2731.572
2732.934
2734.328
2735.518
2736.786
2738.006
2739.238
2740.412
2741.709
2742.932
2744.165
2745.353
2746.606
2747.83
2749.063
2750.278
2751.531
2752.746
2753.984
2755.153
2756.454
2757.621
2758.916
2760.292
2761.5
2762.74
2763.96
2765.248
2766.593
2767.782
2769.031
2770.251
2771.488
2772.707
2773.956
2775.175
2776.43
2777.79
2778.964
2780.266
2781.47
2782.716
2784.107
2785.325
2786.558
2787.952
2789.144
2790.383
2791.62
2792.838
2794.041
2795.298
2796.68
2797.899
2799.152
2800.343
2801.623
2802.848
2804.071
2805.276
2806.512
2807.75
2808.979
2810.181
2811.447
2812.668
2813.919
2815.282
2816.662
2817.889
2819.128
2820.343
2821.573
2822.948
2824.168
2825.431
2826.794
2828.261
2829.556
2830.746
2832.022
2833.227
2834.489
2835.71
2836.929
2838.151
2839.401
2840.776
2841.978
2843.244
2844.429
2845.683
2846.904
2848.146
2849.336
2850.606
2851.798
2853.065
2854.287
2855.511
2856.731
2857.968
2859.373
2860.591
2861.814
2863.007
2864.28
2865.667
2867.055
2868.434
2869.822
2871.185
2872.381
2873.637
2874.826
2876.09
2877.278
2878.573
2879.793
2881.03
2882.407
2883.628
2884.861
2886.025
2887.325
2888.512
2889.775
2891.166
2892.53
2893.718
2894.987
2896.205
2897.469
2898.679
2899.9
2901.124
2902.376
2903.765
2905.143
2906.357
2907.61
2908.826
2910.049
2911.285
2912.516
2913.695
2914.962
2916.353
2917.574
2918.821
2920.18
2921.399
2922.682
2924.017
2925.211
2926.477
2927.884
2929.059
2930.331
2931.536
2932.798
2934.162
2935.352
2936.622
2937.857
2939.077
2940.267
2941.538
2942.917
2944.106
2945.38
2946.561
2947.853
2949.072
2950.291
2951.519
2952.756
2954.143
2955.523
2956.703
2957.969
2959.189
2960.441
2961.652
2962.897
2964.116
2965.347
2966.535
2967.805
2969.026
2970.262
2971.483
2972.722
2974.118
2975.321
2976.577
2977.767
2979.034
2980.414
2981.63
2982.848
2984.065
2985.38
2986.694
2987.932
2989.191
2990.527
2991.933
2993.311
2994.675
2995.896
2997.152
2998.529
2999.735
3001
3002.19
3003.456
3004.672
3005.906
3007.126
3008.357
3009.745
3010.968
3012.188
3013.407
3014.642
3015.827
3017.138
3018.499
3019.886
3021.258
3022.483
3023.736
3024.953
3026.214
3027.557
3028.748
3030.031
3031.233
3032.485
3033.706
3034.957
3036.319
3037.539
3038.763
3039.959
3041.224
3042.621
3043.981
3045.219
3046.469
3047.673
3048.976
3050.291
3051.501
3052.737
3053.927
3055.196
3056.416
3057.652
3058.873
3060.11
3061.336
3062.573
3063.766
3065.037
3066.258
3067.492
3068.684
3069.951
3071.188
3072.428
3073.809
3075.187
3076.547
3077.753
3079.017
3080.402
3081.629
3082.899
3084.227
3085.434
3086.686
3087.937
3089.158
3090.38
3091.602
3092.809
3094.064
3095.285
3096.524
3097.746
3099.001
3100.22
3101.438
3102.63
3103.897
3105.117
3106.358
3107.564
3108.827
3110.047
3111.389
3112.647
3114.053
3115.242
3116.509
3117.875
3119.251
3120.465
3121.713
3122.885
3124.189
3125.41
3126.629
3128.022
3129.405
3130.797
3132.002
3133.25
3134.473
3135.709
3136.934
3138.141
3139.343
3140.611
3141.83
3143.145
3144.447
3145.656
3146.909
3148.116
3149.382
3150.608
3151.89
3153.206
3154.43
3155.683
3156.889
3158.111
3159.331
3160.595
3161.974
3163.338
3164.532
3165.804
3167.197
3168.569
3169.944
3171.133
3172.4
3173.604
3174.971
3176.237
3177.453
3178.717
3179.921
3181.169
3182.376
3183.621
3184.775
3186.093
3187.31
3188.544
3189.761
3190.99
3192.199
3193.454
3194.845
3196.049
3197.3
3198.487
3199.753
3200.926
3202.222
3203.578
3204.799
3206.113
3207.445
3208.806
3210.008
3211.26
3212.482
3213.729
3214.953
3216.18
3217.401
3218.655
3219.856
3221.089
3222.312
3223.569
3224.789
3226.027
3227.229
3228.469
3229.691
3230.93
3232.308
3233.53
3234.767
3236.16
3237.533
3238.736
3239.998
3241.203
3242.456
3243.665
3244.914
3246.129
3247.355
3248.591
3249.847
3251.193
3252.407
3253.657
3254.865
3256.146
3257.363
3258.569
3259.809
3261.048
3262.237
3263.49
3264.679
3265.947
3267.168
3268.529
3269.798
3271.188
3272.546
3273.766
3275.032
3276.407
3277.595
3278.85
3280.041
3281.307
3282.496
3283.78
3284.97
3286.233
3287.615
3289.005
3290.19
3291.454
3292.654
3293.923
3295.111
3296.359
3297.574
3298.812
3300.223
3301.597
3302.818
3304.033
3305.25
3306.514
3307.731
3308.952
3310.331
3311.552
3312.788
3314.009
3315.256
3316.647
3318.035
3319.415
3320.795
3321.999
3323.266
3324.625
3325.831
3327.081
3328.301
3329.552
3330.75
3332.08
3333.376
3334.614
3335.841
3337.047
3338.303
3339.677
3340.896
3342.134
3343.369
3344.587
3345.98
3347.352
3348.543
3349.811
3351.036
3352.284
3353.472
3354.722
3355.943
3357.206
3358.585
3359.949
3361.186
3362.424
3363.784
3365.019
3366.269
3367.625
3368.85
3370.105
3371.467
3372.703
3373.958
3375.324
3376.69
3377.905
3379.17
3380.536
3381.757
3383.109
3384.38
3385.619
3386.875
3388.224
3389.619
3390.842
3392.078
3393.269
3394.521
3395.907
3397.273
3398.498
3399.756
3400.95
3402.206
3403.596
3404.974
3406.155
3407.418
3408.638
3409.888
3411.107
3412.348
3413.536
3414.818
3416.183
3417.572
3418.778
3420.029
3421.41
3422.633
3423.868
3425.088
3426.329
3427.695
3428.91
3430.158
3431.378
3432.61
3433.828
3435.064
3436.286
3437.52
3438.757
3439.979
3441.184
3442.471
3443.832
3445.223
3446.582
3447.973
3449.352
3450.575
3451.831
3453.191
3454.408
3455.661
3456.883
3458.133
3459.491
3460.707
3461.943
3463.322
3464.538
3465.778
3466.999
3468.25
3469.454
3470.708
3471.911
3473.161
3474.385
3475.617
3477.013
3478.235
3479.448
3480.681
3481.935
3483.293
3484.697
3485.914
3487.153
3488.373
3489.629
3490.975
3492.356
3493.548
3494.834
3496.196
3497.388
3498.657
3500.055
3501.428
3502.65
3503.893
3505.107
3506.332
3507.583
3508.831
3510.176
3511.556
3512.772
3514.035
3515.253
3516.489
3517.694
3518.946
3520.334
3521.712
3523.083
3524.461
3525.639
3526.939
3528.161
3529.399
3530.595
3531.848
3533.228
3534.447
3535.685
3536.917
3538.17
3539.533
3540.893
3542.284
3543.676
3545.039
3546.433
3547.808
3549.199
3550.383
3551.668
3553.029
3554.248
3555.58
3556.893
3558.096
3559.328
3560.55
3561.783
3562.988
3564.266
3565.629
3567.027
3568.387
3569.778
3570.973
3572.249
3573.467
3574.685
3575.905
3577.176
3578.541
3579.933
3581.312
3582.539
3583.757
3585.144
3586.338
3587.896
3589.122
3590.358
3591.607
3592.894
3594.205
3595.421
3596.655
3598.053
3599.238
3600.513
3601.89
3603.281
3604.504
3605.729
3607.119
3608.477
3609.699
3610.983
3612.341
3613.714
3614.93
3616.162
3617.57
3618.942
3620.319
3621.509
3622.778
3623.981
3625.228
3626.463
3627.701
3628.922
3630.154
3631.532
3632.908
3634.292
3635.507
3636.745
3637.968
3639.202
3640.419
3641.697
3643.038
3644.275
3645.523
3646.729
3647.98
3649.353
3650.718
3652.12
3653.498
3654.714
3655.953
3657.348
3658.566
3659.815
3661.172
3662.563
3663.955
3665.145
3666.412
3667.767
3669.158
3670.374
3671.62
3672.841
3674.091
3675.466
3676.702
3677.918
3679.308
3680.7
3682.053
3683.239
3684.555
3685.913
3687.287
3688.516
3689.742
3690.963
3692.227
3693.594
3694.813
3696.038
3697.272
3698.507
3699.896
3701.257
3702.663
3704.018
3705.401
3706.624
3707.867
3709.084
3710.335
3711.539
3712.795
3714.158
3715.38
3716.691
3718.02
3719.379
3720.597
3721.849
3723.069
3724.296
3725.516
3726.782
3728.146
3729.368
3730.689
3731.998
3733.375
3734.767
3736.129
3737.363
3738.612
3739.966
3741.187
3742.436
3743.814
3745.193
3746.415
3747.654
3749.03
3750.435
3751.798
3753.014
3754.248
3755.645
3757.034
3758.414
3759.777
3760.981
3762.246
3763.639
3765.002
3766.219
3767.469
3768.861
3770.083
3771.319
3772.543
3773.763
3774.979
3776.218
3777.437
3778.752
3780.055
3781.464
3782.826
3784.218
3785.61
3786.975
3788.195
3789.475
3790.815
3792.203
3793.595
3794.955
3796.192
3797.413
3798.633
3799.867
3801.116
3802.331
3803.723
3805.097
3806.321
3807.572
3808.95
3810.323
3811.702
3813.102
3814.466
3815.863
3817.099
3818.323
3819.706
3821.092
3822.451
3823.7
3824.949
3826.299
3827.676
3829.08
3830.305
3831.545
3832.918
3834.299
3835.658
3836.872
3838.114
3839.514
3840.883
3842.262
3843.647
3845.043
3846.438
3847.858
3849.181
3850.562
3851.96
3853.323
3854.72
3856.113
3857.468
3858.863
3860.266
3861.671
3863.045
3864.449
3865.828
3867.172
3868.542
3869.915
3871.384
3872.755
3874.126
3875.508
3876.941
3878.342
3879.915
3881.317
3882.984
3884.385
3885.786
3887.185
3888.574
3890.005
3891.373
3892.664
3894.054
3895.434
3896.812
3898.2
3899.562
3900.943
3902.329
3903.716
3905.105
3906.472
3907.879
3909.263
3910.757
3912.127
3913.531
3914.895
3916.266
3917.845
3919.232
3920.669
3922.101
3923.498
3925.059
3926.442
3927.936
3929.214
3930.585
3931.817
3933.052
3934.451
3935.826
3937.207
3938.582
3939.817
3941.053
3942.247
3943.491
3944.709
3945.97
3947.339
3948.739
3950.102
3951.501
3952.86
3954.241
3955.498
3956.714
3957.927
3959.203
3960.564
3961.928
3963.317
3964.709
3966.073
3967.465
3968.862
3970.239
3971.604
3973.002
3974.371
3975.773
3977.137
3978.53
3979.901
3981.295
3982.658
3984.05
3985.447
3986.815
3988.21
3989.589
3990.974
3992.412
3993.766
3995.155
3996.536
3997.889
3999.302
4000.951
4002.455
4004.01
4005.486
4007.101
4008.481
4009.926
4011.278
4012.63
4014.003
4015.401
4016.762
4018.155
4019.579
4021.249
4022.928
4024.364
4025.775
4027.219
4028.744
4030.456
4031.955
4033.547
4035.055
4036.6
4038.044
4039.675
4041.204
4042.723
4044.192
4045.805
4047.279
4048.871
4050.316
4051.728
4053.048
4054.413
4055.781
4057.176
4058.569
4059.932
4061.328
4062.694
4064.206
4065.521
4066.859
4068.226
4069.596
4070.987
4072.387
4073.751
4075.146
4076.537
4077.9
4079.298
4080.662
4082.057
4083.427
4084.826
4086.189
4087.588
4088.95
4090.419
4091.763
4093.248
4094.799
4096.198
4097.562
4098.959
4100.347
4101.705
4103.107
4104.466
4105.858
4107.258
4108.623
4110.023
4111.388
4112.784
4114.164
4115.638
4116.959
4118.3
4119.694
4121.055
4122.566
4123.884
4125.22
4126.587
4127.983
4129.361
4130.739
4132.135
4133.503
4134.903
4136.268
4137.666
4139.03
4140.424
4141.792
4143.191
4144.56
4145.958
4147.319
4148.761
4150.399
4151.924
4153.474
4154.95
4156.294
4157.635
4159.014
4160.381
4161.769
4163.455
4164.92
4166.526
4167.742
4168.995
4170.387
4171.75
4172.975
4174.243
4175.606
4176.97
4178.19
4179.442
4180.822
4182.199
4183.58
4184.972
4186.36
4187.738
4189.103
4190.487
4191.705
4192.954
4194.334
4195.726
4197.136
4198.498
4199.851
4201.071
4202.313
4203.707
4205.085
4206.478
4207.86
4209.253
4210.462
4211.728
4213.075
4214.472
4215.84
4217.223
4218.614
4219.99
4221.372
4222.752
4224.146
4225.506
4226.758
4228.011
4229.357
4230.813
4232.132
4233.515
4234.877
4236.264
4237.652
4239.049
4240.411
4242.1
4243.494
4244.889
4246.262
4247.625
4249.02
4250.411
4251.79
4253.168
4254.543
4255.94
4257.321
4258.685
4260.065
4261.46
4262.855
4264.25
4265.614
4266.977
4268.373
4269.749
4271.146
4272.51
4273.897
4275.289
4276.654
4278.037
4279.419
4280.814
4282.201
4283.589
4284.974
4286.425
4287.884
4289.463
4291.101
4292.884
4294.537
4296.219
4297.859
4299.353
4300.928
4302.337
4303.702
4305.092
4306.455
4307.847
4309.241
4310.603
4312
4313.393
4314.753
4316.13
4317.518
4318.911
4320.283
4321.674
4323.056
4324.434
4325.816
4327.191
4328.654
4329.957
4331.349
4332.739
4334.101
4335.494
4336.907
4338.267
4339.66
4341.043
4342.397
4343.808
4345.17
4346.565
4347.952
4349.312
4350.711
4352.089
4353.461
4354.86
4356.224
4357.632
4358.987
4360.394
4361.777
4363.158
4364.516
4365.91
4367.301
4368.664
4370.054
4371.435
4372.831
4374.221
4375.586
4376.981
4378.341
4379.726
4381.104
4382.502
4383.892
4385.282
4386.658
4388.032
4389.42
4390.797
4392.175
4393.571
4394.945
4396.319
4397.71
4399.082
4400.474
4401.863
4403.243
4404.607
4406.066
4407.382
4408.764
4410.142
4411.547
4412.919
4414.284
4415.678
4417.079
4418.44
4419.832
4421.226
4422.604
4423.965
4425.35
4426.744
4428.122
4429.502
4430.892
4432.259
4433.652
4435.047
4436.408
4437.795
4439.189
4440.57
4441.947
4443.315
4444.706
4446.098
4447.49
4448.847
4450.256
4451.614
4453.001
4454.393
4455.777
4457.159
4458.541
4459.91
4461.285
4462.68
4464.057
4465.453
4466.842
4468.203
4469.58
4470.969
4472.364
4473.743
4475.125
4476.503
4477.896
4479.261
4480.652
4482.042
4483.423
4484.79
4486.182
4487.574
4488.952
4490.343
4491.702
4493.1
4494.488
4495.867
4497.23
4498.624
4499.997
4501.393
4502.787
4504.165
4505.528
4506.923
4508.315
4509.774
4511.091
4512.437
4513.844
4515.203
4516.603
4517.98
4519.363
4520.731
4522.119
4523.5
4524.892
4526.261
4527.649
4529.041
4530.408
4531.799
4533.193
4534.555
4535.942
4537.331
4538.722
4540.114
4541.48
4542.867
4544.249
4545.614
4547.003
4548.396
4549.79
4551.163
4552.536
4553.926
4555.319
4556.699
4558.06
4559.45
4560.843
4562.224
4563.617
4564.995
4566.358
4567.747
4569.139
4570.501
4571.894
4573.29
4574.646
4576.059
4577.431
4578.835
4580.191
4581.58
4582.973
4584.949
4586.64
4588.338
4590.007
4591.812
4593.463
4595.083
4596.781
4598.461
4600.163
4601.915
4603.623
4605.226
4606.929
4608.705
4610.596
4612.294
4613.832
4615.471
4617.376
4619.046
4621.048
4622.776
4624.488
4626.11
4627.92
4629.544
4631.227
4632.877
4634.642
4636.389
4638.26
4640.261
4641.924
4643.634
4645.421
4647.035
4648.685
4650.372
4652.066
4653.574
4655.287
4656.893
4658.261
4659.907
4661.588
4663.301
4664.977
4666.658
4668.355
4670.103
4671.731
4673.167
4674.853
4676.538
4678.277
4679.866
4681.685
4683.557
4685.258
4687.245
4688.955
4690.943
4692.618
4694.319
4696.013
4697.796
4699.686
4701.527
4703.38
4705.362
4707.507
4709.384
4711.191
4713.065
4715.052
4716.736
4718.478
4720.114
4721.906
4723.801
4725.55
4727.317
4728.874
4730.578
4732.561
4734.284
4735.944
4737.648
4739.335
4741.135
4743.014
4744.697
4746.498
4748.377
4750.075
4751.773
4753.285
4754.846
4756.543
4758.211
4759.743
4761.332
4762.815
4764.471
4766.125
4767.738
4769.44
4771.117
4772.821
4774.601
4776.216
4777.664
4778.988
4780.33
4781.705
4783.098
4784.489
4785.88
4787.258
4788.631
4790.026
4791.385
4792.782
4794.147
4795.55
4796.938
4798.302
4799.692
4801.082
4802.442
4803.851
4805.207
4806.606
4808.001
4809.364
4810.766
4812.139
4813.532
4814.892
4816.284
4817.662
4819.052
4820.426
4821.816
4823.219
4824.684
4825.992
4827.355
4828.71
4830.101
4831.498
4832.856
4834.247
4835.621
4837.029
4838.39
4839.776
4841.166
4842.543
4843.92
4845.309
4846.698
4848.063
4849.457
4850.864
4852.227
4853.605
4855.015
4856.379
4857.769
4859.277
4860.818
4862.207
4863.598
4864.988
4866.389
4867.763
4869.136
4870.531
4871.937
4873.365
4874.738
4876.169
4877.507
4878.941
4880.486
4881.856
4883.268
4884.641
4886.012
4887.414
4888.788
4890.227
4891.594
4892.938
4894.37
4895.806
4897.149
4898.459
4899.833
4901.227
4902.608
4903.997
4905.357
4906.767
4908.145
4909.524
4910.907
4912.283
4913.658
4915.048
4916.438
4917.83
4919.188
4920.582
4921.969
4923.33
4924.741
4926.107
4927.499
4928.892
4930.253
4931.65
4933.015
4934.403
4935.781
4937.171
4938.544
4939.973
4941.314
4942.693
4944.084
4945.474
4946.839
4948.229
4949.621
4950.997
4952.392
4953.749
4955.156
4956.52
4957.894
4959.281
4960.686
4962.065
4963.524
4964.811
4966.203
4967.57
4968.978
4970.34
4971.719
4973.126
4974.487
4975.864
4977.253
4978.646
4980.01
4981.404
4982.797
4984.188
4985.56
4986.936
4988.315
4989.687
4991.076
4992.452
4993.857
4995.248
4996.599
4998.038
4999.372
5000.765
5002.158
5003.515
5004.922
5006.284
5007.676
5009.056
5010.446
5011.826
5013.192
5014.589
5015.982
5017.342
5018.733
5020.124
5021.498
5022.891
5024.25
5025.643
5027.036
5028.401
5029.781
5031.172
5032.602
5033.962
5035.312
5036.704
5038.09
5039.47
5040.865
5042.229
5043.615
5045.007
5046.383
5047.781
5049.139
5050.529
5051.901
5053.289
5054.667
5056.058
5057.438
5058.828
5060.204
5061.583
5062.962
5064.369
5065.748
5067.202
5068.519
5069.894
5071.258
5072.654
5074.032
5075.406
5076.806
5078.183
5079.573
5080.933
5082.329
5083.721
5085.084
5086.484
5087.845
5089.237
5090.628
5092.008
5093.396
5094.757
5096.149
5097.519
5098.929
5100.295
5101.685
5103.053
5104.443
5105.817
5107.209
5108.6
5109.967
5111.348
5112.743
5114.132
5115.505
5116.899
5118.263
5119.642
5121.046
5122.404
5123.794
5125.182
5126.559
5127.947
5129.338
5130.726
5132.101
5133.462
5134.871
5136.278
5137.621
5138.999
5140.379
5141.757
5143.151
5144.526
5145.916
5147.305
5148.698
5150.055
5151.464
5152.923
5154.293
5155.657
5157.28
5158.805
5160.385
5162.075
5163.811
5165.787
5167.422
5169.117
5170.816
5172.581
5174.315
5175.869
5177.857
5179.58
5181.338
5183.244
5184.769
5186.327
5188.314
5190.109
5192.002
5193.817
5195.472
5197.364
5199.063
5200.747
5202.437
5204.131
5205.809
5207.506
5209
5210.368
5211.991
5213.643
5215.166
5216.85
5218.442
5220.193
5222.114
5223.833
5225.495
5226.922
5228.547
5230.069
5231.637
5233.074
5234.694
5236.145
5237.829
5239.475
5241.31
5242.871
5244.526
5246.235
5248.01
5249.691
5251.584
5253.594
5255.431
5257.292
5259.314
5261.368
5262.996
5264.661
5266.336
5267.78
5269.402
5271.111
5272.5
5274.171
5275.855
5277.38
5278.97
5280.433
5282.012
5283.476
5285.157
5286.773
5288.476
5289.91
5291.338
5292.915
5294.688
5296.295
5297.73
5299.384
5301.071
5302.733
5304.445
5306.195
5307.877
5309.618
5311.186
5312.728
5314.313
5315.742
5317.35
5318.818
5320.709
5322.466
5324.099
5325.793
5327.507
5329.175
5330.843
5332.617
5334.556
5336.526
5338.239
5339.944
5341.639
5343.303
5344.987
5346.727
5348.676
5350.452
5352.144
5353.885
5355.749
5357.442
5359.228
5361.123
5362.801
5364.49
5366.307
5368.487
5370.478
5372.261
5374.166
5376.176
5377.96
5379.854
5381.841
5383.62
5385.309
5387.382
5389.219
5391.24
5393.222
5395.209
5396.997
5398.673
5399.969
5401.361
5402.749
5404.128
5405.518
5406.907
5408.282
5409.672
5411.036
5412.413
5413.804
5415.197
5416.559
5417.947
5419.34
5420.709
5422.108
5423.488
5424.905
5426.261
5427.619
5429.01
5430.387
5431.777
5433.169
5434.53
5435.912
5437.291
5438.682
5440.081
5441.754
5443.529
5445.138
5446.822
5448.519
5449.976
5451.906
5453.591
5455.269
5456.957
5458.67
5460.335
5462.027
5463.799
5465.718
5467.418
5469.094
5470.788
5472.488
5474.17
5475.874
5477.56
5479.34
5481.285
5482.987
5484.636
5486.304
5487.992
5489.984
5491.763
5493.673
5495.368
5497.055
5498.734
5500.563
5502.428
5504.196
5505.899
5507.822
5509.815
5511.579
5513.244
5514.868
5516.586
5518.554
5520.345
5522.271
5524.259
5525.93
5527.651
5529.627
5531.393
5533.133
5534.817
5536.371
5538.068
5539.816
5541.435
5543.133
5544.842
5546.533
5548.242
5550.013
5552.031
5553.898
5555.876
5557.566
5559.073
5560.65
5562.331
5564.12
5566.026
5568.012
5569.781
5571.708
5573.697
5575.693
5577.394
5579.208
5581.073
5582.78
5584.451
5585.924
5587.671
5589.52
5591.203
5593.215
5594.705
5596.381
5597.962
5599.735
5601.041
5602.744
5604.429
5605.895
5607.547
5609.185
5610.718
5612.248
5613.939
5615.964
5617.725
5619.622
5621.44
5623.309
5625.128
5626.994
5628.746
5630.697
5632.471
5634.378
5636.056
5637.908
5639.829
5641.457
5643.179
5644.869
5646.614
5648.504
5650.266
5651.998
5653.684
5655.412
5657.257
5658.946
5660.657
5662.38
5664.036
5666.035
5668.022
5669.786
5671.542
5673.411
5675.143
5676.829
5678.455
5680.139
5681.839
5683.621
5685.274
5686.948
5688.687
5690.315
5691.995
5693.775
5695.482
5697.103
5698.743
5700.463
5702.119
5703.896
5705.803
5707.638
5709.256
5710.999
5712.592
5714.561
5716.362
5718.248
5719.929
5721.62
5723.323
5725.022
5726.729
5728.374
5730.077
5732.088
5734.082
5735.751
5737.448
5739.263
5740.849
5742.207
5743.602
5744.975
5746.366
5747.75
5749.127
5750.494
5751.885
5753.272
5754.658
5756.022
5757.409
5758.806
5760.195
5761.554
5762.946
5764.37
5765.698
5767.094
5768.485
5769.857
5771.25
5772.624
5774.014
5775.376
5776.783
5778.162
5779.548
5780.982
5782.324
5783.706
5785.15
5786.749
5788.446
5790.147
5791.813
5793.219
5794.888
5796.66
5798.271
5799.957
5801.727
5803.346
5804.846
5806.722
5808.25
5809.785
5811.809
5813.584
5815.228
5816.572
5817.951
5819.309
5820.706
5822.075
5823.465
5824.836
5826.247
5827.608
5829
5830.378
5831.775
5833.155
5834.514
5835.905
5837.297
5838.706
5840.067
5841.425
5842.814
5844.21
5845.572
5846.983
5848.365
5849.724
5851.119
5852.506
5853.882
5855.271
5856.645
5858.041
5859.402
5860.783
5862.191
5863.568
5864.936
5866.328
5867.713
5869.075
5870.486
5871.848
5873.254
5874.613
5876.003
5877.4
5878.759
5880.154
5881.531
5882.924
5884.281
5885.684
5887.061
5888.439
5889.833
5891.22
5892.583
5893.974
5895.352
5896.746
5898.106
5899.514
5900.874
5902.264
5903.654
5905.047
5906.422
5907.804
5909.185
5910.577
5911.942
5913.33
5914.708
5916.107
5917.465
5918.856
5920.248
5921.935
5924.022
5925.935
5927.622
5929.289
5930.814
5932.386
5934.069
5935.751
5937.445
5938.9
5940.363
5941.904
5943.378
5944.983
5946.66
5948.094
5949.717
5951.418
5952.89
5954.326
5955.978
5957.689
5959.397
5961.255
5962.966
5964.948
5966.939
5968.932
5970.941
5972.94
5974.929
5976.645
5978.312
5979.672
5981.078
5982.442
5983.838
5985.213
5986.612
5988.022
5989.366
5990.757
5992.12
5993.516
5994.906
5996.279
5997.671
5999.051
6000.431
6001.792
6003.183
6004.57
6005.947
6007.33
6008.715
6010.109
6011.476
6012.868
6014.262
6015.62
6016.997
6018.4
6019.79
6021.165
6022.599
6023.912
6025.303
6026.703
6028.079
6029.456
6030.836
6032.225
6033.586
6034.974
6036.369
6037.734
6039.123
6040.501
6041.88
6043.275
6044.652
6046.051
6047.436
6048.801
6050.198
6051.562
6052.958
6054.322
6055.718
6057.157
6058.5
6059.88
6061.245
6062.64
6064.018
6065.411
6066.778
6068.156
6069.532
6070.926
6072.314
6073.681
6075.058
6076.454
6077.845
6079.22
6080.599
6081.998
6083.357
6084.741
6086.118
6087.508
6088.901
6090.275
6091.744
6093.088
6094.417
6095.807
6097.197
6098.564
6099.954
6101.342
6102.733
6104.093
6105.482
6106.877
6108.237
6109.631
6111.012
6112.405
6113.769
6115.162
6116.552
6117.938
6119.299
6120.699
6122.089
6123.454
6124.836
6126.309
6127.652
6128.988
6130.364
6131.755
6133.147
6134.534
6135.891
6137.297
6138.656
6140.048
6141.426
6142.822
6144.182
6145.574
6146.953
6148.333
6149.738
6151.101
6152.503
6153.866
6155.265
6156.63
6158.011
6159.405
6160.785
6162.163
6163.557
6164.936
6166.307
6167.697
6169.085
6170.476
6171.84
6173.235
6174.615
6175.979
6177.369
6178.748
6180.128
6181.532
6182.906
6184.293
6185.675
6187.038
6188.43
6189.817
6191.211
6192.622
6193.968
6195.408
6196.721
6198.122
6199.489
6200.886
6202.243
6203.63
6205.02
6206.406
6207.811
6209.18
6210.577
6211.963
6213.318
6214.692
6216.08
6217.451
6218.861
6220.855
6222.52
6224.525
6226.305
6228.214
6229.929
6231.59
6233.277
6234.964
6236.656
6238.359
6240.036
6241.42
6242.954
6244.522
6246.211
6247.894
6249.564
6251.311
6252.951
6254.733
6256.625
6258.126
6259.699
6261.381
6264.135
6266.697
6269.237
6270.93
6272.765
6274.62
6276.373
6278.278
6280.016
6281.813
6283.664
6285.372
6287.159
6288.734
6290.417
6291.961
6293.523
6295.492
6297.492
6299.324
6301.186
6302.957
6304.887
6306.625
6308.344
6310.024
6312.041
6314.379
6316.582
6319.448
6322.11
6324.985
6327.349
6329.1
6331.3
6333.717
6336.189
6338.192
6340.286
6342.633
6344.811
6346.59
6348.526
6350.184
6351.643
6353.296
6354.926
6356.36
6358.324
6360.327
6362.101
6364.322
6366.619
6368.906
6370.927
6372.915
6374.929
6377.205
6379.212
6381.23
6383.206
6385.206
6387.008
6388.89
6390.885
6392.889
6394.886
6396.878
6399.323
6401.171
6402.973
6404.873
6406.848
6408.621
6410.393
6412.072
6413.614
6415.41
6417.906
6420.018
6421.972
6424.052
6426.248
6428.569
6430.622
6432.577
6434.52
6436.531
6438.493
6440.883
6443.151
6445.415
6447.716
6450.115
6452.645
6454.729
6456.919
6458.47
6460.3
6462.033
6463.697
6465.22
6466.839
6468.511
6470.154
6471.843
6473.529
6475.223
6476.891
6478.585
6480.354
6481.959
6483.653
6485.355
6487.09
6488.724
6490.251
6491.93
6493.521
6494.98
6496.56
6498.254
6499.942
6501.62
6503.079
6504.706
6506.403
6509.019
6510.989
6512.824
6514.501
6516.681
6518.698
6520.361
6522.096
6523.756
6525.247
6526.811
6528.334
6529.912
6531.413
6533.586
6535.274
6536.968
6538.661
6540.355
6541.782
6543.407
6545.116
6546.526
6548.19
6549.853
6551.345
6552.994
6554.62
6556.005
6557.688
6559.428
6560.908
6562.267
6563.857
6565.518
6567.01
6568.595
6570.29
6571.985
6573.674
6575.368
6576.745
6578.161
6579.526
6580.743
6582.079
6583.415
6584.749
6586.108
6587.495
6588.893
6590.559
6592.261
6593.79
6595.348
6597.088
6598.72
6600.18
6601.784
6603.184
6604.871
6606.297
6607.729
6609.299
6610.985
6612.382
6613.58
6614.837
6616.043
6617.303
6618.519
6619.775
6621.129
6622.369
6623.581
6624.786
6626.984
6628.37
6629.771
6631.144
6632.653
6634.019
6635.388
6636.726
6638.123
6639.462
6640.833
6642.196
6643.556
6644.942
6646.322
6647.724
6649.121
6650.493
6651.844
6653.233
6654.616
6656.017
6657.375
6658.762
6660.164
6661.548
6662.905
6664.308
6665.68
6667.13
6668.469
6669.84
6671.211
6672.599
6673.965
6675.351
6676.74
6678.143
6679.492
6680.875
6682.26
6683.647
6685.029
6686.43
6687.817
6689.185
6690.584
6691.94
6693.371
6694.714
6696.102
6697.467
6698.866
6700.237
6701.947
6703.329
6704.713
6706.07
6707.457
6708.842
6710.225
6711.612
6712.993
6714.362
6715.757
6717.133
6718.531
6719.899
6721.303
6722.675
6724.042
6725.43
6726.819
6728.207
6729.634
6731.005
6732.335
6733.721
6735.103
6736.595
6737.964
6739.32
6740.688
6742.023
6743.396
6744.778
6746.181
6747.568
6748.939
6750.328
6751.703
6753.103
6754.46
6755.842
6757.244
6758.614
6759.981
6761.368
6762.77
6764.146
6765.515
6766.897
6768.315
6769.688
6771.119
6772.492
6773.863
6775.204
6776.57
6777.956
6779.358
6780.745
6782.114
6783.492
6784.873
6786.257
6787.639
6789.015
6790.416
6791.786
6793.19
6794.562
6795.933
6797.317
6798.704
6800.075
6801.475
6802.862
6804.278
6805.732
6807.037
6808.406
6809.784
6811.138
6812.544
6813.898
6815.285
6816.676
6818.05
6819.436
6820.81
6822.195
6823.597
6824.995
6826.367
6827.738
6829.129
6830.495
6831.882
6833.251
6834.653
6836.021
6837.407
6838.81
6840.24
6841.576
6842.946
6844.319
6845.705
6847.075
6848.467
6849.866
6851.234
6852.627
6853.997
6855.398
6856.765
6858.15
6859.523
6860.927
6862.297
6863.667
6865.055
6866.444
6867.811
6869.221
6870.604
6872.034
6873.434
6875.036
6876.463
6877.953
6879.29
6880.63
6881.997
6883.355
6884.752
6886.092
6887.486
6888.869
6890.238
6891.622
6893.011
6894.41
6895.796
6897.163
6898.535
6899.937
6901.303
6902.691
6904.096
6905.494
6906.836
6908.237
6909.728
6911.097
6912.469
6913.84
6915.197
6916.532
6917.905
6919.291
6920.985
6922.342
6923.731
6925.113
6926.503
6927.881
6929.283
6930.651
6932.024
6933.427
6934.814
6936.169
6937.571
6938.971
6940.335
6941.707
6943.204
6944.898
6946.269
6947.628
6948.961
6950.389
6951.787
6953.16
6954.461
6955.863
6957.227
6958.596
6959.978
6961.363
6962.751
6964.15
6965.519
6966.905
6968.279
6969.697
6971.063
6972.435
6973.806
6975.191
6976.573
6977.957
6979.664
6981.153
6982.485
6983.917
6985.487
6986.871
6988.252
6989.623
6991.023
6992.394
6993.777
6995.16
6996.545
6997.916
6999.297
7000.711
7002.077
7003.446
7004.845
7006.227
7007.64
7008.983
7010.361
7011.747
7013.133
7014.588
7015.931
7017.297
7018.673
7020.039
7021.418
7022.823
7024.21
7025.586
7026.954
7028.357
7029.757
7031.131
7032.498
7033.869
7035.256
7036.642
7038.013
7039.398
7040.78
7042.18
7043.552
7044.92
7046.307
7047.691
7049.107
7050.45
7051.854
7053.227
7054.598
7055.979
7057.368
7058.766
7060.136
7061.524
7062.911
7064.31
7065.68
7067.08
7068.454
7069.808
7071.195
7072.57
7073.971
7075.374
7076.742
7078.111
7079.482
7080.865
7082.261
7083.692
7085.077
7086.443
7087.813
7089.169
7090.553
7092.02
7093.618
7095.624
7097.323
7099.013
7100.68
7102.394
7104.064
7105.762
7107.444
7109.143
7110.836
7112.361
7113.946
7115.717
7117.386
7119.026
7120.671
7122.169
7123.799
7125.432
7127.126
7128.627
7130.178
7131.64
7133.271
7134.946
7136.441
7138.01
7139.47
7141.099
7142.563
7144.175
7145.665
7147.241
7148.735
7150.611
7152.132
7153.671
7155.168
7156.763
7158.251
7159.817
7161.3
7162.894
7164.587
7166.277
7167.966
7169.657
7171.338
7173.031
7174.722
7176.24
7177.8
7179.323
7181.175
7182.909
7184.569
7186.26
7187.95
7189.614
7191.305
7193
7195.002
7196.708
7198.381
7200.118
7201.825
7203.463
7205.179
7206.842
7208.534
7210.247
7211.908
7213.314
7214.665
7216.05
7217.421
7218.808
7220.21
7221.642
7223.04
7224.439
7225.844
7227.216
7228.588
7229.959
7231.561
7233.238
7235.246
7237.258
7239.031
7240.639
7242.037
7243.519
7245.096
7246.448
7248.165
7249.568
7250.993
7252.344
7253.79
7255.174
7256.579
7257.949
7259.506
7260.893
7262.296
7263.665
7265.063
7266.435
7267.835
7269.207
7270.582
7271.95
7273.329
7274.715
7276.119
7277.486
7279.196
7280.597
7281.965
7283.33
7284.728
7286.097
7287.499
7288.871
7290.243
7291.616
7293.013
7294.376
7295.758
7297.144
7298.529
7299.903
7301.288
7302.673
7304.07
7305.458
7306.822
7308.225
7309.629
7311.029
7312.4
7313.895
7315.266
7316.635
7318.002
7319.374
7320.746
7322.117
7323.486
7324.842
7326.242
7327.61
7328.953
7330.384
7331.738
7333.137
7334.542
7335.922
7337.259
7338.63
7340.004
7341.393
7342.766
7344.165
7345.569
7346.939
7348.422
7349.758
7351.098
7352.5
7353.856
7355.255
7356.685
7358.102
7359.439
7360.807
7362.177
7363.52
7364.891
7366.275
7367.649
7369.029
7370.429
7371.799
7373.2
7374.575
7375.945
7377.344
7378.745
7380.119
7381.492
7382.954
7384.322
7385.693
7387.059
7388.401
7389.833
7391.206
7392.57
7393.916
7395.299
7396.702
7398.071
7399.474
7400.841
7402.224
7403.623
7404.992
7406.362
7407.761
7409.131
7410.503
7411.888
7413.29
7414.707
7416.14
7417.741
7419.11
7420.493
7421.865
7423.268
7424.667
7426.019
7427.408
7428.809
7430.17
7431.553
7432.926
7434.31
7435.697
7437.083
7438.483
7439.88
7441.28
7442.619
7443.991
7445.369
7446.76
7448.161
7449.596
7450.999
7452.6
7453.971
7455.363
7456.744
7458.146
7459.816
7461.345
7462.905
7464.569
7466.269
7467.769
7469.343
7470.873
7472.402
7473.934
7475.475
7477.001
7478.573
7480.241
7481.764
7483.322
7485.019
7486.708
7488.237
7489.765
7491.475
7493.144
7494.844
7496.374
7497.921
7499.416
7500.991
7502.397
7503.767
7505.14
7506.54
7507.957
7509.328
7510.678
7512.048
7513.418
7514.916
7516.295
7517.69
7519.06
7520.458
7521.825
7523.198
7524.57
7525.94
7527.39
7528.763
7530.164
7531.535
7532.907
7534.296
7535.868
7537.394
7538.762
7540.113
7541.54
7543.084
7544.453
7545.826
7547.21
7548.595
7549.995
7551.391
7552.789
7554.131
7555.502
7556.891
7558.325
7559.662
7561.357
7563.055
7564.453
7566.126
7567.824
7569.255
7570.871
7572.565
7574.079
7575.628
7577.117
7578.693
7580.407
7581.885
7583.471
7584.999
7586.852
7588.314
7589.914
7591.432
7593
7594.456
7596.201
7598.095
7599.741
7601.431
7603.269
7605.115
7606.834
7608.326
7610.202
7611.947
7613.892
7615.587
7617.249
7618.988
7620.67
7622.373
7624.024
7625.721
7627.181
7628.641
7630.293
7632.176
7633.951
7635.563
7637.225
7638.773
7640.384
7642.06
7644.004
7645.822
7647.667
7649.363
7651.07
7652.76
7654.423
7656.115
7657.809
7659.521
7661.263
7663.179
7664.965
7666.646
7668.325
7669.954
7671.65
7673.315
7674.864
7676.549
7678.385
7680.081
7681.775
7683.458
7685.173
7686.88
7688.83
7690.603
7692.376
7694.233
7695.9
7697.607
7699.377
7700.981
7702.673
7704.653
7706.487
7708.13
7709.807
7711.408
7713.114
7715.117
7716.888
7718.899
7720.782
7722.581
7724.628
7726.473
7727.993
7729.603
7732.152
7734.001
7735.85
7737.533
7739.225
7740.922
7742.619
7744.758
7746.721
7748.598
7750.29
7751.971
7753.668
7755.417
7757.063
7758.729
7760.415
7762.108
7763.792
7765.532
7767.247
7768.994
7770.675
7772.246
7773.941
7775.402
7777.003
7778.696
7780.241
7781.78
7783.467
7785.146
7786.84
7788.3
7789.925
7791.449
7792.986
7794.681
7796.143
7797.76
7799.222
7800.834
7802.359
7803.96
7805.627
7807.258
7808.69
7810.046
7811.419
7812.814
7814.216
7815.711
7817.252
7818.638
7820.034
7821.434
7822.811
7824.159
7825.54
7826.943
7828.313
7829.683
7831.075
7832.477
7833.882
7835.247
7836.617
7837.983
7839.387
7840.751
7842.138
7843.536
7844.91
7846.309
7847.68
7849.05
7850.517
7851.884
7853.22
7854.652
7856.025
7857.394
7858.763
7860.166
7861.566
7862.997
7864.396
7865.797
7867.18
7868.548
7870.089
7871.785
7873.243
7874.699
7876.559
7877.927
7879.632
7881.3
7883.065
7885.132
7887.291
7889.014
7890.994
7892.438
7894.138
7895.868
7897.752
7899.728
7901.422
7903.217
7904.86
7906.796
7908.533
7910.5
7912.321
7914.178
7916.179
7917.93
7919.691
7921.271
7923.002
7924.614
7926.323
7928.062
7930.3
7932.161
7933.987
7935.719
7937.694
7939.692
7941.428
7943.106
7944.764
7946.449
7948.139
7949.844
7951.894
7953.8
7955.798
7957.262
7958.868
7960.564
7962.257
7963.943
7965.405
7967.033
7968.452
7969.883
7971.48
7972.968
7974.542
7976.251
7977.71
7979.305
7980.729
7982.184
7983.763
7985.185
7986.647
7988.216
7989.656
7991.113
7992.678
7994.104
7995.737
7997.219
7998.829
8000.597
8002.321
8003.925
8005.584
8007.319
8009.339
8010.965
8012.484
8014.021
8015.839
8017.471
8019.084
8020.791
8022.477
8024.165
8025.845
8027.529
8029.221
8030.91
8032.427
8034.008
8035.49
8037.058
8038.519
8040.137
8041.624
8043.232
8044.718
8046.283
8047.735
8049.173
8050.725
8052.213
8053.809
8055.51
8056.968
8058.565
8059.99
8061.65
8063.075
8064.529
8066.111
8067.537
8068.994
8070.559
8071.955
8073.38
8074.81
8076.378
8077.807
8079.229
8080.828
8082.524
8083.917
8085.433
8086.995
8088.388
8089.837
8091.269
8092.832
8094.327
8095.91
8097.304
8098.737
8100.166
8101.734
8103.13
8104.606
8106.034
8107.564
8108.993
8110.629
8112.061
8113.52
8115.088
8116.52
8117.948
8119.374
8120.919
8122.443
8124.118
8125.696
8127.214
8129.108
8130.799
8132.458
8133.961
8135.839
8137.311
8139.218
8140.89
8142.604
8143.991
8145.401
8146.77
8148.164
8149.524
8151.224
8152.678
8154.27
8155.633
8157.031
8158.421
8160.394
8162.412
8163.869
8165.539
8167.274
8168.921
8170.856
8172.341
8173.921
8175.613
8177.305
8178.991
8180.677
8182.39
8184.385
8186.206
8187.814
8189.439
8191.117
8192.907
8195.2
8196.948
8198.627
8200.29
8201.891
8203.585
8205.276
8206.936
8208.452
8210.34
8212.388
8214.329
8216.018
8217.698
8219.388
8220.939
8222.479
8224.14
8225.83
8227.546
8229.235
8230.753
8232.062
8233.392
8234.739
8236.139
8237.514
8238.939
8240.333
8241.785
8243.357
8245.035
8246.745
8248.415
8249.932
8251.494
8253.191
8254.567
8255.959
8257.35
8258.776
8260.206
8261.803
8263.324
8264.854
8266.252
8267.641
8269.023
8270.376
8271.769
8273.167
8274.538
8275.968
8277.334
8279.002
8280.381
8281.779
8283.145
8284.568
8285.994
8287.357
8288.965
8290.344
8291.741
8293.134
8294.495
8296.201
8297.565
8298.958
8300.415
8301.816
8303.184
8304.603
8305.985
8307.354
8308.761
8310.146
8311.529
8312.887
8314.488
8316.458
8318.254
8320.166
8321.857
8323.348
8324.76
8326.314
8327.71
8329.078
8330.441
8331.823
8333.216
8334.605
8335.976
8337.354
8338.737
8340.132
8341.529
8342.894
8344.262
8345.658
8347.146
8348.731
8350.728
8352.715
8354.45
8356.117
8358.094
8359.585
8361.181
8362.55
8364.258
8365.625
8367.038
8368.439
8369.798
8371.194
8372.651
8374.046
8375.438
8376.771
8378.135
8379.445
8380.878
8382.333
8384.212
8385.671
8387.075
8388.668
8390.091
8391.573
8393.124
8394.567
8396.194
8397.626
8399.254
8400.963
8402.657
8404.116
8405.716
8407.144
8408.599
8410.24
8411.872
8413.361
8414.924
8416.391
8418.02
8419.474
8421.061
8422.583
8424.91
8426.524
8428.146
8429.604
8431.222
8432.736
8434.274
8435.79
8437.495
8439.036
8441.162
8443.047
8444.743
8446.406
8447.863
8449.491
8450.984
8452.564
8454.255
8455.743
8457.332
8458.82
8460.402
8461.861
8463.472
8465.168
8466.686
8468.223
8469.746
8471.327
8472.815
8474.379
8475.869
8477.44
8478.929
8480.557
8482.215
8483.908
8485.399
8486.969
8488.486
8490.045
8491.49
8493.116
8494.638
8496.173
8497.566
8499.087
8500.644
8502.137
8503.722
8505.411
8506.899
8508.484
8509.915
8511.545
8513.001
8514.631
8516.091
8517.69
8519.383
8520.866
8522.464
8524.156
8525.587
8527.211
8528.669
8530.314
8531.975
8533.43
8535.057
8536.745
8538.206
8539.815
8541.511
8543.202
8544.721
8546.333
8547.961
8549.445
8551.013
8552.503
8554.115
8555.799
8557.473
8559.167
8560.858
8562.347
8564.058
8565.73
8567.339
8568.993
8570.481
8572.078
8573.538
8575.134
8576.625
8578.216
8579.739
8581.295
8582.815
8584.357
8586.046
8587.564
8589.118
8590.824
8592.51
8594.2
8595.887
8597.379
8599.055
8600.691
8602.339
8604.003
8605.698
8607.18
8608.785
8610.478
8611.987
8613.553
8615.242
8616.737
8618.292
8619.809
8621.363
8622.877
8624.917
8626.766
8628.256
8629.816
8631.335
8632.886
8634.371
8635.964
8637.486
8639.161
8640.716
8642.26
8643.811
8645.319
8646.901
8648.577
8650.255
8651.958
8653.482
8655.126
8656.705
8658.383
8659.872
8661.457
8662.976
8664.529
8666.017
8667.611
8669.102
8670.668
8672.185
8673.764
8675.254
8676.819
8678.552
8680.213
8681.9
8683.404
8685.075
8686.722
8688.403
8690.039
8691.727
8693.245
8694.791
8696.479
8697.968
8699.916
8701.545
8703.094
8704.674
8706.321
8707.843
8709.513
8711.197
8712.777
8714.462
8716.159
8717.679
8719.353
8721.06
8722.613
8724.13
8725.775
8727.764
8729.684
8731.961
8733.972
8735.746
8737.356
8738.871
8740.451
8742.405
8744.112
8745.789
8747.489
8749.176
8750.691
8752.232
8753.921
8755.453
8757.018
8758.534
8760.089
8761.845
8763.451
8765.151
8766.636
8768.234
8769.935
8771.589
8773.143
8774.689
8776.372
8778.056
8779.743
8781.426
8783.11
8784.817
8786.33
8787.894
8789.58
8791.096
8792.708
8794.349
8796.008
8797.492
8799.111
8800.595
8802.484
8804.155
8805.845
8807.553
8809.237
8810.755
8812.305
8813.847
8815.393
8817.055
8818.571
8820.145
8821.833
8823.354
8824.904
8826.423
8827.96
8829.42
8831.049
8832.505
8833.849
8835.182
8836.59
8837.96
8839.339
8840.832
8842.225
8843.562
8844.897
8846.248
8847.63
8849.015
8850.414
8851.784
8853.161
8854.547
8855.931
8857.301
8858.684
8860.061
8861.475
8862.826
8864.237
8865.615
8867.073
8868.457
8869.761
8871.146
8872.523
8873.906
8875.347
8876.675
8878.06
8879.427
8880.81
8882.209
8883.594
8884.962
8886.345
8887.729
8889.11
8890.496
8891.875
8893.249
8894.63
8896.015
8897.401
8898.781
8900.161
8901.542
8902.923
8904.303
8905.71
8907.092
8908.455
8909.869
8911.218
8912.601
8913.985
8915.358
8916.801
8918.139
8919.523
8920.891
8922.286
8923.666
8925.06
8926.453
8927.815
8929.194
8930.575
8931.958
8933.338
8934.825
8936.16
8937.786
8939.178
8940.698
8942.402
8944.256
8946.099
8947.766
8949.333
8950.818
8952.519
8955.01
8957.318
8960.529
8962.523
8964.293
8965.936
8967.589
8969.278
8971.274
8973.288
8975.082
8976.785
8978.653
8982.497
8985.119
8987.121
8989.397
8991.422
8993.157
8994.922
8996.917
8998.899
9001.077
9003.089
9005.459
9007.395
9009.106
9012.918
9015.222
9016.956
9019.22
9022.561
9024.437
9026.764
9028.497
9030.201
9031.965
9033.811
9035.513
9037.315
9039.194
9040.936
9042.622
9044.291
9046.23
9048.546
9050.545
9052.309
9054.219
9055.923
9057.623
9059.392
9061.039
9062.749
9064.425
9066.36
9068.051
9069.736
9071.501
9073.764
9075.47
9077.17
9078.906
9080.811
9082.547
9084.241
9085.946
9087.622
9089.32
9091.029
9092.934
9094.707
9096.413
9098.079
9099.786
9101.45
9103.127
9104.833
9106.545
9108.457
9110.222
9111.927
9113.6
9115.331
9116.996
9118.671
9120.341
9122.048
9123.697
9125.435
9127.109
9128.814
9130.524
9132.257
9134.105
9135.94
9137.782
9139.552
9141.486
9143.167
9144.854
9146.539
9148.241
9149.919
9151.615
9153.317
9154.991
9156.671
9158.39
9160.059
9161.74
9163.443
9165.142
9166.814
9168.523
9170.516
9172.289
9173.965
9175.637
9177.381
9179.305
9181.257
9182.953
9184.676
9186.331
9188.015
9189.789
9191.764
9193.559
9195.399
9197.101
9198.774
9200.496
9202.202
9203.905
9205.608
9207.313
9209.072
9210.907
9212.609
9214.3
9216.033
9217.8
9219.498
9221.342
9223.174
9225.029
9226.721
9228.43
9230.423
9232.127
9233.802
9235.498
9237.168
9238.875
9240.545
9242.249
9243.98
9245.687
9247.388
9249.318
9251.029
9252.995
9254.722
9256.482
9258.22
9259.89
9261.761
9263.437
9265.154
9266.955
9268.807
9270.499
9272.211
9273.884
9275.623
9277.388
9279.267
9280.954
9282.632
9284.369
9286.041
9287.751
9289.52
9291.396
9293.101
9294.837
9296.51
9298.213
9299.916
9301.589
9303.293
9304.995
9306.664
9308.374
9310.608
9312.912
9314.649
9316.59
9318.279
9320.013
9321.955
9323.96
9325.961
9328.03
9329.939
9331.939
9333.706
9335.645
9337.415













9363.467
9365.265
9367.133
9368.926
9370.88
9372.815
9374.584
9376.49
9378.228
9379.996
9381.675
9383.259
9384.682
9386.141
9387.715
9389.119
9390.551
9391.979
9393.55
9394.955
9396.385
9397.779
9399.375
9401.081
9402.538
9403.99
9405.52
9406.948
9408.372
9409.796
9411.408
9413.064
9414.472
9415.898
9417.328
9418.895
9420.581
9422.02
9423.474
9425.029
9426.424
9427.822
9429.253
9430.991
9432.555
9433.98
9435.465
9437.035
9438.491
9439.923
9441.461
9442.889
9444.324
9445.923
9447.323
9448.723
9450.149
9451.61
9453.145
9454.579
9456.004
9457.602
9459.005
9460.434
9461.858
9463.423
9464.829
9466.285
9467.678
9469.103
9470.667
9472.327
9474.036
9475.429
9476.825
9478.221
9479.615
9481.012
9482.433
9483.825
9485.215
9486.598
9487.997
9489.313
9490.683
9492.32
9493.794
9495.194
9496.51
9497.839
9499.247
9500.638
9502.013
9503.392
9504.739
9506.128
9507.539
9509.009
9510.406
9511.787
9513.16
9514.744
9516.123
9517.49
9518.869
9520.276
9521.653
9523.045
9524.51
9525.888
9527.263
9528.67
9530.022
9531.458
9532.833
9534.193
9535.568
9536.946
9538.324
9539.733
9541.304
9542.701
9544.202
9545.595
9546.972
9548.348
9549.9
9551.286
9552.679
9554.072
9555.446
9556.905
9558.274
9559.647
9561.055
9562.453
9563.849
9565.238
9566.622
9568.044
9569.423
9570.96
9572.339
9573.721
9575.097
9576.472
9577.863
9579.346
9580.715
9582.122
9583.498
9584.887
9586.278
9587.652
9589.027
9590.415
9591.99
9593.412
9594.797
9596.202
9597.578
9598.95
9600.324
9601.76
9603.198
9604.574
9605.954
9607.329
9608.691
9610.271
9611.652
9613.053
9614.542
9615.934
9617.324
9618.702
9620.277
9621.654
9623.038
9624.41
9625.865
9627.239
9628.633
9630.009
9631.378
9632.755
9634.131
9635.534
9636.881
9638.256
9639.664
9641.122
9642.699
9644.085
9645.462
9647.132
9648.526
9650.04
9651.434
9652.977
9654.371
9655.759
9657.132
9658.512
9659.906
9661.305
9662.676
9664.083
9665.461
9666.823
9668.224
9669.693
9671.273
9672.666
9674.026
9675.397
9676.782
9678.209
9679.556
9680.936
9682.362
9683.734
9685.224
9686.595
9687.957
9689.307
9690.685
9692.063
9693.414
9694.825
9696.215
9697.611
9698.992
9700.396
9701.776
9703.152
9704.563
9706.126
9707.509
9708.89
9710.266
9711.642
9713.053
9714.435
9715.84
9717.211
9718.587
9720.087
9721.465
9722.838
9724.219
9725.597
9726.97
9728.558
9730.248
9731.651
9733.028
9734.494
9735.868
9737.29
9738.838
9740.29
9741.668
9743.061
9744.453
9745.805
9747.183
9748.544
9749.953
9751.33
9752.714
9754.125
9755.755
9757.149
9758.549
9759.955
9761.337
9762.713
9764.104
9765.723
9767.192
9768.602
9770.012
9771.574
9773.002
9774.412
9775.807
9777.218
9778.63
9780.156
9781.55
9782.957
9784.39
9785.768
9787.173
9788.549
9790.158
9791.663
9793.006
9794.355
9795.75
9797.144
9798.541
9799.964
9801.513
9802.901
9804.283
9805.687
9807.118
9808.529
9809.906
9811.284
9812.637
9814.054
9815.449
9816.806
9818.228
9819.619
9821.17
9822.565
9823.971
9825.346
9826.795
9828.173
9829.536
9830.941
9832.347
9833.713
9835.11
9836.458
9837.868
9839.249
9840.661
9842.033
9843.406
9844.801
9846.178
9847.559
9848.94
9850.504
9851.897
9853.271
9854.648
9856.058
9857.434
9858.812
9860.215
9861.871
9863.253
9864.644
9866.043
9867.424
9868.799
9870.207
9871.62
9873.014
9874.376
9875.766
9877.143
9878.551
9879.925
9881.333
9882.706
9884.08
9885.459
9886.837
9888.215
9889.595
9890.973
9892.382
9893.995
9895.4
9896.86
9898.265
9899.643
9901.006
9902.413
9903.969
9905.36
9906.752
9908.128
9909.504
9910.912
9912.322
9913.761
9915.164
9916.575
9918.092
9919.471
9920.877
9922.291
9923.703
9925.099
9926.449
9927.829
9929.205
9930.535
9932.021
9933.443
9934.85
9936.379
9937.753
9939.162
9940.568
9941.943
9943.352
9944.761
9946.138
9947.515
9948.891
9950.301
9951.68
9953.097
9954.498
9956.037
9957.415
9958.818
9960.191
9961.571
9962.985
9964.396
9965.834
9967.417
9968.82
9970.286
9971.661
9973.071
9974.477
9976.024
9977.416
9978.822
9980.229
9981.638
9983.003
9984.376
9985.736
9987.175
9988.584
9989.974
9991.527
9992.931
9994.336
9995.719
9997.218
9998.736
10000.141
10001.515
10003.027
10004.403
10005.781
10007.163
10008.557
10009.949
10011.5
10012.882
10014.354
10015.775
10017.186
10018.715
10020.118
10021.509
10022.914
10024.337
10025.719
10027.156
10028.534
10030.088
10031.494
10032.887
10034.268
10035.667
10037.071
10038.681
10040.089
10041.513
10042.879
10044.29
10045.701
10047.277
10048.689
10050.101
10051.513
10052.92
10054.32
10055.697
10057.099
10058.503
10060.037
10061.422
10062.835
10064.213
10065.59
10067.013
10068.403
10069.81
10071.202
10072.578
10074.154
10075.541
10076.93
10078.368
10079.773
10081.148
10082.574
10083.987
10085.374
10086.914
10088.354
10089.797
10091.37
10092.775
10094.15
10095.541
10096.919
10098.296
10099.709
10101.094
10102.5
10103.877
10105.286
10106.726
10108.278
10109.948
10111.357
10112.77
10114.185
10115.596
10117.009
10118.382
10119.937
10121.359
10122.795
10124.397
10125.801
10127.24
10128.664
10130.077
10131.625
10133
10134.387
10135.797
10137.17
10138.573
10139.946
10141.355
10142.765
10144.181
10145.76
10147.169
10148.556
10149.936
10151.331
10152.715
10154.079
10155.547
10156.942
10158.494
10159.871
10161.277
10162.657
10164.07
10165.523
10166.919
10168.47
10169.877
10171.273
10172.654
10174.077
10175.451
10176.875
10178.313
10179.847
10181.353
10182.746
10184.136
10185.696
10187.103
10188.511
10189.916
10191.338
10192.751
10194.273
10195.718
10197.123
10198.501
10199.878
10201.284
10202.681
10204.063
10205.467
10206.867
10208.416
10209.891
10211.274
10212.679
10214.082
10215.639
10217.321
10218.823
10220.386
10221.789
10223.194
10224.598
10226.032
10227.405
10228.816
10230.227
10231.774
10233.17
10234.551
10235.965
10237.376
10238.716
10240.14
10241.512
10243.123
10244.534
10245.945
10247.361
10248.784
10250.366
10251.762
10253.248
10254.649
10256.199
10257.603
10259.01
10260.413
10261.792
10263.16
10264.579
10265.983
10267.561
10268.965
10270.386
10271.792
10273.203
10274.575
10275.982
10277.354
10278.778
10280.292
10281.7
10283.135
10284.54
10285.948
10287.308
10288.909
10290.305
10291.682
10293.135
10294.516
10295.949
10297.357
10298.732
10300.096
10301.485
10303.03
10304.436
10305.857
10307.233
10308.678
10310.268
10311.69
10313.096
10314.501
10316.098
10317.539
10318.982
10320.386
10321.763
10323.311
10324.78
10326.188
10327.566
10328.981
10330.526
10331.937
10333.342
10334.786
10336.196
10337.587
10339.141
10340.551
10341.958
10343.368
10344.781
10346.167
10347.561
10348.965
10350.488
10351.9
10353.339
10354.732
10356.137
10357.512
10358.914
10360.484
10361.898
10363.343
10364.764
10366.334
10367.707
10369.109
10370.512
10371.906
10373.323
10374.729
10376.108
10377.52
10379.063
10380.501
10381.925
10383.359
10384.769
10386.289
10387.744
10389.351
10390.762
10392.23
10393.579
10394.989
10396.586
10397.997
10399.387
10400.852
10402.406
10403.792
10405.184
10406.618
10407.992
10409.403
10410.823
10412.214
10413.622
10415
10416.553
10417.934
10419.343
10420.796
10422.224
10423.768
10425.255
10426.666
10428.07
10429.61
10431.019
10432.668
10434.075
10435.486
10436.922
10438.364
10439.884
10441.289
10442.701
10444.092
10445.501
10447.11
10448.524
10450.192
10451.632
10453.041
10454.451
10456.03
10457.435
10458.872
10460.469
10461.908
10463.551
10465.257
10466.926
10468.627
10470.142
10471.734
10473.38
10475.068
10476.768
10478.452
10480.131
10481.83
10483.535
10485.212
10486.892
10488.614
10490.29
10491.963
10493.667
10495.366
10497.04
10498.744
10500.422
10502.101
10503.813
10505.564
10507.189
10508.663
10510.249
10511.797
10513.314
10514.736
10516.146
10517.587
10519.169
10520.606
10522.012
10523.385
10524.998
10526.372
10527.809
10529.25
10530.688
10532.204
10533.621
10535.03
10536.43
10538.056
10539.468
10540.905
10542.312
10543.875
10545.284
10546.695
10548.336
10549.745
10551.124
10552.53
10553.999
10555.576
10557.008
10558.634
10560.331
10561.702
10563.099
10564.769
10566.157
10567.557
10569.018
10571.055
10573.05
10575.006
10577.032
10578.921
10580.904
10582.889
10584.329
10586.121
10588.03
10590.27
10592.266
10594.366
10596.268
10598.328
10600.26
10602.27
10604.259
10606.242
10608.566
10610.715
10612.644
10614.899
10616.853
10618.995
10621.171
10623.138
10625.14
10627.156
10628.82
10630.815
10632.367
10633.743
10635.29
10636.665
10638.179
10639.74
10641.145
10642.569
10644.004
10645.583
10646.992
10648.442
10650.018
10651.431
10652.864
10654.333
10655.878
10657.926
10659.671
10661.553
10663.247
10665.09
10666.926
10668.758
10670.609
10672.438
10674.286
10676.056
10677.762
10679.667
10681.377
10683.044
10684.739
10686.446
10688.133
10689.801
10691.498
10693.508
10695.189
10696.899
10698.563
10700.244
10702.032
10703.947
10705.481
10707.125
10708.808
10710.697
10712.507
10714.382
10716.075
10717.771
10719.617
10721.464
10723.463
10725.241
10726.935
10728.941
10730.646
10732.202
10733.747
10735.587
10737.359
10739.005
10740.642
10742.456
10744.328
10745.885
10747.534
10749.419
10751.132
10752.874
10754.513
10756.479
10758.158
10759.843
10761.542
10763.239
10764.922
10766.627
10768.405
10769.993
10771.484
10773.094
10774.807
10776.491
10778.136
10779.812
10781.536
10783.344
10785.208
10786.982
10788.614
10790.354
10792.26
10794.038
10795.764
10797.432
10799.342
10801.328
10803.33
10805.314
10807.121
10809.044
10811.009
10812.815
10814.703
10816.375
10818.067
10819.764
10821.461
10823.213
10824.831
10826.527
10828.197
10829.957
10831.638
10833.579
10835.57
10837.27
10839.273
10840.992
10842.735
10844.956
10846.997
10848.951
10850.627
10852.337
10854.084
10856.09
10858.007
10860.012
10862.028
10864.079
10866.015
10867.694
10869.364
10871.14
10872.858
10874.543
10876.433
10878.429
10880.203
10881.581
10883.015
10884.584
10886.045
10887.653
10889.085
10890.739
10892.237
10893.812
10895.218
10896.671
10898.263
10899.939
10901.379
10902.819
10904.41
10905.85
10907.312
10908.865
10910.275
10911.706
10913.319
10914.739
10916.173
10917.611
10919.133
10920.618
10922.228
10923.636
10925.097
10926.504
10928.069
10929.545
10931.175
10932.61
10934.185