0
2.454
3.864
5.243
6.623
8.127
9.661
11.129
12.755
14.226
15.81
17.315
18.881
20.399
21.947
23.416
25.014
26.49
28.101
29.568
31.159
32.662
34.242
35.767
37.303
38.799
40.396
41.895
43.473
44.977
46.523
48.208
49.679
51.308
52.979
54.479
56.06
57.563
59.142
60.657
62.188
63.676
65.284
66.689
68.1
69.579
71.113
72.552
73.968
75.386
76.945
78.476
80.016
81.45
82.895
84.474
85.879
87.541
89.528
91.246
93.217
95.058
97.024
99.21
101.212
102.707
104.424
106.056
107.717
109.669
111.391
113.028
114.413
115.886
117.307
118.893
120.696
122.56
124.286
125.981
127.681
129.377
131.081
132.814
134.54
136.378
138.107
139.84
141.591
143.463
145.16
146.949
148.84
150.511
152.273
154.03
155.897
157.889
159.956
161.989
164.194
166.501
168.6
170.941
173.103
175.397
177.468
179.708
181.836
184.058
186.326
188.614
190.752
192.933
195.061
197.209
199.311
201.531
203.83
205.962
208.112
210.415
212.543
214.722
216.816
219.026
221.322
223.424
225.632
227.697
229.763
231.944
234.069
236.245
238.337
240.538
242.606
244.835
246.955
249.133
251.198
253.449
255.567
257.74
259.823
262.042
264.35
266.417
268.658
270.936
273.014
275.301
277.546
279.842
281.969
284.152
286.278
288.455
290.593
292.762
294.884
297.053
299.174
301.347
303.475
305.668
307.779
309.959
312.034
314.27
316.392
318.569
320.639
322.645
324.402
326.546
328.845
330.976
333.155
335.187
337.227
339.284
341.466
343.452
345.437
347.429
349.427
351.443
353.424
355.43
357.423
359.413
361.203
363.103
365.094
366.82
368.553
370.223
371.952
373.622
375.382
377.238
378.967
380.723
382.624
384.382
386.103
387.992
389.779
391.531
393.384
395.373
397.178
399.049
400.877
402.735
404.723
406.742
408.721
410.734
413.027
415.158
417.37
419.63
421.79
423.945
426.235
428.538
430.658
432.854
434.924
437.154
439.281
441.459
443.75
445.869
448.041
450.369
452.468
454.644
456.771
458.975
461.27
463.395
465.557
467.655
469.864
472.02
474.169
476.307
478.454
480.78
483.073
485.392
487.497
489.686
491.987
494.052
496.297
498.399
500.591
502.719
504.982
507.197
509.5
511.608
513.785
515.942
518.099
520.392
522.489
524.697
526.824
529.071
531.305
533.439
535.69
537.921
539.96
542.226
544.321
546.499
548.573
550.799
552.839
554.966
557.098
559.164
561.168
563.118
565.127
567.246
569.412
571.398
573.151
574.91
576.602
578.295
580.154
581.856
583.556
585.532
587.292
589.014
590.735
592.604
594.36
596.122
597.958
599.686
601.408
603.135
604.86
606.731
608.495
610.43
612.415
614.233
616.119
618.079
619.932
621.842
623.805
625.899
628.074
630.202
632.511
634.699
636.991
639.093
641.283
643.406
645.581
647.708
649.886
651.981
654.188
656.491
658.549
660.79
662.828
665.095
667.198
669.382
671.458
673.524
675.695
677.796
680.005
682.076
684.288
686.642
688.905
691.035
693.203
695.505
697.582
699.823
701.958
704.104
706.201
708.414
710.487
712.701
714.768
717.011
719.082
721.325
723.451
725.617
727.711
729.919
732.047
734.223
736.263
738.265
740.508
742.511
744.501
746.501
748.521
750.497
752.485
754.478
756.243
758.169
760.164
761.925
763.678
765.38
767.078
768.742
770.637
772.367
774.072
775.742
777.445
779.116
780.847
782.577
784.449
786.448
788.441
790.14
791.622
793.188
794.891
796.644
798.579
800.336
802.279
804.248
806.265
808.255
810.246
812.239
814.248
816.248
818.281
820.551
822.614
824.655
826.833
828.846
830.889
832.957
835.12
837.223
839.432
841.475
843.489
845.476
847.489
849.534
851.549
853.725
855.763
857.867
860.014
862.054
864.135
866.32
868.459
870.623
872.928
875.237
877.334
879.521
881.679
883.822
885.976
888.196
890.446
892.513
894.724
896.858
899.03
901.335
903.459
905.638
907.941
910.039
912.243
914.311
916.543
918.944
921.808
924.071
926.473
928.703
930.67
932.992
935.283
937.378
939.584
941.878
944.492
946.793
950.658
952.959
955.259
957.865
960.491
962.786
965.077
967.208
969.685
971.983
974.619
978.137
980.78
983.13
985.368
987.668
990.274
992.613
994.884
997.004
999.316
1001.474
1003.785
1006.186
1008.394
1010.525
1012.718
1014.75
1016.706
1018.988
1021.32
1023.623
1025.958
1028.243
1030.587
1032.818
1034.86
1037.124
1039.279
1041.495
1043.731
1045.83
1048.037
1050.144
1052.123
1054.34
1056.401
1058.617
1060.77
1062.631
1064.93
1066.942
1068.921
1071.003
1073.213
1075.221
1077.248
1079.348
1081.228
1083.262
1085.266
1087.231
1089.195
1091.2
1093.24
1095.247
1097.349
1099.489
1101.532
1103.602
1105.582
1107.793
1109.798
1112.076
1114.083
1116.081
1118.093
1120.082
1122.131
1124.117
1126.163
1128.173
1130.149
1132.159
1134.105
1136.148
1138.347
1140.389
1142.46
1144.474
1146.655
1148.669
1150.677
1152.711
1154.756
1156.791
1158.767
1160.922
1163.042
1165.055
1167.243
1169.318
1171.531
1173.668
1175.846
1177.847
1179.85
1181.933
1184.114
1186.13
1188.237
1190.247
1192.225
1194.238
1196.416
1198.514
1200.731
1202.81
1205.025
1207.069
1209.319
1211.634
1213.706
1215.917
1217.957
1220.026
1222.209
1224.285
1226.266
1228.308
1230.315
1232.496
1234.537
1236.611
1238.615
1240.799
1242.842
1244.857
1246.871
1248.792
1250.826
1252.836
1254.815
1256.825
1258.887
1260.895
1263.07
1264.863
1267.077
1269.089
1271.136
1273.182
1275.371
1277.38
1279.363
1281.373
1283.357
1285.401
1287.643
1289.658
1291.658
1293.712
1295.724
1297.944
1299.957
1301.968
1303.982
1306.03
1308.254
1310.328
1312.368
1314.346
1316.333
1317.921
1319.426
1320.988
1322.67
1324.354
1326.067
1327.752
1329.259
1330.866
1332.514
1334.196
1335.878
1337.587
1339.26
1340.941
1342.655
1344.337
1345.843
1347.414
1349.095
1350.774
1352.491
1353.998
1355.718
1357.343
1359.003
1360.621
1362.3
1364.011
1365.695
1367.377
1369.059
1370.769
1372.588
1374.188
1375.837
1377.511
1379.218
1380.969
1382.597
1384.265
1385.974
1387.697
1389.65
1391.326
1393.043
1394.731
1396.405
1398.085
1399.793
1401.491
1403.178
1404.858
1406.54
1408.22
1409.931
1411.69
1413.624
1415.403
1417.133
1418.983
1420.81
1422.666
1424.49
1426.406
1428.198
1430.045
1431.861
1433.734
1435.434
1437.163
1438.824
1440.504
1442.168
1443.865
1445.625
1447.355
1448.992
1450.656
1452.334
1453.805
1455.385
1456.792
1458.26
1459.856
1461.3
1462.742
1464.307
1465.776
1467.387
1469.063
1470.599
1472.145
1473.559
1475.029
1476.575
1478.009
1479.652
1481.153
1482.735
1484.409
1485.854
1487.293
1488.888
1490.335
1491.777
1493.348
1494.79
1496.405
1497.855
1499.296
1500.847
1502.257
1503.71
1505.115
1506.697
1508.102
1509.523
1510.988
1512.52
1513.96
1515.434
1516.982
1518.678
1520.38
1522.07
1523.475
1524.878
1526.35
1527.896
1529.4
1530.952
1532.447
1534.023
1535.488
1536.947
1538.495
1539.932
1541.368
1542.951
1544.356
1545.792
1547.235
1548.787
1550.262
1551.704
1553.246
1554.747
1556.32
1557.747
1559.676
1561.37
1562.828
1564.296
1565.826
1567.262
1568.726
1570.303
1571.74
1573.374
1574.848
1576.446
1577.881
1579.3
1580.885
1582.321
1583.789
1585.352
1586.806
1588.245
1589.799
1591.299
1592.88
1594.352
1595.93
1597.481
1599.025
1600.47
1601.879
1603.461
1604.898
1606.367
1607.916
1609.384
1610.804
1612.379
1613.824
1615.297
1616.842
1618.247
1619.747
1621.278
1622.749
1624.372
1625.832
1627.259
1628.804
1630.242
1631.652
1633.092
1634.64
1636.078
1637.57
1639.106
1640.542
1641.98
1643.558
1644.964
1646.371
1647.817
1649.398
1650.835
1652.474
1653.911
1655.361
1656.922
1658.419
1660.005
1661.465
1663.07
1664.511
1665.963
1667.512
1668.982
1670.593
1672.295
1673.732
1675.355
1676.841
1678.419
1679.857
1681.321
1682.868
1684.34
1685.951
1687.36
1688.835
1690.419
1691.864
1693.286
1694.863
1696.285
1697.728
1699.303
1700.776
1702.231
1703.781
1705.248
1706.856
1708.297
1709.903
1711.342
1712.816
1714.357
1715.8
1717.271
1718.818
1720.243
1721.683
1723.264
1724.7
1726.151
1727.73
1729.205
1730.816
1732.253
1733.686
1735.267
1736.705
1738.145
1739.539
1741.092
1742.533
1743.974
1745.555
1747.225
1748.699
1750.136
1751.688
1753.132
1754.571
1756.151
1757.644
1759.218
1760.656
1762.09
1763.689
1765.133
1766.574
1768.118
1769.574
1771.015
1772.585
1774.052
1775.489
1777.033
1778.441
1779.906
1781.501
1782.94
1784.563
1786.002
1787.453
1789.033
1790.5
1792.081
1793.549
1795.174
1796.647
1798.241
1799.681
1801.118
1802.702
1804.131
1805.604
1807.138
1808.597
1810.039
1811.586
1813.026
1814.469
1816.047
1817.481
1818.979
1820.515
1822.207
1823.617
1825.088
1826.638
1828.082
1829.726
1831.196
1832.809
1834.273
1835.869
1837.308
1838.769
1840.32
1841.778
1843.391
1844.82
1846.322
1847.858
1849.317
1850.928
1852.371
1853.837
1855.392
1856.837
1858.445
1859.989
1861.522
1862.958
1864.436
1865.977
1867.4
1868.871
1870.432
1871.898
1873.34
1874.892
1876.387
1877.965
1879.413
1880.82
1882.413
1883.837
1885.297
1886.875
1888.312
1889.785
1891.33
1892.802
1894.398
1895.863
1897.463
1898.964
1900.528
1901.997
1903.436
1904.986
1906.429
1907.918
1909.45
1910.921
1912.514
1913.939
1915.365
1916.979
1918.426
1919.863
1921.437
1922.859
1924.329
1925.88
1927.353
1928.796
1930.328
1931.74
1933.186
1934.784
1936.252
1937.696
1939.242
1940.683
1942.124
1943.708
1945.153
1946.769
1948.213
1949.681
1951.225
1952.695
1954.286
1955.729
1957.198
1958.744
1960.185
1961.832
1963.308
1964.899
1966.419
1967.967
1969.363
1970.817
1972.532
1974.102
1975.544
1977.016
1978.566
1979.975
1981.452
1983.016
1984.442
1986.096
1987.568
1989.175
1990.616
1992.037
1993.613
1995.051
1996.52
1998.084
1999.583
2001.136
2002.581
2004.054
2005.595
2007.007
2008.684
2010.358
2011.845
2013.452
2014.955
2016.5
2017.987
2019.587
2020.997
2022.442
2024.03
2025.507
2027.098
2028.571
2030.169
2031.64
2033.094
2034.64
2036.083
2037.537
2039.074
2040.546
2042.146
2043.617
2045.088
2046.627
2048.295
2049.732
2051.373
2052.809
2054.279
2055.828
2057.253
2058.696
2060.278
2061.735
2063.199
2064.739
2066.196
2067.61
2069.193
2070.645
2072.113
2073.663
2075.337
2076.808
2078.407
2079.897
2081.494
2082.931
2084.388
2085.961
2087.405
2088.843
2090.39
2091.818
2093.274
2094.856
2096.284
2097.749
2099.303
2100.989
2102.487
2104.077
2105.512
2107.762
2109.76
2111.742
2113.74
2115.728
2117.471
2119.531
2121.52
2123.422
2125.733
2127.732
2130.031
2131.823
2133.695
2135.693
2137.533
2139.195
2141.083
2143.21
2145.184
2147.153
2149.362
2151.451
2153.451
2155.376
2157.37
2159.144
2160.889
2163.033
2164.885
2166.758
2168.859
2170.714
2172.413
2174.537
2176.715
2179.036
2181.103
2183.336
2185.334
2187.133
2189.004
2190.727
2192.679
2194.701
2196.698
2198.72
2201.022
2202.976
2204.819
2206.788
2208.752
2210.498
2212.34
2214.425
2216.391
2218.502
2220.374
2222.35
2224.323
2226.318
2228.327
2230.066
2232.026
2234.011
2235.754
2237.685
2239.743
2241.781
2243.988
2246.123
2248.296
2250.289
2252.05
2253.967
2255.972
2257.982
2259.692
2261.733
2263.468
2265.339
2267.643
2270.005
2272.087
2273.957
2276.035
2278.599
2280.677
2282.564
2284.543
2286.587
2288.397
2290.599
2292.632
2294.518
2296.516
2298.256
2300.225
2301.974
2304.024
2305.915
2307.95
2309.928
2311.874
2313.682
2315.986
2317.869
2319.878
2321.711
2323.684
2325.566
2327.85
2329.855
2332.596
2334.849
2337.194
2339.182
2341.197
2343.159
2345.377
2347.666
2349.668
2352.275
2354.132
2355.975
2357.955
2360.328
2362.261
2364.349
2366.888
2368.929
2370.879
2372.995
2374.852
2376.866
2378.659
2380.854
2383.468
2385.772
2387.809
2389.911
2392.086
2394.387
2396.441
2398.683
2400.506
2402.065
2403.503
2405.142
2406.615
2408.214
2409.686
2411.268
2412.754
2414.336
2415.812
2417.25
2418.804
2420.277
2421.856
2423.305
2424.937
2426.424
2428.017
2429.491
2431.089
2432.55
2434.165
2435.62
2437.239
2438.76
2440.309
2441.782
2443.225
2444.772
2446.235
2447.845
2449.267
2450.909
2452.376
2453.988
2455.434
2457.044
2458.52
2460.134
2461.591
2463.182
2464.655
2466.105
2467.641
2469.077
2470.525
2472.11
2473.787
2475.225
2476.694
2478.259
2479.713
2481.328
2482.806
2484.385
2485.842
2487.27
2488.848
2490.287
2491.752
2493.297
2494.734
2496.169
2497.744
2499.217
2500.83
2502.304
2503.903
2505.374
2506.808
2508.357
2509.795
2511.266
2512.81
2514.307
2515.884
2517.383
2519.269
2520.955
2522.639
2524.418
2526.641
2528.945
2531.001
2532.999
2535.02
2537.545
2539.597
2541.535
2543.676
2545.838
2547.82
2549.9
2551.643
2553.637
2555.826
2557.811
2559.648
2561.495
2563.271
2565.187
2567.195
2569.323
2571.244
2573.484
2575.527
2577.483
2579.465
2581.48
2583.502
2585.576
2587.441
2589.462
2591.581
2593.489
2595.499
2597.756
2599.75
2601.896
2604.049
2606.158
2608.359
2610.397
2612.427
2614.486
2616.646
2618.691
2620.756
2622.934
2624.938
2626.921
2628.941
2631.043
2633.221
2635.543
2637.611
2639.837
2642.124
2644.241
2646.452
2648.565
2650.573
2652.891
2655.055
2657.106
2659.351
2661.423
2663.658
2665.763
2668.025
2670.252
2672.388
2674.563
2676.641
2678.841
2680.864
2683.136
2685.158
2687.137
2689.133
2691.131
2693.158
2695.213
2697.119
2699.247
2701.523
2703.49
2705.501
2707.442
2709.435
2711.501
2713.728
2715.855
2718.031
2720.014
2722.078
2724.075
2726.089
2728.325
2730.299
2732.324
2734.615
2736.707
2738.91
2741.206
2743.197
2745.206
2747.21
2749.229
2751.312
2753.63
2755.923
2758.122
2760.425
2762.476
2764.73
2767.022
2769.311
2771.626
2773.625
2775.665
2777.742
2779.713
2781.926
2783.935
2786.248
2788.223
2790.222
2792.044
2794.015
2796.199
2798.205
2800.185
2802.225
2804.183
2806.506
2808.492
2810.842
2812.933
2814.931
2817.107
2819.191
2821.405
2823.689
2825.724
2827.761
2829.796
2831.733
2833.727
2835.695
2837.837
2839.735
2841.479
2843.348
2845.366
2847.367
2849.652
2851.655
2853.703
2855.74
2857.947
2859.945
2862.106
2864.261
2866.561
2868.861
2870.936
2873.163
2875.457
2877.29
2879.454
2881.448
2883.482
2885.535
2887.746
2889.797
2891.867
2893.866
2896.042
2898.351
2900.341
2902.353
2904.65
2906.949
2909.033
2911.25
2913.252
2915.559
2917.627
2919.64
2921.862
2924.17
2926.302
2928.519
2930.758
2932.749
2934.745
2936.884
2939.064
2941.368
2943.185
2944.733
2946.167
2947.631
2949.201
2950.637
2952.103
2953.637
2955.107
2956.545
2958.249
2959.804
2961.244
2962.71
2964.259
2965.697
2967.14
2968.705
2970.196
2971.773
2973.292
2974.846
2976.329
2977.913
2979.446
2980.993
2982.432
2984.063
2985.53
2987.13
2988.601
2990.212
2991.684
2993.12
2994.668
2996.362
2997.838
2999.416
3000.884
3002.5
3003.958
3005.57
3007.068
3008.644
3010.111
3011.724
3013.202
3014.78
3016.253
3017.87
3019.322
3020.934
3022.407
3023.985
3025.486
3027.073
3028.517
3030.158
3031.616
3033.229
3034.906
3036.348
3037.818
3039.369
3040.842
3042.285
3043.808
3045.265
3046.738
3048.276
3049.766
3051.349
3052.849
3054.418
3055.919
3057.473
3058.933
3060.408
3061.967
3063.439
3065.023
3066.506
3068.074
3069.604
3071.17
3072.846
3074.288
3075.742
3077.296
3078.738
3080.188
3081.741
3083.216
3084.829
3086.328
3087.904
3089.602
3091.055
3092.655
3094.128
3095.732
3097.26
3098.807
3100.248
3101.89
3103.391
3104.958
3106.458
3108.012
3109.55
3111.127
3112.596
3114.177
3115.673
3117.249
3118.75
3120.303
3121.773
3123.37
3124.845
3126.455
3127.902
3129.375
3130.913
3132.395
3133.975
3135.414
3136.87
3138.499
3140.115
3141.81
3143.311
3144.885
3146.573
3148.043
3149.663
3151.693
3153.643
3155.643
3157.627
3159.396
3161.464
3163.333
3165.076
3167.313
3169.373
3171.319
3173.297
3175.594
3177.617
3179.669
3181.695
3183.597
3185.596
3187.44
3189.373
3191.58
3193.598
3195.616
3197.728
3199.973
3202.173
3203.955
3205.953
3208.177
3209.981
3212.171
3214.147
3216.459
3218.508
3220.454
3222.265
3224.159
3226.142
3227.842
3229.846
3231.955
3234.132
3236.243
3238.443
3240.726
3242.822
3245.051
3247.043
3249.118
3251.362
3253.38
3255.384
3257.644
3259.723
3261.928
3263.934
3265.628
3267.298
3268.994
3270.68
3272.42
3274.387
3276.371
3278.517
3280.682
3282.778
3284.976
3287.084
3289.312
3291.323
3293.271
3295.572
3297.588
3299.86
3302.169
3303.953
3305.545
3307.321
3308.931
3310.926
3312.921
3314.725
3316.653
3318.622
3320.664
3322.616
3324.391
3326.309
3328.291
3330.041
3331.98
3333.964
3336.312
3338.3
3340.573
3342.665
3344.669
3346.68
3348.705
3350.559
3352.588
3354.569
3356.569
3358.361
3360.549
3362.387
3364.527
3366.545
3368.853
3370.663
3372.518
3374.515
3376.227
3377.897
3379.332
3380.77
3382.208
3383.752
3385.251
3386.826
3388.238
3389.676
3391.278
3392.735
3394.349
3395.763
3397.165
3398.604
3400.017
3401.547
3403.032
3404.483
3406.014
3407.483
3409.089
3410.564
3412.162
3413.628
3415.065
3416.617
3418.123
3419.672
3421.207
3422.759
3424.262
3425.842
3427.313
3428.897
3430.374
3431.972
3433.472
3435.037
3436.537
3438.12
3439.596
3441.206
3442.674
3444.252
3445.758
3447.338
3448.832
3450.418
3451.953
3453.466
3454.963
3456.567
3458.034
3459.61
3461.048
3462.503
3464.083
3465.547
3467.155
3468.656
3470.268
3471.724
3473.279
3474.765
3476.351
3478.052
3479.52
3481.126
3482.6
3484.215
3485.694
3487.57
3489.102
3490.644
3492.334
3494.644
3496.383
3498.332
3500.36
3502.327
3504.392
3506.611
3508.352
3510.303
3512.315
3514.401
3516.333
3518.103
3520.282
3522.415
3524.282
3526.127
3528.3
3530.373
3532.607
3534.701
3536.875
3539.261
3541.286
3543.57
3545.615
3547.79
3549.922
3551.911
3554.127
3556.393
3558.46
3560.699
3562.985
3565.058
3567.299
3569.43
3571.64
3573.915
3576.221
3578.297
3580.336
3582.51
3584.612
3586.57
3588.816
3590.908
3593.139
3595.251
3597.391
3599.408
3601.695
3603.828
3606.305
3608.358
3610.392
3612.418
3614.596
3616.755
3618.906
3621.282
3623.525
3625.826
3627.88
3629.953
3632.417
3634.726
3637.037
3639.338
3641.35
3643.443
3645.741
3648.013
3650.257
3652.545
3654.703
3656.644
3658.683
3660.859
3662.973
3665.147
3667.195
3669.28
3671.492
3673.88
3676.373
3678.468
3680.356
3682.058
3683.528
3685.107
3686.62
3688.184
3689.685
3691.262
3692.73
3694.328
3695.828
3697.406
3698.937
3700.462
3701.983
3703.545
3705.014
3706.628
3708.073
3709.688
3711.129
3712.604
3714.144
3715.85
3717.355
3718.902
3720.416
3721.985
3723.471
3725.053
3726.522
3728.127
3729.598
3731.198
3732.7
3734.282
3735.735
3737.332
3738.843
3740.398
3741.887
3743.498
3744.987
3746.567
3748.067
3749.632
3751.137
3752.688
3754.391
3755.861
3757.472
3759.139
3760.613
3762.237
3763.741
3765.288
3766.99
3768.493
3770.046
3771.488
3773.139
3774.637
3776.189
3777.738
3779.32
3780.977
3782.475
3784.026
3785.465
3787.109
3788.809
3790.325
3791.873
3793.559
3795.024
3796.638
3798.113
3799.689
3801.198
3802.765
3804.268
3805.86
3807.381
3808.979
3810.604
3812.106
3813.689
3815.145
3816.745
3818.237
3819.82
3821.351
3822.891
3824.422
3825.97
3827.988
3830.055
3832.276
3834.585
3836.632
3838.661
3840.693
3842.697
3844.858
3846.901
3848.953
3850.926
3852.851
3854.904
3857.163
3859.148
3861.134
3863.147
3865.148
3867.129
3869.281
3871.247
3872.966
3874.839
3876.819
3878.817
3880.915
3882.941
3885.198
3887.427
3889.441
3891.551
3893.713
3895.715
3897.712
3899.715
3901.684
3903.462
3905.458
3907.685
3909.734
3911.979
3914.081
3916.301
3918.357
3920.289
3922.36
3924.444
3926.881
3928.9
3930.681
3932.605
3934.578
3936.552
3938.551
3940.626
3942.562
3944.667
3946.683
3948.624
3950.555
3952.55
3954.643
3956.362
3958.297
3960.363
3962.536
3964.536
3966.513
3968.5
3970.513
3972.52
3974.504
3976.512
3978.809
3980.933
3983.101
3985.17
3987.399
3989.723
3992.022
3994.008
3996.007
3998.108
4000.018
4002.108
4004.291
4006.306
4008.31
4010.309
4012.611
4014.591
4016.612
4018.901
4020.898
4022.952
4024.964
4027.04
4029.208
4031.484
4033.475
4035.472
4037.553
4039.794
4041.943
4044.237
4046.147
4048.125
4050.069
4051.785
4053.818
4055.766
4058.059
4059.833
4061.574
4063.585
4065.741
4067.776
4069.73
4071.745
4073.899
4075.725
4077.74
4079.525
4081.725
4084.024
4085.831
4087.702
4089.712
4091.524
4093.402
4095.399
4097.201
4099.073
4101.081
4103.066
4105.38
4107.479
4109.671
4111.787
4113.966
4115.819
4117.965
4120.028
4122.258
4124.364
4126.322
4128.347
4130.286
4132.415
4134.576
4136.689
4138.867
4141.163
4143.203
4145.479
4147.481
4149.577
4151.77
4153.804
4156.077
4158.072
4160.378
4162.443
4164.672
4166.659
4168.661
4170.408
4171.873
4173.417
4174.88
4176.353
4177.87
4179.868
4182.186
4184.489
4186.787
4189.094
4191.213
4193.394
4195.434
4197.702
4199.774
4201.985
4204.081
4206.281
4208.383
4210.593
4212.615
4214.91
4217.002
4218.907
4220.371
4221.954
4223.458
4225.037
4226.739
4228.244
4229.793
4231.267
4232.863
4234.334
4235.943
4237.624
4239.324
4241.025
4242.53
4244.076
4245.77
4247.291
4248.828
4250.362
4251.914
4253.419
4254.992
4256.466
4258.069
4259.541
4261.141
4262.816
4264.324
4265.899
4267.417
4268.954
4270.449
4272.026
4273.529
4275.115
4276.81
4278.299
4279.88
4281.389
4282.957
4284.633
4286.119
4287.693
4289.164
4290.779
4292.264
4293.841
4295.324
4296.906
4298.406
4299.992
4301.503
4303.053
4304.528
4306.137
4307.626
4309.207
4310.91
4312.583
4314.265
4315.971
4317.464
4319.039
4320.513
4322.111
4323.603
4325.171
4326.656
4328.254
4329.787
4331.318
4332.876
4334.397
4335.919
4337.465
4338.922
4340.556
4342.057
4343.609
4345.128
4346.678
4348.148
4349.807
4351.444
4353.143
4355.136
4356.886
4358.513
4360.289
4362.204
4363.931
4365.899
4367.57
4369.078
4370.69
4372.967
4374.965
4376.993
4379.243
4381.401
4383.033
4384.953
4387.086
4389.232
4391.546
4393.859
4396.463
4398.761
4401.06
4403.363
4405.995
4408.287
4410.687
4412.937
4415.206
4417.508
4419.612
4421.857
4424.097
4426.402
4428.415
4430.394
4432.408
4434.405
4436.696
4438.802
4441.011
4443.08
4445.294
4447.382
4449.622
4451.6
4453.609
4455.907
4458.063
4460.544
4462.501
4464.824
4466.819
4468.804
4470.891
4473.097
4475.212
4477.399
4479.472
4481.444
4483.511
4485.517
4487.736
4490.013
4492.102
4494.308
4496.607
4498.906
4500.913
4503.214
4505.514
4507.509
4509.625
4511.8
4514.169
4516.117
4518.421
4520.255
4522.534
4524.553
4526.493
4528.459
4530.386
4532.517
4534.486
4536.392
4538.196
4540.079
4542.216
4544.693
4546.745
4548.694
4550.663
4552.671
4554.666
4557.062
4559.006
4560.994
4563.282
4565.56
4567.658
4569.867
4572.187
4574.49
4576.489
4578.586
4580.794
4582.83
4585.378
4587.122
4589.374
4591.383
4593.695
4595.761
4597.666
4599.678
4601.49
4603.455
4605.428
4607.673
4609.792
4612.284
4614.268
4616.257
4618.558
4620.575
4622.559
4624.584
4626.638
4628.981
4631.149
4633.172
4635.147
4636.963
4638.853
4640.947
4643.137
4645.283
4647.523
4649.745
4651.789
4654.05
4656.036
4658.08
4660.065
4662.048
4664.03
4666.128
4668.142
4670.324
4672.646
4674.486
4676.775
4678.664
4680.923
4682.923
4684.932
4686.92
4688.93
4690.92
4692.756
4695.221
4697.523
4699.581
4701.836
4704.126
4706.145
4708.129
4710.257
4712.272
4714.431
4716.113
4717.563
4719.016
4720.564
4722.036
4723.635
4725.134
4726.712
4728.15
4729.596
4731.175
4732.62
4734.073
4735.613
4737.296
4738.989
4740.424
4742.188
4744.367
4746.365
4748.457
4750.374
4752.349
4754.396
4756.668
4758.795
4761.032
4763.579
4766.638
4768.825
4770.779
4773.095
4775.125
4777.091
4779.092
4781.085
4783.089
4784.887
4786.776
4789.06
4791.364
4793.671
4795.436
4796.903
4798.448
4799.914
4801.508
4803.022
4804.585
4806.288
4807.769
4809.344
4810.818
4812.441
4814.149
4815.787
4817.317
4818.854
4820.37
4821.928
4823.63
4825.118
4826.716
4828.184
4829.868
4831.522
4833.148
4834.846
4836.358
4837.904
4839.618
4841.307
4842.976
4844.676
4846.376
4847.902
4849.461
4851.137
4852.811
4854.545
4856.201
4857.737
4859.326
4860.967
4862.658
4864.161
4865.751
4867.706
4869.409
4871.084
4872.548
4874.156
4875.685
4877.294
4878.926
4880.618
4882.087
4883.685
4885.156
4886.759
4888.228
4889.841
4891.305
4892.914
4894.583
4896.05
4897.675
4899.192
4900.731
4902.188
4903.799
4905.27
4906.87
4908.339
4909.967
4911.436
4913.017
4914.544
4916.088
4917.59
4919.163
4920.667
4922.235
4923.721
4925.314
4926.769
4928.384
4929.875
4931.467
4932.96
4934.541
4935.966
4937.42
4938.995
4940.675
4942.355
4943.884
4945.448
4946.899
4948.352
4949.903
4951.372
4952.966
4954.448
4956.042
4957.54
4959.108
4960.612
4962.182
4963.65
4965.094
4966.646
4968.104
4969.719
4971.155
4972.613
4974.148
4975.631
4977.069
4978.618
4980.087
4981.699
4983.168
4984.76
4986.181
4987.652
4989.225
4990.664
4992.129
4993.663
4995.136
4996.737
4998.217
4999.822
5001.296
5002.876
5004.364
5005.948
5007.638
5009.148
5011.06
5012.502
5013.934
5015.477
5016.929
5018.403
5019.951
5021.446
5023.05
5024.455
5026.092
5027.868
5029.474
5031.136
5032.855
5034.368
5036.553
5038.612
5040.815
5042.902
5044.926
5047.218
5049.127
5051.178
5053.491
5055.76
5057.865
5060.121
5062.332
5064.648
5066.933
5069.032
5071.227
5073.354
5075.537
5077.566
5079.348
5081.226
5083.003
5084.917
5086.904
5088.7
5090.59
5092.719
5094.646
5096.714
5098.617
5100.589
5102.948
5104.691
5106.611
5108.88
5111.163
5113.489
5115.546
5117.894
5120.098
5122.549
5124.692
5126.683
5128.684
5130.823
5132.777
5134.98
5136.99
5138.658
5140.161
5141.739
5143.426
5144.93
5146.492
5147.994
5149.566
5151.285
5152.949
5154.478
5156.131
5157.712
5159.23
5160.791
5162.493
5164.211
5165.852
5167.355
5168.92
5170.432
5172.008
5173.515
5175.084
5176.59
5178.141
5179.663
5181.232
5182.745
5184.294
5185.809
5187.354
5188.892
5190.761
5192.264
5193.806
5195.315
5196.893
5198.376
5199.989
5201.649
5203.458
5205.021
5206.558
5208.422
5210.396
5212.838
5215.022
5217.105
5219.303
5221.316
5223.296
5225.378
5227.615
5229.438
5231.612
5233.92
5236.203
5238.281
5240.524
5242.663
5244.824
5246.866
5248.801
5250.863
5253.118
5255.425
5257.554
5259.484
5261.57
5263.493
5265.525
5267.477
5269.381
5271.382
5273.502
5275.682
5277.79
5279.976
5282.301
5284.583
5286.905
5289.209
5291.507
5293.195
5295.212
5297.26
5299.289
5301.284
5303.169
5305.179
5307.47
5309.483
5311.6
5313.538
5315.488
5317.769
5320.399
5322.698
5324.806
5327.001
5329.308
5331.608
5333.682
5335.988
5338.206
5340.333
5342.519
5344.801
5346.856
5348.876
5351.115
5353.415
5355.724
5358.026
5360.342
5362.632
5364.922
5366.97
5369.031
5371.377
5373.55
5375.836
5378.129
5380.432
5382.757
5385.045
5387.363
5389.656
5391.8
5393.974
5396.274
5398.251
5400.577
5402.872
5404.986
5406.971
5408.612
5410.067
5411.641
5413.137
5414.696
5416.225
5417.773
5419.275
5420.858
5422.379
5423.91
5425.426
5426.99
5428.665
5430.193
5431.744
5433.251
5434.811
5436.517
5437.998
5439.573
5441.263
5442.767
5444.337
5445.838
5447.404
5448.934
5450.495
5451.999
5453.58
5455.242
5456.778
5458.376
5460.017
5461.536
5463.101
5464.766
5466.235
5467.843
5469.539
5471.213
5472.715
5474.302
5475.798
5477.377
5478.852
5480.449
5482.127
5483.63
5485.211
5486.702
5488.28
5489.814
5491.341
5492.888
5494.437
5496.111
5497.644
5499.181
5500.653
5502.269
5503.938
5505.443
5507.03
5508.704
5510.223
5511.768
5513.296
5514.863
5516.369
5517.925
5519.623
5521.293
5522.798
5524.376
5525.875
5527.463
5529.137
5530.843
5532.341
5533.919
5535.408
5536.985
5538.671
5540.341
5541.872
5543.421
5545.111
5546.611
5548.187
5549.936
5551.563
5553.259
5554.936
5556.64
5558.336
5560.001
5561.504
5563.189
5564.767
5566.472
5567.989
5569.522
5571.231
5572.926
5574.604
5576.102
5577.683
5579.358
5581.067
5582.74
5584.428
5585.958
5587.586
5589.203
5590.92
5592.565
5594.344
5596.276
5597.78
5599.326
5601.037
5602.564
5604.096
5605.595
5607.182
5608.851
5610.538
5612.044
5613.634
5615.136
5616.688
5618.389
5620.068
5621.763
5623.448
5624.984
5626.51
5628.058
5629.593
5631.097
5632.662
5634.367
5636.06
5637.73
5639.437
5641.113
5642.63
5644.179
5645.687
5647.269
5648.757
5650.346
5652.021
5653.737
5655.699
5657.541
5659.409
5661.078
5662.613
5664.178
5665.904
5667.542
5669.225
5670.916
5672.426
5673.987
5675.501
5677.05
5678.58
5680.148
5681.822
5683.335
5684.897
5686.429
5687.967
5689.643
5691.163
5692.711
5694.23
5695.805
5697.48
5699.188
5700.877
5702.552
5704.046
5705.644
5707.16
5708.709
5710.211
5711.765
5713.474
5715.137
5716.655
5718.231
5719.917
5721.592
5723.132
5724.677
5726.379
5727.883
5729.482
5731.129
5732.645
5734.213
5735.718
5737.281
5738.96
5740.491
5742.044
5743.731
5745.397
5747.09
5748.639
5750.233
5751.849
5753.595
5755.251
5756.769
5758.3
5759.836
5761.414
5763.085
5764.759
5766.286
5767.848
5769.535
5771.039
5772.601
5774.107
5775.679
5777.359
5779.048
5780.555
5782.123
5783.826
5785.49
5786.989
5788.585
5790.272
5791.806
5793.33
5794.859
5796.406
5797.902
5799.48
5801.182
5802.854
5804.378
5805.93
5807.615
5809.149
5810.697
5812.216
5813.764
5815.295
5816.857
5818.358
5819.91
5821.586
5823.132
5824.67
5826.173
5827.754
5829.449
5831.11
5832.611
5834.189
5835.897
5837.568
5839.071
5840.746
5842.345
5844.04
5845.714
5847.253
5848.822
5850.478
5852.154
5853.687
5855.258
5856.918
5858.451
5860.002
5861.509
5863.085
5864.616
5866.15
5867.848
5869.536
5871.207
5872.897
5874.431
5875.963
5877.48
5879.077
5880.838
5882.44
5884.115
5885.793
5887.293
5888.886
5890.395
5891.941
5893.457
5895.029
5896.556
5898.12
5899.778
5901.317
5902.978
5904.537
5906.048
5907.608
5909.31
5910.849
5912.389
5913.886
5915.456
5917.132
5918.82
5920.53
5922.224
5923.757
5925.289
5926.982
5928.496
5930.038
5931.57
5933.132
5934.793
5936.326
5937.895
5939.57
5941.104
5942.638
5944.344
5946.006
5947.506
5949.088
5950.595
5952.158
5953.657
5955.237
5956.773
5958.306
5959.997
5961.518
5963.066
5964.597
5966.135
5967.667
5969.293
5970.906
5972.587
5974.275
5975.975
5977.649
5979.352
5981.037
5982.743
5984.256
5985.792
5987.31
5988.873
5990.402
5991.947
5993.65
5995.154
5996.716
5998.384
6000.102
6001.779
6003.317
6004.858
6006.35
6007.912
6009.442
6010.99
6012.495
6014.093
6015.768
6017.462
6019.13
6020.831
6022.332
6023.897
6025.585
6027.269
6028.975
6030.473
6032.033
6033.569
6035.103
6036.812
6038.503
6040.194
6041.867
6043.388
6044.95
6046.636
6048.326
6049.858
6051.393
6053.096
6054.771
6056.475
6058.135
6059.673
6061.23
6062.918
6064.588
6066.277
6067.97
6069.504
6071.047
6072.759
6074.437
6075.971
6077.508
6079.044
6080.7
6082.267
6083.944
6085.459
6087.022
6088.732
6090.412
6092.106
6093.776
6095.314
6096.883
6098.557
6100.227
6101.783
6103.343
6105.015
6106.703
6108.212
6109.79
6111.455
6113.129
6114.628
6116.205
6117.752
6119.286
6120.981
6122.668
6124.172
6125.737
6127.271
6128.801
6130.494
6132.194
6133.879
6135.396
6136.935
6138.473
6140.032
6141.721
6143.391
6145.102
6146.776
6148.305
6149.857
6151.529
6153.233
6154.932
6156.433
6158
6159.676
6161.368
6163.048
6164.57
6166.139
6167.812
6169.516
6171.046
6172.579
6174.284
6175.96
6177.642
6179.176
6180.8
6182.407
6183.94
6185.504
6187.163
6188.868
6190.556
6192.258
6193.779
6195.319
6197.014
6198.688
6200.373
6202.093
6203.592
6205.159
6206.851
6208.524
6210.234
6211.909
6213.6
6215.276
6216.969
6218.663
6220.164
6221.726
6223.257
6224.809
6226.487
6228.19
6229.889
6231.565
6233.255
6234.96
6236.636
6238.167
6239.733
6241.39
6243.083
6244.614
6246.176
6247.853
6249.546
6251.086
6252.619
6254.308
6255.999
6257.675
6259.208
6260.769
6262.451
6263.957
6265.508
6267.221
6268.893
6270.583
6272.11
6273.656
6275.361
6277.036
6278.725
6280.418
6281.933
6283.55
6285.166
6286.668
6288.237
6289.933
6291.472
6292.998
6294.519
6296.084
6297.589
6299.143
6300.667
6302.236
6303.906
6305.425
6306.978
6308.511
6310.071
6311.604
6313.142
6314.822
6316.358
6317.884
6319.429
6320.957
6322.664
6324.197
6325.728
6327.26
6328.932
6330.549
6332.173
6333.874
6335.546
6337.061
6338.643
6340.334
6342.006
6343.556
6345.109
6346.769
6348.46
6349.997
6351.534
6353.239
6354.912
6356.61
6358.283
6359.787
6361.368
6363.047
6364.759
6366.433
6368.112
6369.821
6371.354
6372.885
6374.416
6375.949
6377.468
6379.02
6380.541
6382.089
6383.777
6385.308
6386.874
6388.543
6390.069
6391.635
6393.32
6394.992
6396.511
6398.073
6399.779
6401.453
6403.158
6404.845
6406.519
6408.209
6409.745
6411.312
6412.973
6414.665
6416.355
6417.89
6419.488
6421.103
6422.809
6424.492
6426.495
6428.194
6429.866
6431.569
6433.09
6434.621
6436.309
6437.841
6439.423
6441.077
6442.779
6444.462
6446.168
6447.84
6449.539
6451.232
6452.906
6454.588
6456.117
6457.678
6459.381
6461.041
6462.744
6464.448
6466.118
6467.825
6469.499
6471.198
6472.867
6474.585
6476.251
6477.953
6479.651
6481.326
6483.006
6484.707
6486.414
6488.09
6489.793
6491.463
6493.15
6494.841
6496.372
6497.937
6499.598
6501.284
6502.848
6504.41
6506.054
6507.589
6509.155
6510.823
6512.528
6514.199
6515.899
6517.585
6519.268
6520.954
6522.471
6524.039
6525.716
6527.407
6528.959
6530.53
6532.172
6533.693
6535.243
6536.946
6538.614
6540.313
6541.836
6543.379
6545.08
6546.773
6548.447
6549.979
6551.526
6553.21
6554.898
6556.581
6558.083
6559.659
6561.197
6562.757
6564.445
6566.117
6568.125
6569.813
6571.329
6572.9
6574.559
6576.268
6577.946
6579.653
6581.34
6582.87
6584.399
6586.105
6587.638
6589.208
6590.853
6592.543
6594.219
6595.931
6597.598
6599.292
6600.998
6602.667
6604.202
6605.826
6607.442
6609.131
6610.82
6612.508
6614.039
6615.578
6617.258
6618.969
6620.476
6622.078
6623.718
6625.41
6626.944
6628.594
6630.206
6631.875
6633.561
6635.233
6636.77
6638.318
6640.015
6641.68
6643.396
6645.058
6646.613
6648.758
6650.457
6651.949
6653.51
6655.201
6656.894
6658.576
6660.579
6662.88
6665.204
6667.255
6669.202
6671.583
6673.812
6675.928
6678.101
6680.403
6682.78
6685.091
6687.309
6689.605
6691.701
6694.239
6696.543
6698.836
6700.966
6703.446
6705.549
6707.727
6709.88
6712.363
6714.973
6717.281
6719.659
6721.977
6724.182
6726.496
6728.798
6731.083
6733.389
6735.702
6738.003
6740.117
6742.31
6744.621
6746.912
6749.216
6751.2
6753.828
6756.151
6758.43
6760.755
6762.865
6765.136
6767.663
6769.783
6771.943
6774.043
6776.278
6778.41
6780.58
6782.865
6785.17
6787.472
6789.766
6791.899
6793.77
6795.837
6797.875
6800.071
6802.423
6804.983
6807.281
6809.62
6811.941
6814.175
6816.569
6818.921
6821.125
6823.418
6825.697
6827.797
6830.002
6832.326
6834.651
6836.916
6838.987
6841.211
6843.531
6845.825
6848.146
6850.258
6852.735
6854.89
6857.12
6859.391
6861.661
6864.268
6866.597
6868.862
6871.192
6873.582
6875.919
6878.118
6880.219
6882.089
6884.081
6886.373
6888.463
6890.777
6892.988
6895.309
6897.587
6900.223
6902.338
6904.532
6906.604
6908.83
6911.116
6913.409
6915.734
6918.042
6920.343
6922.646
6925.001
6927.243
6929.605
6932.166
6934.456
6936.773
6938.92
6941.127
6943.364
6945.669
6947.704
6949.963
6952.425
6954.589
6956.943
6959.488
6961.809
6964.099
6966.226
6968.141
6970.239
6972.497
6974.719
6976.777
6979.013
6981.322
6983.916
6986.281
6988.631
6990.829
6992.91
6995.142
6997.251
6999.592
7001.808
7004.04
7006.336
7008.639
7011.009
7013.579
7015.984
7018.245
7020.47
7022.784
7024.922
7027.173
7029.397
7031.703
7033.994
7036.098
7038.284
7040.32
7042.915
7045.366
7047.833
7050.12
7052.136
7054.215
7056.539
7058.729
7060.431
7061.92
7063.49
7065.19
7066.703
7068.26
7070.549
7072.971
7075.16
7077.563
7079.886
7082.384
7084.674
7086.679
7088.982
7091.287
7093.596
7096.044
7098.521
7100.902
7103.42
7105.743
7108.043
7110.379
7112.447
7114.648
7116.937
7119.052
7121.278
7123.594
7125.626
7127.839
7130.191
7132.491
7134.826
7137.067
7139.384
7141.38
7143.358
7145.449
7147.681
7149.811
7152.11
7154.571
7156.875
7159.216
7161.791
7163.921
7166.411
7168.717
7171.038
7173.316
7175.914
7178.066
7180.231
7182.526
7184.875
7187.462
7189.256
7191.185
7192.989
7194.863
7197.175
7199.427
7201.558
7203.854
7206.064
7208.361
7210.651
7212.956
7215.263
7217.563
7219.857
7222.474
7224.869
7227.071
7229.377
7231.676
7233.993
7236.376
7238.633
7240.89
7243.22
7245.525
7247.816
7249.932
7252.101
7254.411
7256.511
7258.735
7261.028
7263.345
7265.696
7267.984
7270.25
7272.547
7274.851
7277.158
7279.462
7281.592
7283.762
7285.818
7288.045
7290.403
7292.667
7294.973
7297.055
7299.359
7301.584
7303.872
7305.906
7307.872
7309.873
7311.964
7314.17
7316.2
7318.233
7320.474
7322.504
7324.76
7326.755
7329.072
7331.373
7333.693
7335.974
7338.298
7340.596
7342.882
7345.187
7347.516
7349.642
7351.812
7353.814
7356.091
7358.101
7360.106
7362.09
7364.408
7366.465
7368.715
7370.754
7372.711
7374.788
7376.813
7378.694
7380.667
7382.991
7385.117
7387.325
7389.597
7391.712
7393.993
7396.186
7398.507
7400.482
7402.529
7404.557
7406.811
7408.893
7411.093
7413.566
7415.8
7418.022
7420.117
7422.011
7424.011
7426.352
7428.644
7430.614
7432.667
7434.895
7437.069
7439.52
7441.651
7443.839
7445.8
7447.856
7450.105
7452.424
7455.092
7457.393
7459.448
7461.643
7463.756
7465.65
7467.618
7469.673
7471.721
7473.924
7475.909
7478.01
7480.333
7482.317
7484.199
7486.195
7488.043
7489.961
7492.001
7494.281
7496.509
7498.622
7500.933
7503.156
7505.421
7507.71
7509.856
7512.103
7514.327
7516.685
7518.914
7521.079
7523.218
7525.671
7527.836
7530.143
7532.432
7534.785
7537.358
7539.664
7542.029
7544.256
7546.389
7548.603
7550.894
7553.478
7555.807
7558.109
7560.446
7562.784
7565.06
7567.315
7569.318
7571.626
7573.929
7576.312
7578.52
7580.83
7582.523
7584.212
7585.717
7587.282
7588.781
7590.421
7592.039
7593.719
7595.418
7596.949
7598.496
7600.174
7601.877
7603.549
7605.038
7606.641
7608.333
7610.023
7611.699
7613.378
7614.912
7616.482
7618.153
7619.672
7621.224
7622.758
7624.317
7625.986
7627.691
7629.377
7631.049
7632.75
7634.425
7635.96
7637.499
7639.036
7640.591
7642.278
7643.973
7645.662
7647.339
7649.014
7650.572
7652.11
7653.799
7655.471
7657.024
7658.557
7660.248
7661.927
7663.473
7665.004
7666.708
7668.379
7670.069
7671.753
7673.462
7675.14
7676.67
7678.205
7679.893
7681.595
7683.271
7684.973
7686.677
7688.352
7690.027
7691.735
7693.405
7694.939
7696.49
7698.023
7699.563
7701.269
7702.94
7704.648
7706.142
7707.711
7709.386
7711.094
7712.772
7714.478
7716.15
7717.857
7719.546
7721.224
7722.919
7724.593
7726.276
7727.812
7729.381
7731.067
7732.745
7734.422
7736.135
7737.808
7739.34
7740.904
7742.579
7744.255
7745.963
7747.641
7749.337
7751.009
7752.7
7754.403
7756.081
7757.613
7759.16
7760.862
7762.553
7764.242
7765.92
7767.614
7769.305
7770.978
7772.515
7774.082
7775.756
7777.29
7778.854
7780.52
7782.038
7783.578
7785.113
7786.68
7788.363
7790.04
7791.716
7793.251
7794.863
7796.491
7797.995
7799.593
7801.242
7802.949
7804.616
7806.15
7807.698
7809.4
7811.096
7812.786
7814.466
7816.156
7817.831
7819.543
7821.214
7822.918
7824.604
7826.303
7827.971
7829.682
7831.408
7833.044
7834.732
7836.439
7838.116
7839.81
7841.487
7843.194
7844.869
7846.404
7847.959
7849.637
7851.315
7852.846
7854.418
7856.092
7857.776
7859.479
7861.15
7862.838
7864.524
7866.054
7867.592
7869.3
7870.976
7872.515
7874.082
7875.755
7877.432
7878.968
7880.5
7882.035
7883.599
7885.276
7886.95
7888.641
7890.341
7892.039
7894.121
7895.711
7897.422
7899.713
7902.009
7904.034
7906.633
7908.936
7911.232
7913.655
7915.824
7918.151
7920.741
7922.845
7924.913
7927.039
7929.06
7930.58
7932.117
7933.611
7935.185
7936.697
7938.275
7939.761
7941.336
7943.02
7944.705
7946.252
7947.796
7949.47
7950.998
7952.56
7954.251
7955.927
7957.634
7959.313
7961.012
7962.683
7964.382
7966.081
7967.812
7969.748
7972.068
7974.407
7976.679
7979.265
7981.573
7983.882
7986.198
7988.495
7990.573
7992.795
7994.861
7997.108
7999.178
8001.699
8004.329
8006.738
8008.936
8011.037
8013.296
8015.513
8017.944
8020.147
8022.187
8024.531
8026.735
8029.061
8031.158
8033.421
8035.69
8037.716
8039.941
8041.942
8043.943
8046.249
8048.855
8050.943
8052.888
8054.978
8057.151
8059.157
8061.252
8063.468
8065.748
8067.768
8069.821
8072.051
8074.061
8076.086
8078.373
8080.369
8082.454
8084.348
8086.352
8088.349
8090.436
8092.622
8094.761
8096.946
8099.248
8101.56
8103.641
8105.657
8107.657
8109.666
8111.828
8113.919
8115.846
8117.965
8119.918
8121.898
8123.884
8125.829
8127.821
8129.941
8131.87
8133.817
8135.8
8137.802
8139.828
8141.79
8143.865
8145.887
8148.084
8149.923
8151.79
8154.086
8156.379
8158.701
8160.976
8163.297
8165.611
8167.599
8169.58
8171.632
8173.574
8175.702
8177.647
8179.64
8181.683
8183.565
8185.614
8187.597
8189.606
8191.873
8194.156
8196.464
8198.459
8200.769
8202.873
8205.11
8207.382
8209.519
8211.803
8213.999
8216.032
8218.283
8220.693
8222.973
8225.188
8227.21
8229.512
8231.805
8233.791
8236.099
8238.108
8240.09
8242.176
8244.092
8246.182
8248.383
8250.385
8252.502
8254.468
8256.395
8258.681
8260.822
8263.287
8265.293
8266.977
8269.132
8271.29
8273.263
8274.965
8276.677
8278.374
8280.96
8283.261
8285.576
8287.949
8290.179
8292.496
8294.78
8297.079
8299.381
8301.772
8304.004
8306.434
8308.66
8310.92
8312.893
8315.013
8317.529
8319.902
8321.814
8323.815
8325.836
8327.833
8329.58
8331.491
8333.485
8335.5
8337.468
8339.77
8342.081
8344.398
8346.389
8348.492
8350.695
8353.01
8355.071
8357.126
8359.288
8361.446
8363.582
8365.886
8367.966
8370.019
8372.202
8374.329
8377.404
8379.414
8381.733
8383.707
8386.017
8388.042
8390.023
8392.313
8394.139
8396.316
8398.311
8400.291
8402.108
8404.305
8406.284
8408.601
8410.916
8413.05
8415.498
8417.831
8420.121
8422.414
8424.719
8427.033
8429.333
8431.762
8434.248
8436.608
8438.857
8441.27
8443.556
8445.809
8448.063
8450.505
8452.985
8455.317
8457.604
8460.004
8462.25
8464.804
8466.952
8469.155
8471.43
8473.717
8476.088
8478.436
8480.666
8482.945
8485.258
8487.61
8489.843
8492.153
8494.603
8497.079
8499.37
8501.694
8503.991
8505.986
8507.673
8509.38
8511.055
8512.588
8514.282
8515.833
8517.514
8519.183
8520.876
8522.412
8523.976
8525.648
8527.35
8529.037
8530.722
8532.405
8534.08
8535.8
8537.481
8539.154
8540.861
8542.537
8544.237
8545.913
8547.454
8549.023
8550.684
8552.362
8554.059
8555.593
8557.156
8558.833
8560.506
8562.199
8563.881
8565.569
8567.074
8568.644
8570.333
8572.039
8573.718
8575.41
8577.115
8578.779
8580.316
8581.889
8583.562
8585.233
8586.795
8588.391
8590.017
8591.698
8593.39
8595.064
8596.756
8598.453
8600.159
8601.832
8603.538
8605.218
8606.892
8608.598
8610.271
8611.975
8613.654
8615.347
8617.047
8618.723
8620.431
8622.108
8623.802
8625.484
8627.183
8628.858
8630.55
8632.232
8633.936
8635.641
8637.301
8638.999
8640.704
8642.382
8644.088
8645.766
8647.45
8649.148
8650.848
8652.528
8654.227
8655.892
8657.619
8659.286
8660.959
8662.657
8664.36
8666.037
8667.724
8669.412
8671.108
8672.809
8674.475
8676.266
8677.946
8679.66
8681.374
8683.027
8684.743
8686.335
8688.001
8689.703
8691.37
8693.069
8694.762
8696.458
8698.13
8699.835
8701.539
8703.228
8705.204
8706.901
8708.575
8710.643
8712.891
8715.182
8717.508
8719.808
8722.102
8724.095
8726.173
8728.407
8730.694
8732.7
8734.853
8737.323
8739.628
8742.217
8744.232
8746.612
8748.844
8751.133
8753.145
8754.889
8756.814
8758.821
8760.623
8762.506
8764.29
8766.253
8768.172
8770.179
8772.495
8774.57
8776.778
8778.898
8781.093
8783.388
8785.718
8787.701
8789.695
8791.691
8793.492
8795.43
8797.437
8799.438
8801.184
8803.108
8805.051
8807.073
8809.05
8811.078
8813.054
8815.055
8817.04
8818.85
8820.753
8822.728
8824.717
8826.774
8829.084
8831.319
8833.444
8835.345
8837.918
8840.003
8841.99
8843.995
8845.963
8847.649
8849.914
8852.209
8854.191
8856.192
8858.201
8859.977
8861.632
8863.348
8865.032
8866.952
8868.962
8870.937
8872.934
8874.931
8876.677
8878.366
8880.078
8882.411
8884.371
8886.601
8888.727
8890.903
8893.236
8895.667
8897.831
8900.127
8902.431
8904.795
8907.042
8909.376
8911.659
8913.961
8916.327
8918.929
8921.182
8923.276
8925.266
8927.259
8929.912
8932.159
8934.44
8936.835
8939.007
8941.001
8942.981
8945.107
8947.29
8949.608
8952.235
8954.805
8956.939
8959.435
8961.72
8964.021
8966.344
8968.652
8970.943
8973.335
8975.549
8977.867
8980.175
8982.54
8985.071
8987.681
8990.286
8992.686
8995.008
8997.344
8999.826
9002.138
9004.518
9007.036
9009.435
9011.643
9013.33
9014.863
9016.714
9018.5
9020.164
9021.795
9023.472
9025.176
9026.852
9028.559
9030.251
9031.922
9033.623
9035.289
9036.98
9038.688
9040.995
9043.289
9045.396
9047.278
9049.336
9051.288
9053.094
9054.968
9056.777
9058.667
9060.768
9062.729
9064.647
9066.695
9068.647
9070.936
9072.927
9075.256
9077.248
9079.023
9080.939
9082.91
9084.741
9086.93
9088.739
9090.913
9093.205
9095.22
9097.035
9098.887
9101.224
9103.511
9105.538
9108.122
9110.733
9112.833
9115.036
9117.32
9119.621
9121.93
9124.247
9126.248
9128.291
9130.554
9132.63
9134.826
9137.137
9139.462
9141.834
9144.148
9146.486
9148.776
9151.094
9153.371
9155.9
9158.233
9160.58
9163.113
9165.422
9167.728
9170.334
9172.619
9174.927
9177.25
9179.682
9182.219
9184.765
9187.389
9189.976
9192.294
9194.578
9196.897
9199.19
9201.585
9203.801
9205.945
9207.943
9210.124
9212.417
9214.552
9216.797
9219.319
9221.32
9223.612
9225.939
9228.241
9230.629
9232.837
9235.145
9237.438
9239.746
9241.847
9243.874
9246.353
9248.666
9250.956
9253.261
9255.407
9257.668
9259.58
9261.863
9264.017
9266.183
9268.492
9270.503
9272.901
9275.384
9277.708
9280.013
9282.377
9284.729
9287.021
9289.373
9291.564
9293.839
9296.143
9298.437
9300.728
9303.027
9305.092
9307.17
9309.642
9311.949
9314.292
9316.649
9318.893
9321.153
9323.458
9325.758
9328.066
9330.539
9333.08
9335.608
9338.221
9340.519
9342.554
9344.192
9345.693
9347.266
9348.819
9350.357
9352.054
9353.857
9356.04
9358.632
9360.938
9363.325
9365.662
9368.159
9370.175
9372.479
9374.77
9377.141
9379.373
9381.744
9384.15
9386.022
9387.686
9389.365
9391.054
9392.584
9394.135
9395.634
9397.198
9398.735
9400.27
9401.97
9403.47
9405.038
9406.727
9408.267
9409.804
9411.326
9412.952
9414.55
9416.255
9417.946
9419.619
9421.144
9422.69
9424.379
9426.085
9427.759
9429.451
9431.158
9432.838
9434.514
9436.043
9437.592
9439.124
9440.656
9442.171
9443.744
9445.445
9447.122
9448.803
9450.509
9452.187
9453.884
9456.247
9458.609
9460.89
9463.114
9465.41
9467.697
9469.999
9472.019
9474.119
9476.621
9478.974
9481.208
9483.22
9485.238
9487.001
9488.995
9491.192
9493.318
9495.518
9497.272
9499.491
9501.521
9503.543
9505.517
9507.179
9508.882
9510.564
9512.261
9514.541
9516.875
9519.31
9521.859
9524.194
9526.746
9528.747
9531.105
9533.454
9535.72
9538.308
9540.644
9543.138
9545.752
9548.049
9550.349
9552.949
9555.355
9557.876
9560.477
9563.112
9565.699
9567.711
9570.075
9572.447
9574.909
9577.265
9579.555
9581.839
9584.447
9586.493
9588.143
9589.642
9591.225
9592.888
9594.385
9595.966
9597.47
9599.037
9600.565
9602.115
9603.797
9605.317
9606.872
9608.548
9610.262
9611.928
9613.646
9615.344
9617.026
9618.723
9620.221
9621.774
9623.278
9624.865
9626.525
9628.024
9629.607
9631.138
9632.693
9634.237
9635.756
9637.445
9639.153
9640.818
9642.519
9644.054
9645.617
9647.287
9648.95
9650.459
9652.331
9653.854
9655.403
9657.097
9658.781
9660.312
9661.878
9663.554
9665.26
9666.944
9668.632
9670.142
9671.703
9673.41
9675.075
9676.76
9678.464
9680.129
9681.656
9683.228
9684.893
9686.464
9688.004
9689.673
9691.192
9692.821
9694.444
9695.95
9697.5
9699.033
9700.601
9702.268
9703.97
9705.631
9707.163
9708.699
9710.231
9711.774
9713.485
9715.022
9716.596
9718.24
9719.771
9721.311
9723.008
9724.491
9726.086
9727.769
9729.441
9731.14
9732.822
9734.504
9736.211
9737.726
9739.304
9740.965
9742.474
9744.027
9745.551
9747.185
9748.819
9750.52
9752.208
9753.865
9755.396
9756.933
9758.646
9760.157
9761.698
9763.396
9764.935
9766.457
9768.163
9769.859
9771.551
9773.229
9774.908
9776.593
9778.281
9779.806
9781.369
9783.074
9784.742
9786.279
9787.804
9789.337
9790.91
9792.589
9794.287
9795.974
9797.651
9799.196
9800.712
9802.266
9803.842
9805.481
9807.171
9808.871
9810.566
9812.24
9813.919
9815.616
9817.979
9820.542
9822.908
9825.276
9827.757
9830.045
9832.407
9834.372
9836.054
9837.726
9839.43
9840.971
9842.83
9844.799
9846.792
9848.814
9850.892
9853.098
9855.411
9857.463
9859.781
9862.027
9864.464
9866.946
9869.315
9871.682
9874.142
9876.441
9878.753
9880.908
9883.063
9885.038
9887.673
9889.997
9892.311
9894.624
9896.9
9899.283
9901.789
9904.093
9906.723
9909.13
9911.33
9913.922
9916.33
9918.548
9920.869
9922.869
9925.149
9927.581
9929.8
9931.8
9933.729
9936.071
9938.049
9939.822
9941.853
9943.754
9945.722
9947.733
9949.718
9951.706
9953.477
9955.252
9957.389
9959.41
9961.382
9963.127
9964.902
9966.872
9968.762
9970.749
9972.753
9974.759
9976.741
9978.9
9981.673
9983.518
9985.657
9987.657
9989.719
9991.64
9993.662
9995.66
9997.422
9999.64
10001.779
10003.997
10006.246
10008.853
10010.976
10013.48
10015.773
10017.866
10020.082
10022.114
10024.059
10026.12
10028.375
10030.453
10033.066
10035.28
10037.588
10039.93
10041.874
10043.896
10045.889
10047.924
10050.498
10052.473
10054.77
10057.141
10059.403
10061.699
10064.009
10065.992
10067.699
10069.675
10072.284
10074.623
10076.908
10079.215
10081.505
10083.815
10086.133
10088.253
10090.411
10092.468
10094.409
10098.075
10100.995
10103.465
10105.808
10108.095
10110.425
10112.686
10114.695
10116.757
10118.844
10120.993
10123.149
10125.302
10127.393
10129.575
10131.901
10134.205
10136.207
10138.201
10140.64
10142.861
10145.095
10147.151
10149.405
10151.404
10153.53
10155.723
10157.789
10160.018
10162.11
10164.32
10166.41
10168.61
10170.909
10172.941
10174.977
10176.982
10179.017
10181.191
10183.512
10185.809
10188.106
10190.53
10192.759
10195.349
10197.651
10199.94
10202.255
10204.546
10206.84
10209.148
10211.594
10213.466
10215.449
10217.281
10219.451
10221.435
10223.432
10225.151
10227.428
10229.545
10232.038
10234.363
10236.645
10238.96
10241.28
10243.115
10245.25
10247.673
10250.167
10252.483
10254.788
10257.083
10259.392
10261.684
10264.008
10266.378
10268.286
10271.209
10273.362
10275.579
10278.576
10280.826
10283.055
10285.35
10287.656
10289.651
10291.939
10295.468
10297.59
10299.528
10301.605
10304.495
10306.402
10308.516
10310.69
10313.007
10315.704
10317.909
10320.247
10322.225
10324.504
10326.6
10328.522
10330.82
10332.498
10334.503
10336.801
10339.106
10341.229
10343.443
10345.259
10347.395
10349.465
10351.694
10354.022
10356.139
10358.317
10360.06
10361.766
10363.396
10365.073
10366.748
10368.449
10370.13
10371.831
10374.123
10376.744
10378.843
10381.046
10383.121
10385.47
10387.674
10392.184
10394.397
10396.416
10398.703
10401.145
10406.429
10409.601
10413.277
10416.358
10420.003
10423.75
10426.344
10428.67
10430.703
10432.971
10435.248
10437.57
10439.874
10442.166
10444.48
10446.845
10449.097
10451.5
10453.815
10456.101
10458.359
10460.739
10463.229
10465.519
10467.546
10469.292
10471.203
10472.749
10474.629
10476.271
10477.96
10479.692
10481.335
10483.022
10484.738
10486.43
10488.117
10489.786
10492.095
10494.089
10495.904
10497.559
10499.881
10502.403
10504.814
10506.985
10509.301
10511.421
10513.444
10515.606
10517.897
10519.982
10522.214
10524.188
10526.81
10529.224
10531.717
10534.412
10536.949
10539.261
10541.547
10543.881
10546.217
10548.581
10550.867
10552.822
10555.078
10557.072
10559.066
10561.214
10563.383
10565.672
10567.981
10570.298
10572.681
10574.954
10577.493
10579.918
10582.147
10584.453
10586.724
10589.096
10591.434
10593.652
10595.966
10598.231
10600.557
10602.844
10605.463
10608.054
10610.455
10612.762
10614.731
10616.661
10618.816
10620.708
10622.652
10624.664
10626.961
10629.36
10631.889
10634.241
10636.892
10639.221
10641.449
10644.005
10646.624
10649.232
10651.553
10653.85
10656.188
10658.602
10661.059
10663.357
10665.679
10668.096
10670.574
10672.75
10675.179
10677.483
10679.795
10682.231
10684.707
10687.026
10689.407
10691.748
10694.069
10696.249
10698.56
10700.956
10703.464
10706.068
10708.479
10710.809
10713.027
10715.275
10717.387
10719.271
10721.078
10723.261
10725.284
10727.559
10729.569
10731.72
10733.562
10735.367
10737.253
10738.968
10740.709
10742.425
10744.331
10746.389
10748.136
10749.994
10751.768
10753.679
10755.686
10757.496
10759.377
10761.379
10763.221
10765.145
10767.044
10769.052
10771.052
10773.028
10774.805
10776.814
10778.541
10780.412
10782.396
10784.205
10786.225
10788.484
10790.8
10792.825
10795.06
10797.343
10799.625
10802.037
10804.325
10806.547
10808.815
10810.836
10812.815
10814.842
10817.137
10819.234
10821.225
10823.407
10825.411
10827.736
10830.026
10832.341
10834.682
10836.935
10838.93
10840.98
10843.043
10844.941
10846.921
10849.264
10851.544
10853.899
10856.137
10858.432
10860.916
10863.363
10865.651
10867.965
10869.97
10872.062
10874.267
10876.579
10878.885
10881.167
10883.51
10885.8
10888.163
10890.382
10892.459
10894.518
10896.425
10898.385
10900.386
10902.13
10903.743
10905.442
10907.838
10910.181
10912.657
10914.99
10917.113
10919.281
10921.58
10923.865
10925.565
10927.257
10928.96
10930.636
10932.341
10934.003
10934.003
10935.72
10937.405
10939.117
10939.68
10939.68
10945.74061
10951.80121
10957.86182
10963.92242
10969.98303
10976.04364
10982.10424
10988.16485
10994.22545
11000.28606
11006.34667
11012.40727
11018.46788
11024.52848
11030.58909
11036.6497
11042.7103
11048.77091
11054.83152
11060.89212
11066.95273
11073.01333
11079.07394
11085.13455
11091.19515
11097.25576
11103.31636
11109.37697
11115.43758
11121.49818
11127.55879
11133.61939
11139.68
11145.74061
11151.80121
11157.86182
11163.92242
11169.98303
11176.04364
11182.10424
11188.16485
11194.22545
11200.28606
11206.34667
11212.40727
11218.46788
11224.52848
11230.58909
11236.6497
11242.7103
11248.77091
11254.83152
11260.89212
11266.95273
11273.01333
11279.07394
11285.13455
11291.19515
11297.25576
11303.31636
11309.37697
11315.43758
11321.49818
11327.55879
11333.61939
11339.68
11345.74061
11351.80121
11357.86182
11363.92242
11369.98303
11376.04364
11382.10424
11388.16485
11394.22545
11400.28606
11406.34667
11412.40727
11418.46788
11424.52848
11430.58909
11436.6497
11442.7103
11448.77091
11454.83152
11460.89212
11466.95273
11473.01333
11479.07394
11485.13455
11491.19515
11497.25576
11503.31636
11509.37697
11515.43758
11521.49818
11527.55879
11533.61939