0.19085
-0.05103
0.0146
0.00918
0.01995
0.00699
0.03162
0.00999
0
-0.02076
-0.00145
-0.0065
-0.00625
-0.00918
-0.02162
-0.01821
-0.02113
-0.03253
-0.02486
-0.02145
-0.01907
-0.01989
-0.00481
-0.00986
-0.01596
-0.00408
0.00465
0.01759
0.0115
0.03185
0.0448
0.04824
0.05377
0.05933
0.06595
0.06831
0.07174
0.07621
0.08176
0.07143
0.07485
0.07615
0.06371
0.05865
0.06628
0.06758
0.04561
0.04372
0.01432
0.02302
0.02962
0.02881
0.0206
0.01977
0.01471
0.02343
0.01096
0.00912
0.00415
0.00231
0.02909
0.02833
0.02124
0.05651
0.05684
0.03803
0.0309
0.05551
0.06212
0.09419
0.09658
0.08838
0.0939
0.08567
0.0732
0.06817
0.04201
0.06136
0.06904
0.05662
0.06007
0.0413
0.03099
0.04926
0.02732
0.0128
0.02049
0.02289
0.0073
0.00337
0.00153
0.00923
-0.00422
-0.01242
0.01855
0.0273
0.04031
0.04804
0.03567
0.02859
0.01731
0.02509
0.02438
0.00888
-0.02357
-0.00838
0.00359
-2.78291E-4
-0.00628
0.01524
0.01455
0.00328
-0.01224
-0.01295
-0.00731
-0.02813
-0.01403
-0.03589
-0.01859
-0.00978
-0.02742
-0.00165
-0.01718
-0.02529
-0.00696
0.02514
0.00224
0.00469
0.0114
0.02126
0.00784
0.01771
6.95727E-5
0.01841
0.03568
0.02228
0.03003
0.00711
0.01803
-6.62726E-4
7.30271E-4
0.01697
0.00885
0.01237
0.00848
0.00672
-0.02148
-0.02537
-0.03242
-0.02464
-0.01901
-0.02393
-0.0278
-0.00415
-0.0165
-0.02991
-0.02956
-0.04085
-0.02463
-0.04015
-0.01653
-0.0257
-0.0317
-0.02606
-0.01513
0.00215
0.00673
0.02507
0.03599
0.04905
0.03881
0.02435
0.02363
0.02184
0.01789
0.0193
0.00909
0.02213
0.01613
0.00694
0.03161
0.01819
0.02277
0.03685
0.03506
0.03432
0.03888
0.03074
0.02048
0.03244
0.01689
0.00452
0.00269
0.00829
-9.09753E-4
-0.00275
0.01976
0.02532
0.02348
0.03963
0.04414
0.03704
0.0352
0.03125
0.00511
-0.00836
-0.00914
-0.01942
-0.0223
-0.02414
-0.03653
-0.02246
-0.02228
-0.02662
-0.03512
-0.02568
-0.02705
-0.0581
-0.05734
-0.05664
-0.05749
-0.04853
-0.04817
-0.04473
-0.02736
-0.01632
-0.01611
-0.01909
-0.00482
-0.00549
-0.01653
-0.00669
-0.01042
0.0101
0.01772
0.03517
0.02607
0.02939
0.0437
0.03883
0.03086
0.02171
0.0145
0.01289
0.00275
-0.00282
-0.00834
0.01676
0.00798
-0.00822
-0.00642
0.00726
0.0209
0.01129
-0.00707
-0.00521
-0.02754
-0.01526
-0.01227
-0.02005
-0.00549
0.00898
0.02152
0.01601
0.0159
0.024
0.02373
0.03719
0.02842
0.03888
0.02475
0.03721
0.02629
0.006
0.00475
0.02135
0.02858
0.02414
0.00887
0.00554
0.00727
0.01758
0.01506
3.36238E-5
-0.00254
-0.01558
-0.02226
-0.01633
-0.01895
-0.01001
-0.01897
0.00502
-0.00585
0.01478
0.0277
0.04909
0.05802
0.05652
0.06727
0.07315
0.06634
0.07464
0.06344
0.04387
0.04864
0.05089
0.07356
0.08774
0.09749
0.10013
0.11548
0.11177
0.1123
0.11891
0.14324
0.14111
0.14851
0.1358
0.12415
0.14319
0.16116
0.18972
0.21405
0.21933
0.2553
0.26269
0.29654
0.2796
0.26794
0.28592
0.28591
0.29542
0.32927
0.3483
0.34406
0.37897
0.41282
0.40539
0.40856
0.42442
0.42758
0.42333
0.42332
0.41802
0.39261
0.38307
0.39152
0.40527
0.42854
0.43276
0.38936
0.39464
0.37875
0.41154
0.41576
0.43374
0.37976
0.33424
0.33952
0.3522
0.33844
0.32572
0.32254
0.31088
0.34897
0.368
0.36587
0.34364
0.30976
0.30023
0.31185
0.33406
0.33405
0.31499
0.27053
0.27158
0.26945
0.28531
0.30646
0.29481
0.29903
0.30431
0.33181
0.34027
0.33391
0.25453
0.25558
0.28837
0.31905
0.31375
0.33385
0.31056
0.31795
0.32747
0.34968
0.34967
0.32744
0.33695
0.33482
0.3401
0.34221
0.32421
0.34324
0.32948
0.33159
0.33158
0.3485
0.34425
0.34848
0.34423
0.35374
0.34315
0.35901
0.34101
0.34735
0.3484
0.3505
0.37589
0.36212
0.36316
0.35997
0.37478
0.39275
0.37793
0.37474
0.35886
0.37577
0.37365
0.37892
0.32389
0.32811
0.33868
0.33655
0.35029
0.35663
0.33545
0.31216
0.30474
0.27298
0.28567
0.26555
0.28247
0.27399
0.26657
0.30359
0.31205
0.30992
0.29297
0.29084
0.29824
0.34056
0.33631
0.31513
0.28443
0.28336
0.28017
0.29286
0.31401
0.30659
0.31716
0.30868
0.32666
0.29701
0.30124
0.28641
0.25571
0.27579
0.29165
0.28317
0.29057
0.3022
0.25139
0.2482
0.26195
0.3159
0.30319
0.29577
0.26612
0.23753
0.27032
0.27348
0.25865
0.24805
0.3073
0.32316
0.31997
0.30197
0.26915
0.2776
0.31038
0.31778
0.29766
0.31881
0.33361
0.35158
0.32088
0.32722
0.32297
0.34518
0.36104
0.36632
0.35784
0.36523
0.37369
0.35463
0.34297
0.36201
0.37575
0.36516
0.35562
0.35243
0.36194
0.3577
0.35768
0.34286
0.32274
0.34283
0.33753
0.35762
0.34068
0.34384
0.33218
0.35651
0.37025
0.36707
0.32579
0.31202
0.31412
0.32257
0.3215
0.30668
0.27174
0.29819
0.31828
0.31509
0.29921
0.28967
0.29601
0.3087
0.2981
0.30444
0.29596
0.28855
0.31076
0.30439
0.28533
0.29167
0.28425
0.26837
0.26095
0.28633
0.29055
0.31805
0.27677
0.27676
0.3032
0.30954
0.29895
0.27354
0.26189
0.31584
0.33594
0.33487
0.33485
0.27981
0.31155
0.32106
0.34433
0.35913
0.3697
0.37075
0.36121
0.36861
0.34743
0.358
0.34212
0.33681
0.3241
0.34949
0.33889
0.33888
0.29654
0.287
0.28805
0.28275
0.29226
0.27743
0.29117
0.28058
0.26893
0.26574
0.25092
0.22974
0.20433
0.21172
0.17573
0.17043
0.14185
0.15136
0.13018
0.13017
0.11745
0.09522
0.08568
0.07403
0.07084
0.06343
0.01579
9.68134E-4
-0.01703
-0.00646
-0.01283
-0.00755
7.75797E-4
0.0155
0.01747
0.04272
0.04026
0.03275
0.03788
0.03237
0.03433
0.03004
0.03623
0.01948
0.02735
0.02866
0.00734
0.01467
0.01987
0.01691
0.01145
0.00595
5.03324E-4
-0.00182
0.0129
0.00164
-0.01673
-0.01711
-0.00482
-0.01156
-0.01209
-8.32925E-4
0.00302
0.00263
-0.01048
-0.01101
0.00443
0.01779
0.02695
0.01812
0.01381
0.00744
0.01161
0.0157
0.01872
0.01009
0.01723
0.03086
0.03277
0.01772
0.01745
0.02248
0.0042
0.00606
0.01743
0.04572
0.04122
0.01781
0.01657
0.01419
0.0097
0.0147
0.01351
0.00792
2.96347E-4
0.01381
0.00618
-0.00255
0.00352
-0.00101
0.01034
0.0111
0.00126
-0.00549
-0.00889
-0.01339
-0.01262
-0.0214
-0.02916
-0.01479
-8.31098E-4
0.00361
-0.00359
0.01676
0.02543
0.0341
0.00574
0.00171
0.01144
-0.01904
-0.02836
-0.02921
-0.03218
-0.03621
-0.00638
-0.0104
-0.01759
-0.02053
-0.03195
-0.02539
-0.02305
-0.026
-0.0226
-0.02132
-0.02638
-0.03992
-0.03229
-0.01513
-0.00115
0.00223
0.02467
0.03651
0.02825
0.04221
0.05723
0.04263
0.0566
0.05997
0.06441
0.08789
0.0849
0.07557
0.07151
0.0484
0.05495
0.03502
0.05213
0.04597
0.0472
0.05269
0.04443
0.02875
0.02577
0.0249
-0.00878
9.40988E-4
0.0043
-0.01242
-0.01435
-0.02685
-0.03298
-0.0455
-0.0432
-0.03347
-0.00789
-0.00664
0.01578
0.01279
0.0077
0.0026
-0.01838
-0.0129
-0.00637
-0.00936
-0.00706
0.01325
0.00284
9.08595E-4
0.00744
-8.25732E-4
0.00253
0.01519
0.03521
0.02136
0.0128
0.01165
0.01899
-0.00543
-0.00974
-0.01723
-0.01414
-4.62986E-4
-0.01007
-6.27998E-4
0.01728
0.02355
0.03299
0.02445
0.01379
0.01794
0.01575
0.01885
0.00607
-0.00248
0.00697
-0.00793
-0.03023
-0.0282
-0.0177
-0.02308
-0.02747
-0.04031
-0.0436
-0.02679
-0.02057
-0.02281
-0.02293
-0.01988
-0.00942
-0.00638
-0.0065
-0.00875
0.00383
-0.00264
-0.00594
0.00558
0.03297
0.05929
0.0687
0.06858
0.06528
0.09055
0.09571
0.08395
0.08699
0.0858
0.06451
0.06016
0.0484
0.04933
0.05768
0.0639
0.06907
0.05625
0.06777
0.0761
0.08233
0.05999
0.05351
0.04705
0.04163
0.05315
0.03609
0.04972
0.05171
0.03889
0.03877
0.05558
0.06287
0.07122
0.0732
0.08367
0.06979
0.094
0.08647
0.08106
0.07564
0.07447
0.09551
0.09857
0.0942
0.09726
0.09289
0.08748
0.07678
0.06607
0.0543
0.05735
0.05299
0.04651
0.04851
0.03463
0.03133
0.02697
0.01626
0.02035
0.02976
0.02645
0.01045
7.9621E-4
0.00808
0.00585
0.00466
0.01406
0.02028
0.02016
0.04438
0.05377
0.02931
0.02919
0.0333
0.01942
0.02248
-9.32788E-4
0.01799
0.00517
0.00716
-0.01201
-0.01531
-0.01014
-0.01345
-0.03156
-0.03062
-0.03922
-0.03404
-0.03099
-0.03112
-0.04076
-0.03876
-0.0262
-0.02737
-0.02432
-0.02128
-0.02669
-0.02682
-0.02588
-0.0133
-0.00179
-8.54717E-4
0.00643
0.01902
0.01466
0.02935
0.01971
0.03545
0.0279
0.02037
0.02978
0.03917
0.04435
0.04423
0.04833
0.04926
0.04596
0.04796
0.05419
0.0403
0.03065
0.02842
0.04311
0.02817
-0.00475
4.07563E-4
-0.00818
-0.00512
-0.00948
0.00204
0.00192
-0.00321
0.00532
0.00621
0.01686
0.03497
0.01455
2.15651E-4
1.49524E-4
-0.00891
-0.01488
-0.012
-0.01749
-0.01701
5.05319E-4
-0.00322
0.00166
-0.00649
-0.05237
-0.02674
-0.06016
-0.032
-0.01292
0.03156
0.05594
0.07184
0.13643
0.16292
0.17778
0.19157
0.22335
0.22339
0.23295
0.28484
0.28805
0.29973
0.36538
0.37811
0.40143
0.43004
0.43854
0.45657
0.45131
0.45876
0.45139
0.44402
0.45675
0.40811
0.43143
0.45474
0.44632
0.4326
0.48131
0.48982
0.45811
0.49306
0.49733
0.46456
0.47306
0.50167
0.4943
0.46259
0.45628
0.45526
0.43307
0.4511
0.47442
0.46387
0.4692
0.46712
0.43435
0.43227
0.49262
0.46303
0.45778
0.45887
0.46314
0.47482
0.47909
0.47701
0.44954
0.44851
0.46231
0.4761
0.48354
0.49628
0.50266
0.5027
0.5038
0.48373
0.51022
0.53565
0.54839
0.47329
0.47439
0.49876
0.51361
0.48084
0.50628
0.52324
0.51693
0.5466
0.55615
0.51598
0.53718
0.52558
0.51715
0.48015
0.48865
0.4834
0.49084
0.47289
0.4507
0.44862
0.47088
0.46351
0.42757
0.42866
0.45727
0.41181
0.40443
0.39707
0.40134
0.40772
0.42681
0.41097
0.43746
0.45972
0.45553
0.44287
0.43126
0.47257
0.45885
0.47053
0.51289
0.50975
0.51931
0.53311
0.55431
0.51837
0.53216
0.53855
0.55657
0.52169
0.49209
0.51012
0.48476
0.44459
0.45521
0.44783
0.42882
0.46061
0.44266
0.43741
0.4385
0.40574
0.40577
0.38888
0.41008
0.38261
0.4038
0.42712
0.41552
0.37852
0.38173
0.40928
0.36488
0.36914
0.39669
0.40731
0.39042
0.36823
0.36933
0.36407
0.35353
0.36203
0.39275
0.4002
0.39706
0.37276
0.39608
0.38871
0.35594
0.37079
0.40152
0.40049
0.39842
0.41327
0.40589
0.43662
0.41761
0.43563
0.45789
0.48015
0.44632
0.44425
0.45593
0.42316
0.40203
0.43382
0.45714
0.45505
0.49424
0.49005
0.48268
0.46684
0.46476
0.46374
0.46166
0.48392
0.45432
0.46811
0.48614
0.53698
0.49045
0.49578
0.52545
0.50116
0.48217
0.48645
0.46956
0.46221
0.43791
0.40833
0.41579
0.42641
0.4434
0.44768
0.45938
0.46895
0.45418
0.46375
0.43734
0.40352
0.38769
0.39198
0.39838
0.38255
0.39001
0.41758
0.42609
0.42825
0.41666
0.43681
0.46331
0.46971
0.45812
0.43806
0.43917
0.47625
0.47206
0.47211
0.51449
0.50502
0.54105
0.52523
0.52422
0.5666
0.5677
0.57938
0.55932
0.58689
0.58165
0.57852
0.59657
0.55534
0.5374
0.52687
0.54596
0.56188
0.5069
0.53763
0.55567
0.49752
0.52931
0.50397
0.50719
0.51464
0.47871
0.46077
0.42907
0.48203
0.44821
0.4345
0.44936
0.41873
0.45688
0.46433
0.44746
0.41999
0.41369
0.40633
0.38944
0.38209
0.38213
0.38747
0.40127
0.38861
0.38126
0.42047
0.43322
0.4629
0.42697
0.43656
0.45671
0.45041
0.45575
0.43464
0.47172
0.49928
0.49933
0.53007
0.53012
0.54709
0.53867
0.54295
0.51972
0.53035
0.5177
0.5315
0.50615
0.48503
0.50096
0.49889
0.50635
0.48841
0.52232
0.53294
0.56157
0.54257
0.54687
0.5501
0.53217
0.52375
0.5619
0.56618
0.55459
0.56735
0.542
0.53995
0.53893
0.51993
0.5422
0.51898
0.5021
0.51273
0.51914
0.5266
0.52135
0.50024
0.48547
0.47176
0.47392
0.45176
0.47298
0.41378
0.4297
0.45304
0.45097
0.46584
0.46272
0.45113
0.4152
0.40783
0.36871
0.35711
0.3053
0.28735
0.19849
0.16679
0.12661
0.10125
0.08118
0.07275
0.06221
0.03367
0.01331
0.00561
-0.00431
-0.00654
0.0071
-0.01475
-0.02526
0.01484
-0.00728
0.01694
0.01387
0.01596
0.01914
0.04127
0.04431
0.06548
0.07066
0.07181
0.08117
0.06755
0.08438
0.08342
0.08752
0.06539
0.07588
0.06011
0.08433
0.08334
0.0515
0.05878
0.06935
0.07344
0.08072
0.07654
0.0799
0.07129
0.06484
0.07017
0.06899
0.06062
0.04043
0.02037
0.02237
0.02327
0.04131
0.03588
0.05482
0.04953
0.04516
0.04924
0.05034
0.01956
0.01543
0.01004
0.00906
0.00473
0.00247
-0.01899
-0.01349
-0.01331
-0.02269
-0.01617
-0.00123
0.00952
0.01475
0.01586
5.0386E-5
-0.01159
-0.00762
-0.00369
-0.00915
-0.02303
-0.01365
-0.01726
-0.028
-0.01645
-0.02407
-0.01478
-0.01172
-0.03412
-0.02563
-0.00353
0.02797
0.0215
0.00772
-0.0029
-0.01137
-0.00192
0.00641
0.00303
8.34006E-4
0.00804
-0.00361
0.00806
0.01337
0.02078
-3.91478E-4
0.01016
-0.00563
0.00812
0.00701
-0.01728
-0.04161
-0.0555
-0.05972
-0.05873
-0.05457
-0.05673
-0.06
-0.08435
-0.08119
-0.06745
-0.05166
-0.0358
-0.05276
-0.04649
-0.04034
-0.02146
-0.02274
0
-0.00497
-0.01331
-0.00544
-0.00836
-0.023
-0.03424
-0.03291
-0.04626
-0.03197
-0.04347
-0.04208
-0.049
-0.06994
-0.08641
-0.08088
-0.06671
-0.08555
-0.09799
-0.11878
-0.1047
-0.11801
-0.12301
-0.11191
-0.10325
-0.10379
-0.10003
-0.09842
-0.10316
-0.0783
-0.09264
-0.07291
-0.0683
-0.06282
-0.05506
-0.03732
-0.04195
-0.04224
-0.04662
-0.0274
-0.00838
-0.03371
-0.03613
-0.03946
-0.02493
-0.02306
-0.01652
-0.01896
0.00515
-0.00408
-0.01264
-0.00405
-0.00797
0.00126
-0.01488
-0.0416
-0.05877
-0.05994
-0.06171
-0.054
-0.05282
-0.07261
-0.06326
-0.05986
-0.06802
-0.07302
-0.08749
-0.07824
-0.07633
-0.0828
-0.07044
-0.07378
-0.07164
-0.07087
-0.07187
-0.07183
-0.06209
-0.05144
-0.05266
-0.06215
-0.04623
-0.05258
-0.04721
-0.05281
-0.04747
-0.03404
-0.02352
-0.01925
-0.01305
-0.01839
-0.02916
-0.0326
-0.03577
-0.03155
-0.03896
-0.06002
-0.04516
-0.02711
-0.03145
-0.0165
-0.01725
-0.03296
-0.0467
-0.04349
-0.04587
-0.0543
-0.03739
-0.04586
-0.0418
-0.0587
-0.05566
-0.04838
-0.05606
-0.05369
-0.05549
-0.04669
-0.022
-0.03231
-0.0468
-0.04755
-0.06523
-0.0681
-0.07623
-0.06957
-0.0682
-0.04144
-0.04429
-0.06087
-0.06798
-0.05921
-0.06309
-0.05322
-0.06137
-0.05574
-0.05438
-0.06567
-0.07594
-0.09363
-0.09012
-0.07495
-0.07675
-0.05102
-0.0401
-0.0271
-0.01092
0.00104
-0.00392
0.01124
9.37751E-4
0.01493
-0.00179
-0.01426
-0.00979
-0.02439
-0.01359
-0.00701
0.00592
-0.00339
-0.00313
-0.01031
4.94321E-4
0.01236
-0.00857
-0.01259
-0.01131
-0.03118
-0.02884
-0.04871
-0.07599
-0.06412
-0.08188
-0.086
-0.08298
-0.10972
-0.10154
-0.11112
-0.12967
-0.14529
-0.13955
-0.12035
-0.11991
-0.14001
-0.13741
-0.12363
-0.1319
-0.12816
-0.11728
-0.11702
-0.15479
-0.16764
-0.18459
-0.1768
-0.0751
-0.02736
0.01402
0.08716
0.11055
0.13924
0.15734
0.20402
0.22212
0.25081
0.29854
0.33252
0.36967
0.45551
0.4789
0.5097
0.55216
0.60306
0.61375
0.65937
0.67324
0.63419
0.60997
0.645
0.6049
0.60819
0.61782
0.65392
0.63922
0.6277
0.6585
0.64062
0.64497
0.63132
0.60287
0.64319
0.64542
0.63601
0.64883
0.65952
0.61731
0.63437
0.61649
0.65258
0.65269
0.65386
0.6455
0.68477
0.65631
0.64374
0.64385
0.63868
0.63563
0.65055
0.64326
0.62962
0.61598
0.61821
0.61092
0.60574
0.64607
0.66735
0.65477
0.66864
0.6804
0.61914
0.64571
0.64794
0.60678
0.62806
0.63876
0.63993
0.63052
0.65286
0.61594
0.62663
0.67014
0.65014
0.6439
0.64931
0.64836
0.63367
0.65388
0.61907
0.59591
0.55053
0.58452
0.54442
0.56464
0.57218
0.57546
0.57347
0.62759
0.6235
0.62789
0.62486
0.61864
0.56377
0.57026
0.59791
0.58643
0.60458
0.58462
0.57736
0.60081
0.62001
0.62757
0.65312
0.68395
0.65659
0.67366
0.63677
0.6454
0.60005
0.59491
0.60565
0.61216
0.64302
0.65691
0.66976
0.64664
0.65313
0.63107
0.62381
0.62293
0.60615
0.59783
0.61595
0.58647
0.58767
0.63013
0.59747
0.60398
0.60415
0.59584
0.59177
0.56337
0.59104
0.56687
0.603
0.56294
0.57793
0.58231
0.61421
0.60591
0.59548
0.59671
0.58522
0.59169
0.6024
0.59618
0.55927
0.6049
0.61563
0.63694
0.64345
0.68277
0.67764
0.64711
0.64304
0.61464
0.63172
0.60435
0.6278
0.58774
0.61014
0.59549
0.62314
0.61056
0.64138
0.62034
0.65647
0.64392
0.64617
0.6442
0.66445
0.64133
0.64888
0.6469
0.66715
0.662
0.64944
0.69085
0.68889
0.67213
0.66487
0.65446
0.65991
0.64313
0.66444
0.62967
0.63828
0.62044
0.63223
0.60698
0.60077
0.56707
0.60954
0.55255
0.56435
0.59627
0.59534
0.57643
0.55754
0.59153
0.59165
0.61822
0.62256
0.61102
0.59209
0.62078
0.5955
0.60936
0.56502
0.56832
0.56419
0.57807
0.5549
0.52537
0.54876
0.51818
0.48655
0.48878
0.51428
0.49535
0.49758
0.48712
0.49887
0.53285
0.54354
0.56058
0.57445
0.56398
0.5313
0.56421
0.57491
0.58032
0.59208
0.59959
0.62723
0.59877
0.61793
0.59794
0.63615
0.63944
0.6385
0.63967
0.64931
0.6272
0.60827
0.61262
0.59475
0.56206
0.58122
0.57816
0.55182
0.57204
0.551
0.53523
0.55863
0.53652
0.55462
0.58436
0.58765
0.5465
0.54873
0.54462
0.50875
0.51415
0.50263
0.49534
0.49546
0.55695
0.55072
0.56565
0.57212
0.57434
0.5565
0.57037
0.57366
0.57908
0.59301
0.59314
0.56789
0.56275
0.56924
0.5694
0.58967
0.60991
0.61746
0.64724
0.63258
0.64331
0.59265
0.63937
0.61414
0.64179
0.65992
0.67701
0.66341
0.66464
0.62247
0.61099
0.63868
0.63354
0.63689
0.63916
0.63403
0.6162
0.63222
0.63345
0.60293
0.61155
0.59796
0.59602
0.55596
0.5974
0.57851
0.5628
0.56298
0.58008
0.57706
0.61743
0.63558
0.64209
0.65281
0.68579
0.6669
0.66177
0.65981
0.61659
0.567
0.52379
0.47104
0.42467
0.39731
0.34137
0.27486
0.25492
0.20005
0.15154
0.10198
0.06088
-0.00244
-0.04215
-0.07019
-0.08368
-0.12231
-0.10316
-0.12102
-0.1265
-0.1203
-0.11146
-0.07853
-0.05821
-0.04887
-0.04381
-0.04941
-0.0444
-0.06367
-0.04592
-0.06943
-0.0697
-0.0816
-0.09345
-0.0957
-0.08522
-0.09288
-0.09216
-0.07775
-0.06237
-0.07129
-0.07176
-0.07222
-0.07376
-0.0721
-0.07471
-0.07938
-0.07246
-0.0782
-0.06703
-0.06962
-0.04999
-0.06632
-0.06893
-0.06408
-0.05612
-0.05655
-0.05706
-0.04591
-0.05061
-0.05525
-0.04514
-0.04667
-0.04079
-0.03173
-0.02904
-0.0496
-0.07443
-0.0717
-0.06161
-0.05888
-0.0583
-0.07039
-0.05713
-0.03536
-0.01361
-0.01196
-0.01773
-0.00865
0.00356
0.0084
0.02168
0.02863
0.02286
0.01075
0.00612
0.01091
0.02635
0.0418
0.05401
0.02394
0.01711
0.02723
0.01836
0.01259
0.01742
0.01692
-4.40097E-4
-0.00727
-3.26956E-4
-0.03677
-0.02875
-0.0514
-0.05188
-0.04705
-0.04862
-0.04799
-0.05791
-0.05098
-0.0451
-0.06032
-0.03648
-0.03163
-0.03212
-0.02093
-0.01824
-0.02504
-0.03293
-0.01856
-0.01269
-0.01736
0.00125
-0.00135
-0.00815
-0.00653
-0.01438
-0.00217
-0.00156
-0.00203
-0.0025
-0.00932
-0.00872
0.00898
0.00343
0.02121
0.02422
0.02394
0.04377
0.04878
0.03686
0.03345
0.03008
0.03942
0.02334
0.04638
0.04091
0.0514
0.04696
0.04675
0.05396
0.05059
0.06519
0.07987
0.05108
0.06451
0.04097
0.03971
0.04268
0.01289
-0.01059
-0.00962
-0.02666
-0.0078
-0.00902
0.00672
-0.01359
-0.00532
-0.00658
6.07384E-4
-0.0071
0.0054
0
-0.01068
-0.033
-0.02569
-0.03109
-0.02695
-0.03444
-0.01867
-0.00289
0.00652
0.01776
0.03327
0.0276
0.01662
0.02363
0.02747
0.03128
0.03513
0.0273
0.03748
0.02968
0.03882
0.05535
0.06658
0.06623
0.0542
0.04109
0.04912
0.03814
0.01341
0.01407
0.01896
0.02914
0.02345
0.03257
0.03
0.05603
0.0376
0.03719
0.02828
0.0204
0.02524
0.01426
-0.00837
-0.00773
-0.01023
-0.01699
-0.01108
-0.01678
-0.0013
0.03639
0.03911
0.04823
0.03936
0.05177
0.04207
0.03767
0.01316
0.01404
0.00751
0.02742
0.02513
0.01967
0.00363
0.02248
0.01701
0.01893
0.023
0.01966
0.03008
0.00242
-0.02526
-0.03707
-0.06372
-0.06493
-0.0746
-0.07371
-0.07707
-0.0656
-0.06153
-0.05324
-0.07353
-0.07686
-0.08549
-0.04649
-0.06255
-0.05745
-0.07136
-0.06305
-0.06428
-0.07184
-0.06142
-0.05312
-0.06386
-0.05238
-0.04302
-0.05483
-0.04127
-0.0478
-0.04798
-0.04181
-0.05787
-0.05379
-0.0381
-0.04251
-0.05646
-0.04182
-0.05574
-0.03052
-0.02433
-0.04039
-0.05009
-0.04921
-0.04728
-0.01785
-0.02119
-0.02244
-0.02367
-0.02067
-0.02827
-0.0422
-0.04662
-0.02563
-0.01524
-0.02494
-0.02301
-0.01577
-0.0297
-0.01291
-0.00457
-0.01211
-0.00483
0.0215
0.02349
0.01909
0.02524
0.01764
0.01321
0.02254
0.07527
0.14387
0.22729
0.30647
0.38883
0.43944
0.51757
0.57452
0.61879
0.69479
0.75812
0.77591
0.81277
0.89092
0.95534
0.98484
1.05878
1.1105
1.20031
1.27002
1.33338
1.35548
1.36063
1.34781
1.35614
1.32214
1.3749
1.36735
1.42754
1.43799
1.49182
1.48534
1.51907
1.51894
1.53574
1.51551
1.56828
1.55652
1.56591
1.55626
1.54131
1.55069
1.51882
1.5081
1.48998
1.44435
1.47703
1.41975
1.40798
1.37928
1.35585
1.32822
1.32702
1.33219
1.35322
1.35308
1.32861
1.30731
1.31142
1.32398
1.30375
1.36182
1.34476
1.35733
1.38683
1.41421
1.44265
1.43194
1.43393
1.43909
1.4178
1.42401
1.41223
1.41103
1.37914
1.36841
1.31643
1.33217
1.33946
1.3171
1.28628
1.2798
1.22042
1.22028
1.20957
1.18828
1.18709
1.17532
1.16461
1.17823
1.17388
1.22559
1.25933
1.2338
1.23896
1.26317
1.27786
1.29041
1.32731
1.31659
1.31854
1.33743
1.37116
1.389
1.39942
1.41938
1.42979
1.41695
1.44328
1.44632
1.45671
1.47559
1.40452
1.38316
1.40308
1.39871
1.37421
1.38038
1.40454
1.4054
1.40097
1.42191
1.42172
1.44904
1.41816
1.40629
1.41139
1.39849
1.4057
1.41927
1.39897
1.39879
1.38802
1.43227
1.42679
1.40863
1.39999
1.39771
1.37849
1.38041
1.35907
1.33666
1.34389
1.31302
1.27369
1.28091
1.2818
1.30491
1.31741
1.33945
1.29797
1.28405
1.27962
1.28897
1.27293
1.28016
1.27257
1.28932
1.31453
1.32706
1.30255
1.28227
1.31702
1.3126
1.37167
1.36514
1.37553
1.38592
1.3307
1.34323
1.306
1.30898
1.34373
1.30863
1.2968
1.31777
1.30173
1.30365
1.3109
1.31494
1.30842
1.34212
1.34301
1.32486
1.32786
1.2642
1.26086
1.26494
1.25314
1.26989
1.24111
1.25893
1.24289
1.23531
1.26054
1.25614
1.2517
1.25895
1.24925
1.23954
1.24358
1.28996
1.26014
1.27264
1.28409
1.29027
1.28798
1.28779
1.29926
1.31068
1.319
1.30188
1.31335
1.33643
1.32673
1.33715
1.34651
1.33048
1.33455
1.34814
1.36488
1.35729
1.33063
1.36432
1.35674
1.40946
1.37966
1.38796
1.37932
1.37491
1.33662
1.33644
1.32991
1.32022
1.32113
1.31991
1.31021
1.33119
1.33206
1.3287
1.33274
1.28601
1.28264
1.26554
1.24315
1.25039
1.20154
1.21302
1.24776
1.25817
1.24211
1.26414
1.2407
1.26802
1.24352
1.23698
1.23787
1.25887
1.23224
1.20562
1.23402
1.21376
1.24318
1.22711
1.25339
1.26696
1.26888
1.274
1.27383
1.24085
1.2629
1.25637
1.27316
1.27092
1.26656
1.27278
1.28959
1.29474
1.2671
1.26908
1.29436
1.26355
1.29199
1.32361
1.34042
1.32124
1.30946
1.29238
1.28062
1.29211
1.2951
1.26848
1.30005
1.30835
1.31242
1.31119
1.31205
1.29917
1.31062
1.33051
1.31756
1.31525
1.30557
1.31489
1.27451
1.27858
1.26888
1.26131
1.26325
1.29591
1.29575
1.27439
1.23292
1.14913
1.08126
1.03034
0.97095
0.92109
0.86593
0.81077
0.72493
0.67187
0.61354
0.57426
0.49688
0.44701
0.38655
0.32186
0.27094
0.22001
0.13311
0.06631
0.03231
0.01948
0.0384
0.02451
0.01802
0.02846
0.01351
0.01337
-5.16338E-4
-0.00276
-0.00608
-0.01258
-0.00213
-0.00545
-0.00983
-0.02477
-0.01856
-0.00812
-0.00403
-9.98011E-4
-0.00855
-0.01397
-0.01622
-0.04599
-0.05547
-0.04403
-0.03465
-0.01448
-0.0262
-0.021
-0.01064
-0.0076
-0.02365
-0.03542
-0.03448
-0.04409
-0.03161
-0.02857
-0.04466
-0.04268
-0.06088
-0.06101
-0.06017
-0.05607
-0.04347
-0.02993
-0.03535
-0.05246
-0.06745
-0.07296
-0.08791
-0.06379
-0.04699
-0.04297
-0.03675
-0.03485
-0.03394
-0.03623
-0.03535
-0.02708
-0.0431
-0.02954
-0.04769
-0.04683
-0.05121
-0.0546
-0.05473
-0.03271
-0.02439
-0.01612
-0.00675
-0.00805
-0.04425
-0.05816
-0.0392
-0.0393
-0.03101
-0.03434
-0.02928
-0.0295
-0.03496
-0.0193
-0.03955
-0.03023
-0.03037
-0.03586
-0.03284
-0.03515
-0.06282
-0.07573
-0.07702
-0.08988
-0.08164
-0.08071
-0.07142
-0.07799
-0.0898
-0.09636
-0.09765
-0.11052
-0.10015
-0.0973
-0.10722
-0.09381
-0.0847
-0.07345
-0.07592
-0.06363
-0.06085
-0.06016
-0.05632
-0.05666
-0.05599
-0.04468
-0.03026
-0.04542
-0.0511
-0.04827
-0.05491
-0.04788
-0.04067
-0.04954
-0.0489
-0.04714
-0.04543
-0.03947
-0.04301
-0.03916
-0.04478
-0.04203
-0.03177
-0.02674
-0.02178
-0.0115
-0.02449
-0.02804
-0.01858
0.01303
0.0299
0.04142
0.05398
0.04866
0.06434
0.04939
0.06419
0.07686
0.05241
0.04073
0.0449
0.04595
0.04063
0.04369
0.05632
0.04035
0.03393
0.04331
0.04411
0.04284
0.01296
-0.00734
-0.00856
-0.01728
-0.01854
-0.04192
-0.0347
-0.04964
-0.04772
-0.03519
-0.02249
-0.02911
-0.03776
-0.03357
-0.04312
-0.04948
-0.03373
-0.02315
-0.03168
-0.02693
-0.02182
-0.02358
-0.02326
-0.03613
-0.04517
-0.04874
-0.05162
-0.05224
-0.05439
-0.07691
-0.0723
-0.07122
-0.06278
-0.06703
-0.07446
-0.06708
-0.06605
-0.06713
-0.05868
-0.04495
-0.0492
-0.0524
-0.05666
-0.06091
-0.06411
-0.06307
-0.0705
-0.05677
-0.04621
-0.04411
-0.02509
-0.03146
-0.041
-0.02727
-0.01777
-0.0252
-0.03368
-0.04852
-0.03373
-0.04645
-0.05388
-0.04755
-0.05392
-0.05183
-0.03492
-0.02118
-0.00427
0.00628
-0.01067
-0.02022
-0.02659
-0.03402
-0.01924
-0.00763
-0.02565
-0.02039
-0.0056
-0.00775
0.00386
-0.00569
-0.00149
6.02867E-4
5.72287E-4
-0.01427
-0.0196
-0.01963
-0.03765
-0.04932
-0.03665
-0.04409
-0.042
-0.04203
-0.04947
-0.06114
-0.0908
-0.08765
-0.08027
-0.08453
-0.0708
-0.07824
-0.08038
-0.06348
-0.05716
-0.07095
-0.05828
-0.0509
-0.05728
-0.04356
-0.04253
-0.04151
-0.0426
-0.0659
-0.05006
-0.05432
-0.05964
-0.03533
-0.0343
-0.05126
-0.03859
-0.0492
-0.05452
-0.0355
-0.0387
-0.04191
-0.03242
-0.02505
-0.02614
-0.02405
-0.02937
-0.02835
-0.07176
-0.0665
-0.05172
-0.06551
-0.06236
-0.05393
-0.05502
-0.04235
-0.04661
-0.0604
-0.04773
-0.03401
-0.06579
-0.07323
-0.0849
-0.10398
-0.10824
-0.11039
-0.12523
-0.12421
-0.12001
-0.08512
-0.07669
-0.01111
0.07457
0.1592
0.20678
0.29035
0.36122
0.47971
0.56962
0.64155
0.72194
0.82033
0.90284
0.98113
1.07952
1.16416
1.25302
1.34612
1.41806
1.47624
1.54394
1.60847
1.63914
1.62748
1.65179
1.6941
1.69619
1.71733
1.68662
1.66861
1.66436
1.64317
1.63045
1.63572
1.65051
1.65261
1.642
1.61658
1.60492
1.62501
1.64827
1.66306
1.66409
1.67571
1.69897
1.68413
1.69469
1.68726
1.65973
1.65441
1.66709
1.66707
1.67445
1.68395
1.66277
1.64899
1.6532
1.67329
1.6849
1.68911
1.68168
1.70177
1.71127
1.73453
1.72392
1.70168
1.68579
1.64767
1.64659
1.66667
1.67512
1.66875
1.66661
1.6814
1.68561
1.71627
1.72578
1.72258
1.74055
1.73206
1.71511
1.71932
1.67908
1.66954
1.66316
1.6441
1.6536
1.64617
1.67472
1.67787
1.66938
1.67677
1.66934
1.67355
1.65342
1.67244
1.67665
1.66076
1.67661
1.65542
1.65646
1.64903
1.62043
1.62993
1.62356
1.62036
1.61928
1.60656
1.61818
1.58535
1.59485
1.58848
1.58845
1.62018
1.62757
1.65294
1.6127
1.60316
1.59255
1.56925
1.54912
1.55545
1.58399
1.59349
1.60511
1.61567
1.62411
1.62409
1.64735
1.64203
1.67481
1.66103
1.68006
1.66204
1.6398
1.62073
1.61753
1.63338
1.61008
1.63757
1.64178
1.64599
1.66396
1.65971
1.69143
1.70199
1.69138
1.68289
1.69345
1.67967
1.70082
1.69233
1.70712
1.69863
1.71554
1.7261
1.75042
1.72711
1.73026
1.73342
1.76091
1.7757
1.79261
1.79365
1.80315
1.75868
1.75231
1.72477
1.71416
1.71942
1.74797
1.73419
1.7183
1.69817
1.68756
1.68013
1.69492
1.68009
1.71075
1.70226
1.70013
1.68952
1.66622
1.65562
1.663
1.64499
1.67248
1.65765
1.68408
1.69887
1.69356
1.66814
1.65753
1.66598
1.68183
1.69027
1.69024
1.67752
1.68808
1.68066
1.69122
1.7113
1.70916
1.70279
1.68901
1.66782
1.67733
1.66778
1.64447
1.65186
1.6402
1.63806
1.63169
1.63166
1.63587
1.62527
1.60091
1.60618
1.61886
1.60508
1.60929
1.62408
1.5976
1.58065
1.59015
1.59647
1.60703
1.59643
1.59852
1.6313
1.61647
1.64078
1.627
1.62592
1.61638
1.61318
1.60046
1.63007
1.61523
1.59298
1.58661
1.56754
1.53049
1.54528
1.53361
1.54629
1.55473
1.54307
1.56421
1.58959
1.5811
1.57896
1.54719
1.56727
1.57254
1.59898
1.56721
1.59893
1.58939
1.58513
1.57664
1.59567
1.59141
1.60409
1.61782
1.63262
1.63048
1.60929
1.62091
1.61454
1.58489
1.58592
1.60918
1.60175
1.58692
1.59325
1.5837
1.6133
1.60588
1.59845
1.6016
1.6312
1.6333
1.64386
1.66076
1.65545
1.66072
1.66704
1.67231
1.66277
1.6892
1.67754
1.67117
1.66691
1.68699
1.68591
1.66579
1.66365
1.66786
1.65831
1.653
1.64663
1.64449
1.63071
1.62328
1.60209
1.57456
1.5576
1.54805
1.56602
1.56071
1.53317
1.54585
1.55429
1.5585
1.56695
1.56481
1.5669
1.58381
1.59226
1.60916
1.62078
1.64721
1.63343
1.65669
1.66302
1.67675
1.68626
1.70211
1.68198
1.6809
1.68723
1.69461
1.69353
1.69562
1.67232
1.6723
1.68497
1.71246
1.69445
1.68173
1.65314
1.64888
1.64886
1.66894
1.64247
1.66043
1.6583
1.66885
1.67095
1.67093
1.65291
1.64125
1.64123
1.65391
1.66129
1.65704
1.63903
1.62419
1.62205
1.60616
1.60719
1.63468
1.62937
1.61348
1.61451
1.64518
1.62928
1.62714
1.64828
1.62603
1.64082
1.64609
1.65454
1.6524
1.60687
1.57299
1.50842
1.43961
1.38139
1.29036
1.24166
1.16122
1.06384
0.99397
0.91564
0.81933
0.71666
0.63304
0.53884
0.43617
0.36419
0.2774
0.20012
0.10486
0.01912
-0.01265
-0.08145
-0.07936
-0.08679
-0.09951
-0.10482
-0.11543
-0.11016
-0.09325
-0.10174
-0.09753
-0.11131
-0.11027
-0.12194
-0.12725
-0.14526
-0.14317
-0.14531
-0.13792
-0.12948
-0.13797
-0.13058
-0.12108
-0.12322
-0.10208
-0.11268
-0.0926
-0.08522
-0.09477
-0.10008
-0.07682
-0.08108
-0.06523
-0.06419
-0.03564
-0.01873
-0.00923
0.00344
0.0066
-0.0093
-0.00615
-0.00934
-0.03688
-0.03267
-0.04434
-0.056
-0.04544
-0.06133
-0.06877
-0.05821
-0.06669
-0.08788
-0.09319
-0.10592
-0.08795
-0.09644
-0.08482
-0.07638
-0.09545
-0.09335
-0.10184
-0.09128
-0.07014
-0.0691
-0.07865
-0.06597
-0.05435
-0.04485
-0.05123
-0.04067
-0.07032
-0.06823
-0.06084
-0.06615
-0.06935
-0.08525
-0.10008
-0.11386
-0.1213
-0.11497
-0.12134
-0.09597
-0.09387
-0.0939
-0.08969
-0.08759
-0.08867
-0.10986
-0.10565
-0.08874
-0.10358
-0.0835
-0.09304
-0.08777
-0.07616
-0.07195
-0.07091
-0.06247
-0.04556
-0.03077
-0.02762
0.00199
-0.00121
-0.00758
-0.0203
-0.01186
-0.01506
-0.01402
0.00183
-0.00772
-0.01091
-0.00141
-0.00673
-0.00675
0.00275
0.01437
0.01117
0.00903
0.00689
-0.01959
-0.03866
-0.03551
-0.05035
-0.05884
-0.05357
-0.05465
-0.05467
-0.04411
-0.04731
-0.03569
-0.0463
-0.05161
-0.05587
-0.04214
-0.02311
-0.03795
-0.05702
-0.04963
-0.04119
-0.03169
-0.00314
-0.00105
-0.02752
-0.04024
-0.03286
-0.04029
-0.03502
-0.03293
-0.03507
-0.02557
-0.04464
-0.03408
-0.04045
-0.04682
-0.05531
-0.08496
-0.07758
-0.05961
-0.05434
-0.06708
-0.05871
-0.06514
-0.04617
-0.01768
-0.00699
-0.00737
-0.00744
0.0122
0.00325
0.00169
0.00987
0.01156
0.00596
-7.73441E-4
0.00742
0
0.01124
0.01621
0.00526
-0.01409
0.00459
-0.01375
-0.02115
-0.03316
-0.04624
-0.05822
-0.04272
-0.04477
-0.06313
-0.05715
-0.03953
-0.04708
-0.04295
-0.03142
-0.03687
-0.04972
-0.0434
-0.02443
-0.03728
-0.03531
-0.03007
-0.05341
-0.06307
-0.07063
-0.07279
-0.06755
-0.05713
-0.0668
-0.06485
-0.06076
-0.06501
-0.08202
-0.08428
-0.08763
-0.09095
-0.07311
-0.05846
-0.05004
-0.07019
-0.07764
-0.08297
-0.06713
-0.05978
-0.03653
-0.0387
-0.03568
-0.02197
-0.01357
-0.0063
0.00742
0.00312
0.01461
0.01975
0.01972
0.01119
0.0015
0.00136
0.00542
0.00209
8.91777E-4
0.01449
0.01551
0.0038
0.0079
-0.00813
0.01393
-0.00516
-0.00525
-0.0244
-0.02562
-0.02789
-0.03248
-0.03259
-0.03691
-0.05924
-0.06135
-0.04441
-0.04451
-0.05403
-0.06675
-0.05625
-0.05742
-0.06069
-0.05445
-0.04502
-0.04619
-0.07486
-0.0559
-0.06553
-0.06657
-0.06765
-0.09104
-0.0816
-0.09546
-0.09663
-0.08297
-0.08625
-0.10433
-0.10868
-0.10982
-0.10888
-0.1259
-0.14612
-0.16104
-0.16536
-0.16969
-0.1698
-0.15616
-0.1626
-0.168
-0.16068
-0.16396
-0.15136
-0.163
-0.15455
-0.15992
-0.15685
-0.16744
-0.15793
-0.17176
-0.17282
-0.15696
-0.14011
-0.12965
-0.12656
-0.13408
-0.15534
-0.14486
-0.14707
-0.15023
-0.15342
-0.15881
-0.17478
-0.18325
-0.17375
-0.18123
-0.18016
-0.18228
-0.1644
-0.17084
-0.16142
-0.18151
-0.18046
-0.1848
-0.19231
-0.16912
-0.17441
-0.1797
-0.17345
-0.1926
-0.19905
-0.19373
-0.1747
-0.18211
-0.16202
-0.15683
-0.13787
-0.14348
-0.12877
-0.11922
-0.12771
-0.12144
-0.0931
-0.06813
-0.04907
-0.01761
0.0114
0.03397
0.03484
0.03256
0.10435
0.14968
0.1749
0.21176
0.37031
0.42939
0.46519
0.47982
0.53679
0.56202
0.63063
0.77649
0.81441
0.91052
0.94844
1.04034
1.10579
1.14476
1.20807
1.33807
1.37282
1.39169
1.42749
1.44955
1.45784
1.41111
1.44691
1.44038
1.49735
1.48343
1.4875
1.48202
1.39719
1.41182
1.3471
1.37127
1.34459
1.32324
1.34636
1.35043
1.30792
1.35007
1.36788
1.39413
1.42245
1.4021
1.41246
1.34242
1.36438
1.37156
1.36286
1.40285
1.4026
1.41081
1.40316
1.42091
1.39316
1.38976
1.39055
1.36067
1.33503
1.32317
1.44345
1.43495
1.43278
1.41369
1.41576
1.39451
1.37224
1.37959
1.34886
1.30966
1.31703
1.31803
1.34125
1.35392
1.37609
1.3348
1.321
1.31675
1.32621
1.31028
1.31763
1.31022
1.32706
1.35242
1.36506
1.34066
1.32052
1.35538
1.35109
1.41033
1.40394
1.4145
1.42506
1.37002
1.38267
1.3456
1.34874
1.3836
1.34863
1.33697
1.35815
1.34223
1.34434
1.35169
1.35588
1.48037
1.47272
1.46929
1.43942
1.44765
1.42199
1.43819
1.3914
1.42714
1.42055
1.47747
1.46348
1.43015
1.42162
1.41945
1.40036
1.40245
1.38124
1.35897
1.36632
1.33562
1.29639
1.30378
1.30478
1.42735
1.41883
1.41662
1.39751
1.3996
1.37838
1.35611
1.36346
1.33274
1.29355
1.30097
1.302
1.32522
1.3379
1.36008
1.3188
1.30498
1.30072
1.31015
1.29423
1.3016
1.29417
1.31106
1.33642
1.34906
1.32466
1.3045
1.33936
1.33509
1.3943
1.38791
1.39844
1.40897
1.35391
1.36654
1.32949
1.33264
1.36751
1.33254
1.32088
1.34202
1.32607
1.32816
1.33549
1.33966
1.35048
1.30579
1.29498
1.42279
1.376
1.41174
1.40516
1.46209
1.44809
1.45208
1.44652
1.36161
1.37618
1.3114
1.33552
1.30883
1.28744
1.31047
1.31447
1.27191
1.31399
1.33174
1.35795
1.38625
1.36588
1.37623
1.30615
1.32813
1.33531
1.38798
1.40785
1.4531
1.50154
1.46639
1.45664
1.40668
1.43181
1.44742
1.41456
1.36776
1.40352
1.39695
1.45385
1.43986
1.44392
1.43847
1.35364
1.36828
1.30357
1.32774
1.30104
1.27962
1.30267
1.30665
1.26408
1.30614
1.32389
1.35013
1.37846
1.35811
1.36845
1.29835
1.56871
1.51872
1.50999
1.50127
1.54018
1.58337
1.56833
1.56704
1.51706
1.50837
1.49967
1.53858
1.53836
1.49157
1.44899
1.40641
1.37971
1.36254
1.32526
1.30812
1.28568
1.28334
1.31168
1.33156
1.29428
1.31624
1.30541
1.29458
1.26256
1.25387
1.23985
1.25865
1.27004
1.27509
1.31926
1.34443
1.38864
1.40639
1.36699
1.32756
1.26811
1.1896
1.11533
1.02836
0.93605
0.86491
0.78532
0.71841
0.64939
0.59835
0.56213
0.51638
0.42725
0.31166
0.24263
0.13865
0.04422
-0.02969
-0.08314
-0.0774
-0.06833
-0.04494
0.00172
0.02128
0.03119
-0.0044
0.0087
0.02502
0.02016
0.00785
0.00724
-0.00292
-0.02686
-0.02648
-0.01128
-0.02358
-0.02424
-0.02913
-0.02557
-0.0347
-0.02055
-0.02328
-0.03237
-0.05836
-0.08017
-0.09567
-0.07516
-0.05889
-0.06796
-0.07392
-0.06609
-0.08368
-0.08533
-0.09542
-0.07378
-0.06274
-0.05491
-0.07455
-0.04656
-0.05144
-0.0351
-0.04527
-0.01622
-0.00948
0.00361
0.0167
0.0245
0.02277
0.01047
0.01404
0.01655
0.01799
0.03749
0.02945
0.0384
0.03562
0.0234
0.02917
0.04341
0.03957
0.03897
0.03303
0.02398
0.01072
0.01752
0.02329
0.02804
0.03276
0.0469
0.03994
0.05411
0.0524
0.05073
0.01938
0.04309
0.0403
0.01857
0.01692
0.00469
0.00933
0.0045
0.00915
0.01825
0.02785
0.02582
0.00155
0.00479
-0.01524
-0.03632
-0.05211
-0.05945
-0.06255
-0.04872
-0.05287
-0.02845
-0.04001
-0.03993
-0.02505
-0.02497
-0.02489
-0.0301
-0.03741
-0.0458
-0.04996
-0.05094
-0.0551
-0.04762
-0.0666
-0.05277
-0.05058
-0.0632
-0.04196
-0.06305
-0.06615
-0.0629
-0.07553
-0.0871
-0.07645
-0.08697
-0.09007
-0.08787
-0.08673
-0.08348
-0.06964
-0.07274
-0.07054
-0.06729
-0.07991
-0.07454
-0.08716
-0.08601
-0.06054
-0.07104
-0.06462
-0.06559
-0.08033
-0.0813
-0.08545
-0.09278
-0.08105
-0.09684
-0.08829
-0.07233
-0.06379
-0.06054
-0.04776
-0.05296
-0.05922
-0.05068
-0.0453
-0.02829
-0.02715
-0.02707
-0.03229
-0.02586
-0.03001
-0.00135
8.43959E-4
9.26238E-4
0.01898
0.01269
0.01803
0.01491
-0.01255
-0.01249
-0.02513
-0.03459
-0.04512
-0.04506
-0.03971
-0.04918
-0.05758
-0.03953
-0.03948
-0.03202
-0.0309
-0.02026
-0.03184
-0.03178
-0.01691
-0.01685
-0.02314
-0.0178
-0.01774
-0.00499
-0.0134
0.00465
-0.01434
5.3901E-4
0.00906
0.01759
0.024
0.02934
0.02411
0.01041
0.02641
0.02342
0.02044
0.02062
0.0261
0.02311
0.00318
0.02768
0.0321
0.03335
0.02399
0.01993
0.018
0.0203
0.0173
0.02382
0.0367
0.039
0.03496
0.02879
0.02581
0.01541
0.04098
0.04009
0.03604
0.04046
0.03959
0.04507
0.00928
0.01264
-9.36784E-4
0.00878
0.00367
0.00278
0.02411
0.01582
0.01281
-0.00605
-0.02068
-0.00991
-2.17023E-4
0.0116
0.00966
-0.00602
-0.01007
-0.01623
-0.02028
-0.00422
0.00444
0.02473
0.02174
0.02298
0.01894
0.02757
0.02351
0.02476
0.03658
0.02513
0.02848
0.03287
0.02137
0.01623
0.00897
-0.00569
-0.01611
-0.01701
0.01807
0.03092
0.01944
-0.00263
-3.55425E-4
-0.01291
-0.01065
0.00326
0.00659
-6.56367E-4
-0.00368
-0.02786
-0.01288
-0.02014
0.00646
0.00978
0.01629
0.01643
0.03456
0.02731
0.02639
0.01066
-0.00613
-0.01445
-0.00284
0.00975
0.03397
0.04022
0.02424
0.04211
0.05471
0.09905
0.15396
0.18136
0.22781
0.23194
0.26146
0.31108
0.3533
0.37858
0.4409
0.48311
0.49464
0.5432
0.57907
0.61387
0.64233
0.64539
0.6929
0.74675
0.76356
0.78885
0.78133
0.7664
0.76311
0.76194
0.76606
0.77017
0.7563
0.74879
0.75927
0.75598
0.76751
0.78222
0.79164
0.81692
0.81469
0.80399
0.81658
0.81647
0.80154
0.81625
0.8098
0.82344
0.84343
0.84862
0.84957
0.86956
0.87368
0.87781
0.90204
0.91252
0.90607
0.90066
0.88574
0.8634
0.83895
0.8547
0.86409
0.89255
0.89455
0.89122
0.89424
0.89622
0.87594
0.86943
0.88409
0.87546
0.88167
0.87093
0.86652
0.83992
0.8292
0.8407
0.85326
0.86056
0.85411
0.86036
0.84861
0.84851
0.841
0.82185
0.82809
0.81739
0.82046
0.82458
0.83295
0.80955
0.82003
0.80934
0.83145
0.81123
0.81535
0.81418
0.79396
0.77162
0.78209
0.80208
0.79879
0.78596
0.76675
0.77929
0.7802
0.79272
0.78622
0.79453
0.78908
0.75929
0.78032
0.77911
0.78744
0.78199
0.79984
0.79226
0.79632
0.80462
0.80871
0.80962
0.79677
0.8199
0.83773
0.85874
0.86072
0.87432
0.8657
0.85497
0.84847
0.84938
0.88097
0.8639
0.84259
0.82023
0.80317
0.80301
0.80601
0.8101
0.81738
0.81406
0.80968
0.81907
0.81152
0.81878
0.8292
0.80473
0.80671
0.82455
0.83922
0.83062
0.83893
0.82187
0.82173
0.86181
0.89025
0.89752
0.88785
0.8803
0.86428
0.85673
0.8735
0.87652
0.88908
0.89317
0.88351
0.86856
0.87371
0.85029
0.84063
0.8352
0.82766
0.81165
0.82951
0.84207
0.83347
0.81534
0.82262
0.8172
0.83823
0.85502
0.8369
0.82936
0.83345
0.81426
0.7993
0.79071
0.7673
0.76186
0.77969
0.76155
0.76986
0.80145
0.79917
0.78422
0.77986
0.77231
0.80075
0.79849
0.79307
0.79928
0.78327
0.81383
0.78724
0.78816
0.78909
0.83338
0.83534
0.84471
0.84563
0.83172
0.85803
0.82508
0.81751
0.88404
0.90081
0.88162
0.87619
0.8517
0.85048
0.86725
0.85758
0.87861
0.83507
0.8529
0.83689
0.83356
0.78792
0.77932
0.77813
0.79281
0.8096
0.78511
0.80297
0.76896
0.71274
0.70309
0.71669
0.72819
0.72696
0.73318
0.72142
0.7107
0.69573
0.73687
0.72406
0.72183
0.72594
0.72259
0.72879
0.74874
0.74434
0.73149
0.74086
0.73436
0.76489
0.75204
0.73177
0.73268
0.74204
0.75035
0.73221
0.767
0.76791
0.77515
0.78134
0.79708
0.83081
0.83067
0.83371
0.83677
0.83135
0.82063
0.83108
0.83094
0.85089
0.84545
0.88021
0.88431
0.89263
0.87026
0.85952
0.86891
0.85184
0.85592
0.85366
0.83976
0.84595
0.83206
0.83509
0.83706
0.85067
0.85152
0.85351
0.87345
0.86062
0.84142
0.84657
0.82422
0.83359
0.80912
0.78146
0.74112
0.70712
0.66149
0.61902
0.59031
0.54148
0.50005
0.45017
0.40874
0.3853
0.32694
0.28129
0.25468
0.17304
0.13373
0.12404
0.07943
0.05281
0.01774
8.42594E-4
0.01107
0.0107
0.02304
0.02802
0.0309
0.02209
0.03335
0.03192
0.04419
0.03963
0.02331
0.02817
0.04151
0.03052
0.05448
0.04456
0.02086
0.02362
0.01582
0.01225
0.00125
-0.01185
-0.01962
-0.03162
-0.03731
-0.04935
-0.06563
-0.06824
-0.07305
-0.07362
-0.07315
-0.08012
-0.07858
-0.08766
-0.09036
-0.1047
-0.0767
-0.07309
-0.08746
-0.09439
-0.09073
-0.07544
-0.09295
-0.0893
-0.08353
-0.08622
-0.07939
-0.05775
-0.04139
-0.04832
-0.05736
-0.0389
-0.03105
-0.0306
-0.03542
-0.04447
-0.03975
-0.04567
-0.04205
-0.01512
-0.01358
-0.02474
-0.04119
-0.03754
-0.02336
-0.03137
-0.03618
0.00134
0.00181
-0.00934
0.00807
-0.00415
-0.01747
-0.0075
-0.00597
-0.0129
0.00659
0.00281
-0.00307
-0.00683
-0.02222
-0.01751
0.00202
-6.76137E-4
0.00722
0.01087
0.01664
0.01183
-0.0078
-0.02848
-0.04811
-0.06032
-0.04397
-0.04032
-0.05147
-0.04147
-0.00924
-0.00665
-0.01887
-0.0205
-0.01261
5.61774E-4
0.0021
-0.01329
-0.01069
3.74041E-4
-0.01185
-0.02513
-0.00665
-0.02311
-0.00781
0.00219
0.00267
-0.01166
-0.00483
-0.00541
-0.01868
-0.03196
-0.05052
-0.02888
-0.02735
-0.03004
-0.03485
-0.02907
-0.01166
-0.01011
-0.02338
-0.02395
-0.02347
-0.02613
-0.02353
-0.03045
-0.03207
-0.02313
-0.00994
-0.00842
-0.00265
0.0063
0.01207
0.02843
0.02257
0.02517
0.02671
0.03355
0.02346
0.0153
0.01648
0.02294
0.03469
0.05598
0.054
0.05415
0.05324
0.05444
0.03871
0.02296
0.00299
0.00842
0.0032
-0.01156
-0.02526
-0.02625
-0.03148
-0.02612
-0.04405
-0.03976
-0.03335
-0.03223
-0.04275
-0.07128
-0.09115
-0.10356
-0.11177
-0.11045
-0.10597
-0.1004
-0.0832
-0.06493
-0.06989
-0.06431
-0.06611
-0.0637
-0.06762
-0.0472
-0.04793
-0.03706
-0.0389
-0.06402
-0.0553
-0.03386
-0.0304
-0.01848
-2.46606E-4
-0.00103
-0.00288
-0.00894
-1.97915E-4
-0.00626
-0.01233
-0.02052
-0.02553
-0.01575
-0.00807
0.00384
-0.00858
-0.00829
-0.01643
-0.02669
-9.98031E-4
-0.01025
-0.02682
-0.03076
-0.03683
-0.03761
-0.03627
-0.0318
-0.02619
-0.02693
-0.00866
-0.00732
0.00672
-4.3895E-4
0.00508
-0.01901
-0.01137
-0.00792
-0.01716
-0.019
-0.02084
-0.01844
-0.02137
-0.01055
0.03096
0.03446
0.03157
0.05516
0.06392
0.05365
0.04445
0.02892
0.03134
0.02532
0.02987
0.01433
0.02523
0.01392
0.00789
0.01351
0.022
0.01659
0.02072
0.02274
0.01524
-0.00602
0.02031
0.01704
0.01058
-1.11405E-4
0.00825
0.01769
0.01759
0.03019
0.03221
0.02999
0.03833
0.03186
0.02647
0.04011
0.04953
0.04096
0.05673
0.03228
0.04382
0.04053
-0.01351
-0.01564
-0.01777
-0.01567
-0.01886
-0.00829
0.03296
0.03612
0.03293
0.0562
0.06465
0.05406
0.04452
0.02863
0.03073
0.02437
0.02859
-0.04761
-0.05185
-0.03175
-0.03282
-0.02225
-0.02438
-0.04978
-0.04133
-0.02017
-0.01701
-0.00538
0.01258
0.01149
0.00934
0.00296
0.01138
0.00498
0.49383
0.49485
0.51174
0.51594
0.52966
0.55185
0.56133
0.56447
0.55491
0.55381
0.55483
0.54421
0.57909
0.57058
0.59065
0.59061
0.58633
0.57466
0.57674
0.5894
0.57243
0.58191
0.57764
0.56702
0.55216
0.55001
0.55103
0.55205
0.53507
0.54138
0.53711
0.52542
0.52642
0.51898
0.5401
0.51783
0.51249
0.51457
0.53251
0.50496
0.48058
0.48371
0.46568
0.47093
0.47406
0.47719
0.47714
0.48239
0.47599
0.47383
0.4632
0.45999
0.47264
0.47682
0.45032
0.4344
0.43541
0.42373
0.40675
0.41093
0.431
0.41825
0.42773
0.4298
0.42975
0.45509
0.46351
0.48039
0.45918
0.46126
0.4665
0.46751
0.47065
0.47378
0.49279
0.5192
0.51492
0.52335
0.53177
0.55712
0.53591
0.53269
0.55487
0.55059
0.56219
0.56638
0.53776
0.54301
0.55037
0.56091
0.56087
0.59998
0.60311
0.6073
0.58185
0.56382
0.55849
0.57644
0.58169
0.5626
0.54774
0.5551
0.55189
0.55819
0.56661
0.56021
0.55488
0.5633
0.56854
0.56109
0.58221
0.57793
0.54509
0.56197
0.57674
0.59045
0.59993
0.58085
0.57234
0.55642
0.58071
0.5849
0.59438
0.5901
0.58794
0.59107
0.59738
0.58463
0.58247
0.57501
0.55697
0.53893
0.53995
0.53885
0.52188
0.51762
0.50701
0.49005
0.50272
0.49422
0.49842
0.48568
0.47928
0.46547
0.47072
0.4876
0.4738
0.48223
0.47054
0.47155
0.47257
0.49369
0.49153
0.50735
0.49356
0.4967
0.49138
0.50828
0.53153
0.53044
0.53147
0.52932
0.53035
0.53667
0.53875
0.54401
0.52811
0.53972
0.53969
0.55553
0.53328
0.53748
0.54803
0.54165
0.54056
0.56804
0.57859
0.56904
0.569
0.53828
0.54883
0.55726
0.56041
0.56461
0.57833
0.60052
0.60261
0.60152
0.59832
0.57818
0.57815
0.59928
0.58761
0.55689
0.53887
0.53143
0.5261
0.51865
0.51754
0.51962
0.5365
0.5227
0.52054
0.5332
0.5522
0.52888
0.50661
0.47905
0.46419
0.44193
0.46412
0.47466
0.46298
0.47987
0.47772
0.50201
0.50409
0.50828
0.51036
0.50291
0.4997
0.50073
0.50916
0.50384
0.48475
0.46884
0.49101
0.50261
0.50679
0.51415
0.53315
0.51618
0.50026
0.50127
0.497
0.51388
0.51172
0.5159
0.50209
0.483
0.47872
0.49031
0.49873
0.48281
0.49122
0.50493
0.50911
0.51119
0.5122
0.54179
0.53751
0.55122
0.54588
0.57758
0.59235
0.58278
0.58381
0.57108
0.55835
0.56996
0.5657
0.55614
0.53601
0.50741
0.49891
0.47243
0.45335
0.40676
0.3644
0.34426
0.30401
0.28705
0.25739
0.25312
0.20018
0.16628
0.15567
0.13236
0.13868
0.11643
0.09735
0.10049
0.09835
0.0835
0.09617
0.09402
0.10034
0.09925
0.1098
0.11189
0.0981
0.10547
0.10333
0.10541
0.11067
0.10852
0.10743
0.11057
0.1116
0.11263
0.11789
0.11151
0.09772
0.09769
0.08284
0.06693
0.07642
0.06899
0.0552
0.06046
0.0636
0.05828
0.05084
0.05927
0.05712
0.05286
0.05706
0.06338
0.04642
0.04004
0.02308
0.01669
0.00714
0.00711
0.01449
0.04832
0.03771
0.01863
0.03235
0.02703
0.01853
0.01427
0.02694
0.0195
0.00359
-0.00279
-0.01657
-0.01131
0.00241
-0.01031
-0.02093
-0.01567
-0.00194
0.00967
0.01704
0.00748
0.0011
0.00636
0.00739
-0.01275
-0.00855
0.01047
0.02525
0.02099
0.05376
0.06114
0.06005
0.05367
0.07158
0.0534
0.05428
0.06363
0.0666
0.0495
0.04932
0.05547
0.05741
0.05618
0.06021
0.07589
0.08733
0.08185
0.06895
0.05606
0.04422
0.02288
0.03434
0.02886
0.03924
0.01896
0.04418
0.05459
0.06287
0.07749
0.07729
0.08027
0.08114
0.06297
0.05433
0.04674
0.03386
0.04214
0.04194
0.04809
0.03096
0.03077
0.02529
0.02721
0.03963
0.03087
0.03906
0.01445
0.02051
0.00649
-0.00437
0.00705
-0.00479
-0.02086
0.00223
-0.00959
0.0103
0.01325
-0.00815
-0.00203
9.01156E-4
0.02287
0.02789
0.02236
0.02527
0.02607
0.03002
0.02127
0.01887
-0.0015
3.26943E-4
-0.00735
-0.01291
-0.00786
-0.01129
-0.00834
-1.80736E-4
-0.01421
-0.02082
-0.01263
-0.00971
-0.01422
-0.00711
0.01168
0.02301
0.00369
-0.00715
-0.01274
-0.00561
-0.01434
-0.00296
-0.00531
-0.00558
-0.00692
-8.23094E-4
0.00212
-0.01398
0.00268
0.00775
0.01706
0.00519
-0.00667
-0.01431
-0.02406
-0.03382
-0.02013
-0.00848
0.0074
0.00636
-0.00104
0.02014
0.02756
0.02651
0.02017
0.01383
0.00115
0.00327
0.02022
-0.01152
-0.01785
-0.01254
0.0118
0.02346
0.01395
0.00126
-0.00931
-0.0294
-0.03574
-0.05478
-0.04524
-0.04946
-0.07696
-0.07483
-0.06212
-0.05893
-0.04516
-0.0388
-0.03138
-0.03136
0.00251
0.01416
4.19593E-4
-0.01015
4.45515E-4
0.01422
0.03857
0.03435
0.02802
0.02379
0.03756
0.03546
0.05452
0.06406
0.0355
0.02387
0.02812
0.01967
0.03449
0.03663
0.03664
0.01442
0.00597
0.01128
0.00283
-0.01303
-0.02148
-0.02676
-0.01934
-0.00345
-2.6689E-4
-0.01189
-0.00659
-0.01822
-0.00127
0.0305
0.04109
0.03793
0.02525
0.01786
0.01364
0.02317
0.02742
0.03272
0.03273
0.04756
0.05392
0.05817
0.06453
0.06984
0.05715
0.06774
0.07622
0.06883
0.05297
0.05087
0.04136
0.03925
0.04032
0.07314
0.05411
0.04354
0.02556
0.02346
0.01394
0.02454
0.01503
0.02245
0.04045
0.02353
0.02672
0.04895
0.02886
0.02782
0.0363
0.05218
0.04796
0.04904
0.05857
0.07552
0.06601
0.07449
0.09143
0.10309
0.12321
0.12746
0.12218
0.13065
0.11797
0.1074
0.10741
0.10107
0.10849
0.14131
0.13603
0.15086
0.16569
0.17628
0.17735
0.17843
0.16045
0.16469
0.17952
0.15943
0.16685
0.17216
0.19122
0.20499
0.20077
0.21242
0.21032
0.21033
0.204
0.19978
0.1744
0.17653
0.1575
0.13741
0.15012
0.15754
0.14697
0.15439
0.15864
0.14808
0.16396
0.15657
0.12801
0.13014
0.1111
0.09842
0.10372
0.11432
0.11751
0.13234
0.12177
0.14506
0.14719
0.13768
0.15462
0.12712
0.13242
0.14408
0.14092
0.1367
0.12824
0.1272
0.11663
0.13251
0.11559
0.13042
0.12726
0.12198
0.09131
0.10401
0.10614
0.11462
0.09452
0.1104
0.10936
0.11466
0.13478
0.13268
0.12528
0.13059
0.12954
0.15072
0.14756
0.16451
0.16241
0.17406
0.16455
0.18996
0.18894
0.21647
0.20379
0.19958
0.19431
0.20174
0.18588
0.20812
0.19437
0.15841
0.15207
0.15103
0.132
0.12989
0.12356
0.1405
0.12253
0.12572
0.11832
0.11834
0.11517
0.11731
0.12579
0.12474
0.13322
0.11841
0.1216
0.13008
0.12585
0.1301
0.16397
0.16927
0.17669
0.20315
0.1947
0.19153
0.17144
0.16192
0.17569
0.181
0.19371
0.19477
0.17468
0.15248
0.15249
0.13557
0.16204
0.16205
0.15889
0.15255
0.14199
0.11978
0.11767
0.12403
0.10394
0.11877
0.11879
0.13574
0.14845
0.1474
0.16964
0.16542
0.15168
0.17392
0.16229
0.16865
0.18348
0.1655
0.16763
0.18034
0.17824
0.20259
0.22906
0.22696
0.21004
0.21746
0.22065
0.22595
0.21856
0.21434
0.18896
0.15723
0.16782
0.19323
0.20065
0.22501
0.21761
0.20599
0.06103
0.07798
0.06847
0.07695
0.09389
0.10554
0.12566
0.1299
0.12462
0.1331
0.12042
0.10985
0.10986
0.10353
0.11095
0.14377
0.13849
0.15332
0.16815
0.17875
0.17982
0.18089
0.16292
0.16717
0.182
0.1619
0.16933
0.17463
0.19369
0.20746
0.20324
0.25723
0.271
0.25514
0.24669
0.21496
0.20015
0.21604
0.21817
0.22665
0.2309
0.20552
0.21294
0.21719
0.20768
0.20346
0.21511
0.21301
0.21302
0.20668
0.20246
0.17708
0.17921
0.16017
0.14008
0.15279
0.16021
0.14964
0.15705
0.11156
0.14438
0.1391
0.15392
0.2079
0.20368
0.21533
0.21323
0.21324
0.2069
0.20268
0.17729
0.17942
0.16038
0.14029
0.153
0.16042
0.14985
0.15727
0.16045
0.14988
0.1573
0.10652
0.10865
0.11712
0.09703
0.11292
0.11187
0.11718
0.1373
0.13519
0.1278
0.1331
0.13206
0.15324
0.15008
0.16702
0.16491
0.17657
0.16706
0.19247
0.19142
0.21895
0.20626
0.22215
0.21052
0.21477
0.19679
0.18093
0.17036
0.1545
0.14499
0.11855
0.11327
0.09423
0.06568
0.07098
0.06676
0.07524
0.08055
0.08585
0.10703
0.07741
0.05732
0.03723
0.03407
0.03408
0.02034
0.0267
0.04788
0.02461
0.02674
0.02887
0.03206
0.03313
0.03843
0.06066
0.05327
0.05328
0.04059
0.05012
0.05437
0.03534
0.03218
0.04489
0.0449
0.04809
0.0407
0.03754
0.03014
0.03015
0.04815
0.03652
0.0397
0.045
0.03548
0.02597
0.01751
0.0207
0.01012
-0.00787
-0.00784
-0.01521
-0.01305
-0.02466
-0.02356
-0.02353
-0.02561
-0.03404
-0.02024
-0.00433
-0.01171
-0.02119
-0.00317
0.00428
0.00431
-9.42196E-4
-0.01043
-0.00616
-0.01247
-0.00926
0.01088
0.02256
0.01095
5.87556E-5
0.01113
0.01056
0.00999
0.01577
0.02895
0.02521
0.01194
0.01666
0.02456
0.02293
0.0213
0.01438
0.02757
0.03864
0.04865
0.05231
0.04116
0.03424
0.02415
0.02675
0.03253
0.03514
0.04832
0.04775
0.05142
0.04026
0.04075
0.04441
0.04596
0.02846
0.02577
0.02414
0.0331
0.02195
0.0182
0.01022
0.00965
0.02707
0.01486
0.01747
0.02219
0.0068
0.01258
0.00672
-3.63052E-4
0.00344
0.01678
-5.80922E-4
-0.00736
-0.00566
-0.00292
-0.00122
0.0047
0.01168
0.02395
0.03411
0.03157
0.03432
0.03813
0.04828
0.04045
0.05167
0.05759
0.05293
0.05039
0.0469
0.05527
0.06245
0.06961
0.06462
0.04431
0.03683
0.00868
0