-0.19079
-0.17772
-0.15741
-0.12389
-0.08557
-0.06749
-0.05725
-0.05521
-0.04243
-0.02338
5.59066E-4
0.02181
0.04564
0.06199
0.0717
0.07385
0.07747
0.07832
0.08157
0.08499
0.09006
0.09614
0.10828
0.11358
0.11304
0.10548
0.09784
0.0776
0.05579
0.03245
0.00881
-0.01324
-0.03291
-0.04751
-0.05593
-0.06201
-0.06867
-0.08247
-0.09323
-0.10762
-0.12395
-0.14129
-0.14837
-0.13903
-0.12195
-0.1017
-0.08083
-0.05969
-0.04491
-0.03885
-0.03642
-0.03509
-0.02884
-0.02149
-0.00787
0.00642
0.02186
0.02759
0.02323
0.01502
0.00672
-9.71257E-4
-0.00504
-0.00458
0.00117
-1.27178E-4
-6.17797E-4
-0.00725
-0.01165
-0.02007
-0.02438
-0.02195
-0.01139
-0.00174
0.00596
0.00952
0.00862
0.00128
-0.01095
-0.02406
-0.02508
-0.0239
-0.01894
-0.01782
-0.01373
-0.01403
-0.02353
-0.03279
-0.0434
-0.05348
-0.0624
-0.07591
-0.08565
-0.09609
-0.1062
-0.11853
-0.12776
-0.13112
-0.12818
-0.12331
-0.1144
-0.09943
-0.08263
-0.06845
-0.05623
-0.04421
-0.03373
-0.0279
-0.02306
-0.01804
-0.0152
-0.00963
-0.00832
-0.01522
-0.0263
-0.04096
-0.0608
-0.08241
-0.09978
-0.11071
-0.11781
-0.11039
-0.09824
-0.08323
-0.07333
-0.06542
-0.06158
-0.0601
-0.05648
-0.05688
-0.05356
-0.05055
-0.04948
-0.04724
-0.0496
-0.04827
-0.05
-0.05578
-0.0616
-0.06635
-0.06834
-0.076
-0.07915
-0.07979
-0.07716
-0.0702
-0.06304
-0.06433
-0.06705
-0.07217
-0.08533
-0.09984
-0.10764
-0.10985
-0.10895
-0.10028
-0.08908
-0.08662
-0.08337
-0.08456
-0.09747
-0.10656
-0.10462
-0.10174
-0.09285
-0.0759
-0.05956
-0.05165
-0.04533
-0.04828
-0.06313
-0.07945
-0.09591
-0.11589
-0.1235
-0.11718
-0.10861
-0.09857
-0.08021
-0.07078
-0.071
-0.08203
-0.09361
-0.11214
-0.12272
-0.1274
-0.13141
-0.1241
-0.11268
-0.10508
-0.10761
-0.11308
-0.12046
-0.13399
-0.13677
-0.13467
-0.12502
-0.10974
-0.09293
-0.07552
-0.06628
-0.05463
-0.04498
-0.03197
-0.0193
-0.01143
-0.00727
-0.00154
0.00255
0.00147
-0.00352
-0.00358
-0.00239
0.00106
0.00105
-9.83642E-4
-0.005
-0.00844
-0.02204
-0.03985
-0.05287
-0.05469
-0.05838
-0.05881
-0.0533
-0.04455
-0.04186
-0.04034
-0.0449
-0.05179
-0.05221
-0.0511
-0.05632
-0.05587
-0.05176
-0.04442
-0.04177
-0.03781
-0.03685
-0.04275
-0.04892
-0.05341
-0.06201
-0.06333
-0.05895
-0.0501
-0.0398
-0.02635
-0.01564
-0.0104
-0.00216
0.00284
0.002
0.00221
0.00733
0.01549
0.02873
0.04795
0.0604
0.07273
0.08706
0.09483
0.09481
0.09146
0.0867
0.0729
0.0603
0.0545
0.05088
0.04901
0.04837
0.04169
0.0307
0.02114
0.00548
-0.01397
-0.02337
-0.02548
-0.01875
-0.00575
0.011
0.02832
0.04333
0.04858
0.04838
0.04611
0.04789
0.04613
0.05231
0.06515
0.0726
0.07635
0.07262
0.06001
0.0423
0.02474
0.01373
0.004
0.00664
0.01624
0.02777
0.03709
0.04837
0.0552
0.05378
0.05446
0.05222
0.05808
0.07072
0.09236
0.11787
0.13415
0.14965
0.15361
0.15118
0.1427
0.13311
0.1259
0.12195
0.1259
0.13141
0.13789
0.14184
0.14112
0.13432
0.11872
0.09917
0.06948
0.05238
0.03347
0.01729
0.00728
6.36166E-5
-0.00429
-0.01075
-0.01595
-0.01966
-0.02016
-0.0114
-0.00548
0.00272
0.01751
0.0373
0.04863
0.05801
0.06529
0.06612
0.06554
0.05702
0.04832
0.03572
0.02447
0.01528
0.00876
0.00679
0.00967
0.00956
0.018
0.01889
0.0193
0.01804
0.0193
0.0258
0.04335
0.05455
0.06588
0.07155
0.07421
0.06031
0.04385
0.02551
0.015
0.00393
0.00624
0.01157
0.02066
0.02764
0.03052
0.02179
0.01351
0.00704
0.00542
0.00171
0.00667
0.01617
0.0261
0.02866
0.02832
0.01428
-0.00276
-0.01609
-0.02586
-0.03278
-0.03749
-0.03288
-0.03131
-0.03576
-0.03991
-0.06025
-0.07603
-0.0766
-0.06212
-0.03193
0.01858
0.08369
0.14502
0.20477
0.23925
0.2575
0.29273
0.36485
0.46754
0.60818
0.78571
0.96597
1.13137
1.26491
1.34122
1.35524
1.35145
1.37714
1.43626
1.55666
1.72587
1.8937
2.03442
2.13283
2.15632
2.09392
1.97223
1.8461
1.75269
1.73525
1.81609
1.94447
2.07537
2.18984
2.25594
2.25828
2.18374
2.07317
1.95393
1.86379
1.82691
1.82318
1.80811
1.79581
1.78493
1.77161
1.76356
1.76147
1.763
1.77562
1.79524
1.82925
1.83691
1.82482
1.80258
1.809
1.86694
1.98023
2.11301
2.23674
2.32885
2.36912
2.3346
2.22548
2.08281
1.93468
1.82329
1.79769
1.85983
1.98232
2.11973
2.24136
2.32627
2.35701
2.32457
2.19384
2.04406
1.95078
1.94653
2.01095
2.14288
2.30901
2.45506
2.5456
2.55951
2.47335
2.33619
2.17593
2.02699
1.90865
1.84267
1.81023
1.79313
1.78911
1.79539
1.80141
1.80602
1.78798
1.77862
1.79169
1.83631
1.9258
2.04987
2.18828
2.32665
2.46421
2.56898
2.61658
2.6347
2.62956
2.6127
2.59079
2.58325
2.56245
2.51851
2.45946
2.3611
2.22328
2.05809
1.90819
1.83177
1.82304
1.88528
1.96239
2.03213
2.07979
2.08221
2.03607
1.95641
1.86578
1.81253
1.79587
1.84289
1.94822
2.08329
2.21487
2.31615
2.36687
2.35561
2.2735
2.15495
2.04064
1.9374
1.87952
1.88737
1.94598
2.03114
2.11798
2.1941
2.24162
2.24089
2.19747
2.0868
1.96396
1.89825
1.89667
1.94531
2.06529
2.21452
2.3579
2.44983
2.47593
2.41447
2.25535
2.08336
1.95556
1.89365
1.94781
2.08183
2.24076
2.37514
2.46859
2.49015
2.42158
2.31207
2.20204
2.08031
2.00479
2.01922
2.0762
2.14665
2.21616
2.26654
2.28179
2.25929
2.20205
2.10283
2.01591
1.96017
1.9163
1.89445
1.94421
2.03211
2.13646
2.23212
2.29923
2.32844
2.3059
2.22881
2.12
1.99352
1.91797
1.88873
1.93423
2.03006
2.14918
2.25485
2.32592
2.3477
2.28706
2.16005
2.04726
1.98534
2.00676
2.09733
2.25433
2.416
2.53887
2.59491
2.54549
2.44479
2.3342
2.24764
2.21275
2.26002
2.38072
2.49837
2.57838
2.59799
2.53634
2.42202
2.25968
2.10695
1.99632
1.99705
2.06384
2.16471
2.27118
2.3492
2.38269
2.35227
2.25588
2.13956
2.01194
1.92305
1.877
1.9109
2.00043
2.11329
2.21539
2.2923
2.33032
2.31572
2.23829
2.1277
2.02603
1.96315
1.90862
1.86455
1.83959
1.84456
1.86626
1.88912
1.91416
1.93705
1.94616
1.93457
1.89947
1.86067
1.83552
1.79458
1.7702
1.80038
1.90273
2.04823
2.19379
2.31665
2.40291
2.43091
2.3927
2.28032
2.15984
2.07204
2.02009
1.98865
1.9689
1.95433
1.93902
1.92329
1.90406
1.88587
1.87039
1.83366
1.80333
1.80312
1.84725
1.93211
2.04757
2.19289
2.3474
2.52356
2.66533
2.71855
2.69221
2.58796
2.44492
2.30007
2.21178
2.17797
2.18888
2.24804
2.29556
2.30594
2.2644
2.17161
2.03803
1.92702
1.89676
1.93985
2.05717
2.21173
2.35827
2.46614
2.51918
2.50202
2.40276
2.27469
2.14789
2.02753
1.95716
1.96752
2.02028
2.09274
2.16332
2.21852
2.2468
2.24051
2.19003
2.09175
1.97997
1.9211
1.89959
1.93384
2.03939
2.18315
2.3233
2.43966
2.49986
2.49399
2.40151
2.26453
2.10265
1.95935
1.87896
1.88175
1.93618
2.02545
2.11011
2.18752
2.22795
2.21892
2.14783
2.04304
1.93682
1.85528
1.80033
1.80067
1.85993
1.96692
2.0814
2.17706
2.23765
2.25251
2.20456
2.08672
1.94905
1.86613
1.85878
1.91747
2.04218
2.19233
2.3341
2.40933
2.40062
2.32509
2.21866
2.13351
2.08778
2.09294
2.17085
2.27863
2.35143
2.34572
2.26816
2.15325
2.0183
1.88658
1.79821
1.74974
1.76982
1.83646
1.90837
1.97663
2.03171
2.07429
2.10571
2.13002
2.15708
2.17359
2.1899
2.19568
2.18161
2.14241
2.08271
1.97314
1.81822
1.6192
1.39611
1.17249
0.95982
0.77621
0.63224
0.53363
0.48284
0.4416
0.41048
0.38323
0.36028
0.34393
0.32787
0.31132
0.29765
0.28164
0.26415
0.24349
0.21956
0.19352
0.17085
0.15127
0.13626
0.12916
0.12501
0.11844
0.11671
0.11571
0.11436
0.11238
0.11204
0.10777
0.10522
0.10769
0.10813
0.10981
0.11231
0.11196
0.10543
0.09963
0.09615
0.09047
0.09151
0.09427
0.0978
0.10197
0.10533
0.10889
0.10291
0.09931
0.09491
0.08892
0.0817
0.07204
0.06353
0.05052
0.03827
0.02091
0.00768
-0.0075
-0.01863
-0.02752
-0.03307
-0.02757
-0.0186
-0.01185
-0.00392
0.00312
0.01373
0.01214
0.01296
0.01367
0.01562
0.01748
0.02394
0.0269
0.0292
0.02792
0.01941
0.00887
0.00281
-0.00459
-0.01055
-0.01578
-0.01
-0.00112
0.00499
0.01287
0.01486
0.01739
0.02474
0.02711
0.03357
0.03825
0.04116
0.03888
0.03022
0.01982
0.00243
-0.01644
-0.02727
-0.03468
-0.04331
-0.05089
-0.05933
-0.07469
-0.08316
-0.09056
-0.09381
-0.09306
-0.0817
-0.06683
-0.058
-0.04456
-0.03046
-0.0261
-0.01984
-0.0129
-0.00869
-0.00412
0.00462
0.01152
0.01555
0.02185
0.026
0.01988
0.01083
0.001
-0.01485
-0.03483
-0.04734
-0.05519
-0.05667
-0.0506
-0.04601
-0.0403
-0.03651
-0.04018
-0.04699
-0.05331
-0.05567
-0.05361
-0.04473
-0.03035
-0.01344
9.42067E-4
0.00548
0.00346
0.00233
0.00946
0.01149
0.01436
0.02263
0.03113
0.03259
0.02662
0.01582
0.00516
-0.00288
-0.00349
-0.0084
-0.01262
-0.01651
-0.02521
-0.04497
-0.06245
-0.07705
-0.08971
-0.10288
-0.11022
-0.1157
-0.11836
-0.12142
-0.12238
-0.12632
-0.12253
-0.11339
-0.10308
-0.10063
-0.09651
-0.097
-0.10369
-0.1127
-0.11569
-0.11826
-0.10944
-0.0974
-0.08373
-0.08014
-0.07865
-0.08534
-0.097
-0.11043
-0.11592
-0.12058
-0.11663
-0.10571
-0.0904
-0.07885
-0.06183
-0.0595
-0.05856
-0.06494
-0.07045
-0.07785
-0.08623
-0.08903
-0.09157
-0.09222
-0.08836
-0.09321
-0.09619
-0.10378
-0.11395
-0.12689
-0.13326
-0.13573
-0.13561
-0.12991
-0.12314
-0.10906
-0.09829
-0.09209
-0.09147
-0.09462
-0.09073
-0.09221
-0.09581
-0.10235
-0.1141
-0.1245
-0.1428
-0.16197
-0.1752
-0.18445
-0.18402
-0.18039
-0.17028
-0.15578
-0.13554
-0.11619
-0.09895
-0.07885
-0.05354
-0.02891
-0.01193
3.84824E-4
0.00936
0.01051
0.00977
-0.00329
-0.01528
-0.02137
-0.02142
-0.02274
-0.02987
-0.03197
-0.03272
-0.03574
-0.04047
-0.04372
-0.04168
-0.02862
-0.0113
0.00546
0.02176
0.03581
0.04427
0.03952
0.02863
0.01912
0.00886
0.0042
0.005
0.01118
0.02177
0.03037
0.0278
0.01656
0.00836
0.00169
-0.0032
-0.00816
-0.00316
0.00197
0.0066
0.00553
-0.00545
-0.01802
-0.02349
-0.02211
-0.01442
5.4634E-4
0.0197
0.03206
0.03715
0.03377
0.02143
0.00312
-0.0083
-0.00906
-0.00751
5.12175E-4
0.00618
0.00422
-0.00732
-0.02399
-0.04758
-0.07474
-0.09516
-0.1057
-0.11179
-0.10539
-0.09528
-0.08765
-0.08855
-0.08716
-0.09318
-0.09845
-0.10455
-0.11034
-0.11412
-0.10891
-0.09843
-0.09307
-0.08902
-0.07957
-0.07073
-0.05449
-0.04126
-0.021
0.01208
0.05745
0.11081
0.16485
0.21351
0.25231
0.27
0.26782
0.25114
0.22867
0.20261
0.16908
0.13779
0.10853
0.07137
0.02284
-0.03375
-0.09874
-0.15567
-0.19964
-0.23513
-0.25159
-0.24272
-0.2216
-0.2015
-0.18487
-0.16089
-0.14992
-0.1435
-0.1376
-0.13417
-0.12948
-0.12185
-0.11986
-0.12281
-0.11863
-0.11158
-0.1133
-0.11519
-0.11175
-0.10341
-0.10981
-0.12021
-0.11261
-0.08529
-0.03713
0.02715
0.08317
0.15665
0.26202
0.39929
0.55454
0.7337
0.92109
1.10877
1.30517
1.52031
1.73595
1.95266
2.16454
2.3594
2.51006
2.652
2.7516
2.82035
2.88391
2.96437
3.04679
3.13589
3.19067
3.20751
3.19665
3.20818
3.21955
3.2191
3.23775
3.30337
3.39389
3.51662
3.62111
3.69715
3.7312
3.71584
3.66771
3.63529
3.63831
3.66368
3.66637
3.66127
3.67255
3.67442
3.65961
3.62346
3.55911
3.52557
3.51363
3.50901
3.51598
3.54227
3.56221
3.56562
3.57582
3.59244
3.58689
3.58445
3.56562
3.5467
3.55418
3.58881
3.59476
3.58553
3.56575
3.55118
3.54264
3.55887
3.56747
3.55553
3.55977
3.59607
3.63505
3.68386
3.70743
3.70471
3.67063
3.65348
3.63169
3.61342
3.62517
3.645
3.64701
3.66165
3.69702
3.71241
3.6895
3.63762
3.58526
3.57602
3.59773
3.63799
3.64588
3.671
3.73313
3.78957
3.83313
3.84815
3.83306
3.80493
3.78061
3.77497
3.76954
3.76385
3.72745
3.66975
3.62683
3.61092
3.57601
3.51248
3.43475
3.3757
3.3739
3.40151
3.41564
3.42788
3.41935
3.41031
3.39669
3.38374
3.37224
3.34375
3.33154
3.34953
3.38968
3.43829
3.45694
3.44046
3.4348
3.45947
3.48899
3.5227
3.56446
3.60311
3.65706
3.72074
3.79023
3.81268
3.78422
3.73336
3.69299
3.68527
3.70979
3.72407
3.70909
3.69647
3.71452
3.72467
3.71592
3.70122
3.65398
3.61121
3.61265
3.63736
3.63966
3.63562
3.60614
3.57242
3.55263
3.55101
3.52312
3.46731
3.41899
3.41172
3.42697
3.47445
3.49779
3.50973
3.5319
3.59549
3.65179
3.69051
3.72643
3.72925
3.72454
3.7458
3.77364
3.7945
3.79843
3.77266
3.73835
3.73281
3.7301
3.69561
3.6315
3.57839
3.57165
3.58262
3.61885
3.65657
3.68019
3.70641
3.73531
3.76258
3.777
3.78806
3.7953
3.77064
3.75319
3.74739
3.71509
3.66503
3.60934
3.54626
3.49427
3.46394
3.44392
3.40848
3.38418
3.36369
3.34301
3.32945
3.34694
3.36303
3.3565
3.37291
3.40809
3.45206
3.50553
3.52799
3.51478
3.50053
3.52068
3.54031
3.55914
3.58938
3.58861
3.5857
3.60303
3.6395
3.64646
3.63922
3.60362
3.57241
3.58178
3.61832
3.63462
3.64664
3.65935
3.65475
3.62959
3.61134
3.57646
3.54466
3.51458
3.50968
3.51876
3.55807
3.59909
3.59423
3.56326
3.55104
3.53839
3.52242
3.53235
3.52741
3.55437
3.63039
3.71834
3.80243
3.84022
3.83082
3.79917
3.77045
3.77032
3.76974
3.75742
3.75058
3.76159
3.80005
3.86498
3.87445
3.85528
3.83573
3.83942
3.88134
3.91981
3.93155
3.92569
3.92329
3.9476
3.96154
3.95212
3.92572
3.90611
3.9041
3.94363
3.95526
3.93779
3.89092
3.80136
3.71921
3.63822
3.56912
3.5311
3.52342
3.56545
3.60695
3.62413
3.6151
3.56796
3.53444
3.53379
3.52952
3.53405
3.58722
3.65842
3.71281
3.73831
3.7532
3.74341
3.72142
3.7088
3.70305
3.72227
3.78365
3.83235
3.84287
3.82365
3.79902
3.7631
3.73601
3.75279
3.77079
3.77304
3.78142
3.78806
3.79355
3.80286
3.77985
3.74002
3.70276
3.69806
3.70427
3.71807
3.71737
3.69958
3.69183
3.71814
3.72882
3.73044
3.71046
3.70136
3.70646
3.72049
3.71032
3.66875
3.63874
3.66248
3.70221
3.76586
3.8273
3.86463
3.87067
3.88111
3.88148
3.87213
3.85338
3.81126
3.77882
3.78442
3.82687
3.84885
3.83593
3.79663
3.76145
3.75336
3.75477
3.74944
3.73167
3.7006
3.69917
3.70753
3.7358
3.74211
3.7297
3.7246
3.7526
3.79351
3.79815
3.77582
3.76204
3.77184
3.79806
3.81675
3.84321
3.86814
3.86607
3.85039
3.84324
3.8622
3.88742
3.89338
3.87386
3.88055
3.88304
3.81001
3.65841
3.50544
3.39033
3.30898
3.2513
3.25626
3.31491
3.39902
3.44817
3.4426
3.39963
3.33846
3.24476
3.12952
3.03284
2.97685
2.91267
2.81589
2.687
2.52035
2.30303
2.04039
1.74686
1.45455
1.18426
0.9468
0.74458
0.59213
0.48298
0.40668
0.34254
0.29656
0.26418
0.23201
0.203
0.17997
0.15292
0.13933
0.13409
0.13895
0.14064
0.15199
0.16174
0.16897
0.17674
0.18077
0.17928
0.18061
0.18681
0.19241
0.19289
0.20226
0.20371
0.19935
0.18747
0.17053
0.14983
0.12582
0.10538
0.0896
0.07748
0.07198
0.06597
0.05671
0.04651
0.0381
0.02464
0.01341
0.00788
6.57304E-4
-0.00638
-0.01216
-0.0137
-0.02086
-0.03372
-0.04638
-0.05667
-0.05683
-0.05126
-0.04544
-0.03322
-0.01523
1.22799E-4
0.01224
0.02558
0.04102
0.0597
0.07563
0.09155
0.09761
0.09735
0.09081
0.07102
0.05364
0.0395
0.02033
3.43203E-4
-0.01501
-0.0291
-0.04644
-0.06224
-0.07909
-0.09313
-0.09883
-0.09325
-0.08435
-0.07428
-0.05964
-0.05077
-0.04355
-0.04093
-0.04237
-0.03858
-0.03278
-0.01974
-0.01062
-0.00991
-0.01301
-0.02155
-0.03486
-0.04221
-0.04899
-0.04867
-0.04419
-0.04201
-0.04073
-0.04253
-0.04519
-0.04902
-0.05534
-0.05244
-0.04987
-0.0454
-0.0421
-0.04224
-0.04261
-0.04282
-0.04583
-0.05206
-0.05207
-0.04714
-0.04045
-0.04067
-0.04232
-0.04289
-0.05055
-0.05617
-0.0631
-0.06636
-0.05704
-0.04602
-0.03851
-0.03522
-0.03082
-0.03226
-0.04271
-0.04954
-0.05455
-0.05408
-0.04876
-0.04095
-0.03865
-0.03098
-0.02635
-0.0316
-0.03784
-0.03442
-0.0309
-0.02439
-0.01436
-5.5321E-4
0.00755
0.01911
0.02154
0.01763
0.02049
0.02608
0.01895
0.00975
0.00754
-2.32457E-4
-0.01181
-0.01857
-0.02425
-0.0269
-0.02624
-0.03038
-0.03961
-0.04179
-0.04204
-0.0457
-0.04178
-0.03
-0.01199
0.00146
0.00804
0.01112
0.01046
6.57101E-4
-0.02065
-0.03708
-0.04534
-0.05024
-0.05306
-0.05466
-0.05943
-0.06202
-0.0645
-0.07574
-0.08664
-0.08795
-0.0906
-0.09147
-0.08465
-0.06962
-0.0577
-0.04447
-0.03029
-0.01991
-0.01174
-0.00699
-0.0163
-0.0218
-0.02261
-0.02733
-0.03514
-0.03943
-0.04452
-0.04971
-0.05499
-0.05976
-0.067
-0.07305
-0.08274
-0.09206
-0.1011
-0.10615
-0.12014
-0.13013
-0.13051
-0.12087
-0.10691
-0.09456
-0.08268
-0.07262
-0.07153
-0.0759
-0.09066
-0.10265
-0.11523
-0.12574
-0.13018
-0.12455
-0.11542
-0.10802
-0.1035
-0.09889
-0.0936
-0.09579
-0.10068
-0.10106
-0.09326
-0.07551
-0.05837
-0.0453
-0.03506
-0.03027
-0.03441
-0.04639
-0.05831
-0.07033
-0.08259
-0.09188
-0.09117
-0.08643
-0.08245
-0.0829
-0.08401
-0.08049
-0.07226
-0.05708
-0.03891
-0.01937
0.00289
0.02071
0.03095
0.03622
0.03375
0.0206
0.00319
-0.01136
-0.02634
-0.04421
-0.06003
-0.06938
-0.07582
-0.08296
-0.09187
-0.10587
-0.11967
-0.1264
-0.13011
-0.12636
-0.11267
-0.09627
-0.08157
-0.07531
-0.07287
-0.08225
-0.09447
-0.10636
-0.11295
-0.11079
-0.09665
-0.07569
-0.05899
-0.04753
-0.03844
-0.03829
-0.0405
-0.04664
-0.0426
-0.03227
-0.01548
-0.00244
0.00255
0.00354
-3.52685E-4
-0.01258
-0.03371
-0.05972
-0.07835
-0.0944
-0.1059
-0.1137
-0.12151
-0.12104
-0.1132
-0.09496
-0.04612
0.05642
0.20758
0.40276
0.6514
0.94658
1.25667
1.58129
1.91363
2.24446
2.56807
2.88922
3.19426
3.47432
3.75553
4.01662
4.21938
4.3868
4.54331
4.66146
4.71757
4.75809
4.79804
4.81976
4.82488
4.82411
4.82676
4.82676
4.83987
4.83884
4.8236
4.81867
4.81096
4.78691
4.74664
4.72021
4.71484
4.69763
4.69471
4.70232
4.72365
4.74386
4.77947
4.80934
4.83194
4.84184
4.84505
4.83073
4.80992
4.78708
4.77186
4.75685
4.76167
4.76243
4.765
4.76453
4.76136
4.74652
4.72419
4.70366
4.69203
4.69823
4.71092
4.71311
4.70611
4.71542
4.69788
4.65381
4.59634
4.56827
4.53113
4.50381
4.47925
4.48817
4.49422
4.50925
4.49272
4.49266
4.48226
4.47689
4.4375
4.40639
4.38633
4.39627
4.38523
4.38952
4.40567
4.4431
4.466
4.49883
4.53351
4.5766
4.60033
4.64019
4.69951
4.76581
4.82392
4.87695
4.91863
4.94669
4.95729
4.95448
4.93028
4.90072
4.88275
4.87616
4.88075
4.88701
4.89524
4.90187
4.91672
4.92347
4.91842
4.89656
4.87784
4.87537
4.87739
4.87397
4.87425
4.8809
4.89043
4.89213
4.89003
4.88805
4.88075
4.87918
4.87761
4.87381
4.87424
4.88915
4.89085
4.87908
4.86014
4.85462
4.82193
4.76397
4.70113
4.6684
4.62488
4.5804
4.53074
4.51843
4.51366
4.51406
4.49976
4.51226
4.53236
4.56451
4.57544
4.62083
4.67314
4.72813
4.75457
4.79923
4.84371
4.88424
4.89763
4.92485
4.9481
4.96921
4.95953
4.95604
4.94957
4.94168
4.90009
4.85152
4.82481
4.81988
4.80069
4.77808
4.78033
4.80874
4.82154
4.82157
4.83042
4.83867
4.8254
4.8211
4.82822
4.83753
4.84703
4.84812
4.84143
4.80639
4.789
4.75962
4.70787
4.68609
4.70657
4.72422
4.74784
4.77401
4.79812
4.81523
4.83357
4.85742
4.86782
4.88198
4.94379
4.97067
5.00286
5.03683
5.04201
5.03618
5.00825
4.97995
4.96454
4.94543
4.94062
4.94095
4.94715
4.97427
4.99364
4.99441
5.00947
5.01769
5.01301
4.98599
4.94048
4.90065
4.85514
4.83237
4.8079
4.76633
4.75047
4.72606
4.67369
4.62816
4.56629
4.49806
4.42924
4.40356
4.39801
4.41594
4.48454
4.55727
4.62993
4.72361
4.79292
4.83659
4.88255
4.9269
4.93727
4.95265
4.97527
4.99079
4.99839
5.03073
5.05898
5.06474
5.0917
5.08538
5.04406
5.01306
4.9502
4.8837
4.8418
4.82749
4.84977
4.8729
4.91294
4.95943
4.97329
4.97325
4.96161
4.92983
4.92059
4.93266
4.96024
5.00945
5.06398
5.10445
5.13814
5.14785
5.16503
5.16506
5.1401
5.1484
5.15521
5.15707
5.16824
5.16505
5.14628
5.11265
5.09034
5.04548
4.99269
4.96231
4.91882
4.86977
4.84421
4.81168
4.74528
4.68038
4.63391
4.58758
4.5533
4.54459
4.56357
4.59367
4.65033
4.71017
4.73186
4.75446
4.79068
4.81085
4.82464
4.87311
4.92863
4.9726
5.03756
5.0877
5.10703
5.13241
5.14918
5.15432
5.177
5.22726
5.26402
5.29074
5.31464
5.31229
5.28537
5.23927
5.19157
5.14579
5.1192
5.12421
5.12172
5.11777
5.12716
5.10578
5.06814
5.04339
5.01334
4.9543
4.87561
4.76061
4.61889
4.45468
4.28435
4.12567
4.00401
3.93342
3.89824
3.85769
3.81565
3.73813
3.6312
3.49849
3.37402
3.30563
3.277
3.2881
3.32075
3.31661
3.26508
3.13199
2.91384
2.63963
2.35333
2.08899
1.8546
1.66037
1.4907
1.33716
1.19129
1.04388
0.89508
0.75574
0.63436
0.53066
0.45471
0.40341
0.36854
0.3426
0.31809
0.30193
0.28364
0.26912
0.2581
0.24387
0.2319
0.21454
0.19582
0.17674
0.16393
0.15378
0.14197
0.13544
0.13889
0.14306
0.14523
0.14866
0.15196
0.14994
0.14424
0.13365
0.11859
0.10007
0.08515
0.07067
0.06102
0.06137
0.06006
0.05502
0.04955
0.04517
0.03652
0.0252
0.01641
0.01841
0.02134
0.0333
0.03833
0.04124
0.03863
0.02857
0.01086
-0.01162
-0.03147
-0.04839
-0.06551
-0.07212
-0.07561
-0.06959
-0.0682
-0.06414
-0.05789
-0.04707
-0.04138
-0.03801
-0.03366
-0.03029
-0.02515
-0.02419
-0.02718
-0.02821
-0.03062
-0.02666
-0.02583
-0.01949
-0.01072
0.00244
0.02762
0.05662
0.08349
0.10397
0.1146
0.12135
0.12203
0.12216
0.12024
0.11792
0.11565
0.10965
0.10142
0.08995
0.06737
0.03629
0.0053
-0.01558
-0.02929
-0.03513
-0.02957
-0.01278
0.0099
0.03164
0.05145
0.06507
0.0706
0.06908
0.06485
0.05931
0.05581
0.04787
0.0337
0.01893
0.01007
-5.87563E-4
-0.01525
-0.02935
-0.0387
-0.0516
-0.06166
-0.0695
-0.07903
-0.08714
-0.09136
-0.09646
-0.09145
-0.07929
-0.0682
-0.06001
-0.04868
-0.03829
-0.03238
-0.02743
-0.01952
-0.01487
-0.00243
0.01342
0.0248
0.03406
0.04307
0.04519
0.04295
0.04011
0.03756
0.02126
0.00695
-0.00324
-0.01097
-0.01737
-0.02356
-0.034
-0.04722
-0.05624
-0.06592
-0.08273
-0.09378
-0.10276
-0.1055
-0.11115
-0.11073
-0.10936
-0.11047
-0.1069
-0.09853
-0.08797
-0.0773
-0.06902
-0.06188
-0.05478
-0.04764
-0.04829
-0.04981
-0.04985
-0.04391
-0.03709
-0.03056
-0.02505
-0.02187
-0.02362
-0.03403
-0.04565
-0.04828
-0.05247
-0.05556
-0.05691
-0.05244
-0.04832
-0.05024
-0.05263
-0.05384
-0.05346
-0.04851
-0.0514
-0.05349
-0.05309
-0.05097
-0.05733
-0.07116
-0.0857
-0.09389
-0.10623
-0.11885
-0.12851
-0.13572
-0.1393
-0.14486
-0.15236
-0.15566
-0.1591
-0.15999
-0.17129
-0.18026
-0.1784
-0.17336
-0.16905
-0.1628
-0.14843
-0.13021
-0.12271
-0.12482
-0.13416
-0.14258
-0.14954
-0.15962
-0.16895
-0.16534
-0.16114
-0.15903
-0.15905
-0.16145
-0.16275
-0.16794
-0.17488
-0.17662
-0.17358
-0.16615
-0.16342
-0.16164
-0.15753
-0.15815
-0.15813
-0.15807
-0.15295
-0.15049
-0.15089
-0.15078
-0.15223
-0.15865
-0.16336
-0.16625
-0.16858
-0.17392
-0.17837
-0.18405
-0.18372
-0.18646
-0.18594
-0.18582
-0.18228
-0.16854
-0.15693
-0.14501
-0.12775
-0.10987
-0.09627
-0.08576
-0.07034
-0.06324
-0.05469
-0.04511
-0.04078
-0.03861
-0.04284
-0.05096
-0.06655
-0.07894
-0.09028
-0.10317
-0.1086
-0.11193
-0.11196
-0.11295
-0.11027
-0.1155
-0.12111
-0.12109
-0.12338
-0.12128
-0.11622
-0.10892
-0.10244
-0.10006
-0.1027
-0.11472
-0.12125
-0.12621
-0.12842
-0.12889
-0.12625
-0.12464
-0.12186
-0.12024
-0.12285
-0.12108
-0.1169
-0.11484
-0.11072
-0.10697
-0.10573
-0.13068
-0.14885
-0.13876
-0.06818
0.06272
0.26248
0.51311
0.82818
1.18298
1.54959
1.89777
2.25983
2.62913
3.00581
3.3845
3.78278
4.15864
4.51855
4.81094
5.03829
5.19583
5.30285
5.34279
5.34927
5.35889
5.37366
5.38447
5.39618
5.39567
5.39655
5.40092
5.4085
5.41699
5.43519
5.45242
5.46794
5.48078
5.48205
5.4779
5.46826
5.46341
5.46528
5.47586
5.48503
5.48978
5.51582
5.5398
5.53339
5.54013
5.54806
5.54076
5.53677
5.54718
5.55255
5.55035
5.5799
5.58639
5.57443
5.59925
5.60863
5.57863
5.57199
5.57572
5.54161
5.52218
5.52123
5.50459
5.48956
5.50418
5.51378
5.49971
5.52518
5.53956
5.52098
5.53152
5.53368
5.52066
5.51358
5.53148
5.54174
5.56945
5.62048
5.66455
5.70179
5.7329
5.73876
5.72039
5.71133
5.69323
5.67108
5.68892
5.69756
5.71284
5.75315
5.78248
5.79001
5.8058
5.81879
5.79588
5.77967
5.78133
5.75667
5.74352
5.75929
5.75763
5.75708
5.7788
5.77814
5.75437
5.74119
5.72672
5.69705
5.67345
5.66018
5.65081
5.64499
5.65158
5.65812
5.65578
5.66274
5.66457
5.6611
5.65754
5.66093
5.66662
5.65136
5.62954
5.61761
5.59806
5.58225
5.58728
5.58778
5.58758
5.61422
5.63605
5.63119
5.62394
5.64457
5.63476
5.62187
5.65239
5.66502
5.67059
5.70442
5.73588
5.7342
5.74275
5.76234
5.72974
5.69083
5.6794
5.66094
5.62374
5.61787
5.63083
5.60789
5.61777
5.64027
5.63195
5.6174
5.61654
5.62754
5.60955
5.62798
5.65685
5.65913
5.68021
5.70438
5.70892
5.71104
5.72548
5.73634
5.74133
5.77199
5.79271
5.80598
5.81513
5.82281
5.80665
5.80811
5.80916
5.798
5.81553
5.83289
5.83524
5.86057
5.87118
5.86186
5.8421
5.82425
5.79894
5.7646
5.74234
5.7256
5.69788
5.69682
5.69219
5.66153
5.64642
5.62795
5.6074
5.57973
5.5826
5.59101
5.59667
5.61988
5.64279
5.66585
5.70147
5.71456
5.72658
5.74684
5.77827
5.78543
5.80438
5.81756
5.8282
5.83181
5.83627
5.82593
5.81642
5.81813
5.80369
5.78684
5.81787
5.83645
5.83375
5.83463
5.8523
5.83854
5.81138
5.81026
5.78757
5.77024
5.79587
5.80256
5.80145
5.83031
5.84157
5.81411
5.80813
5.81834
5.79647
5.77817
5.78628
5.78687
5.79178
5.80141
5.79553
5.78648
5.79797
5.797
5.78113
5.77347
5.77154
5.76481
5.75926
5.75572
5.75032
5.76571
5.77846
5.77705
5.78458
5.80433
5.81147
5.82392
5.8514
5.86878
5.88224
5.91984
5.91553
5.89382
5.89972
5.89769
5.85643
5.8397
5.84377
5.83531
5.83512
5.84235
5.83595
5.81813
5.82186
5.80571
5.77027
5.76324
5.78092
5.78675
5.80803
5.84778
5.88469
5.88178
5.87676
5.82367
5.73649
5.61766
5.49567
5.35997
5.26437
5.19919
5.16026
5.12938
5.09539
5.02331
4.91086
4.73861
4.53276
4.29768
4.06546
3.82789
3.60618
3.38129
3.14808
2.89478
2.6121
2.30013
1.97032
1.64624
1.349
1.0848
0.87407
0.71419
0.59828
0.5176
0.46562
0.42869
0.40186
0.38186
0.3662
0.35255
0.34116
0.3331
0.32169
0.3148
0.3097
0.29908
0.28289
0.25973
0.2357
0.21402
0.19171
0.17668
0.16498
0.15975
0.15165
0.138
0.11573
0.09435
0.06847
0.04882
0.03213
0.02683
0.02838
0.02962
0.03065
0.03124
0.02681
0.02515
0.01521
0.00684
0.00204
6.56099E-4
-0.00145
-0.00143
-0.00369
-0.00767
-0.01936
-0.03256
-0.05077
-0.07231
-0.09128
-0.11013
-0.12932
-0.14347
-0.156
-0.16482
-0.17253
-0.17738
-0.17968
-0.1727
-0.16114
-0.14388
-0.12387
-0.10043
-0.07399
-0.05089
-0.03371
-0.02228
-0.009
0.00564
0.01685
0.03617
0.05715
0.07261
0.07473
0.07227
0.06052
0.04337
0.02991
0.01112
-0.00113
-0.0056
-0.00596
-0.01099
-0.02181
-0.02962
-0.04573
-0.06603
-0.08112
-0.10301
-0.12423
-0.13527
-0.14128
-0.14939
-0.1439
-0.13181
-0.11515
-0.09915
-0.07942
-0.0652
-0.05154
-0.03419
-0.01952
-0.0108
0.00997
0.02886
0.03712
0.03699
0.03473
0.02406
0.00288
-0.0266
-0.04846
-0.07725
-0.09465
-0.11314
-0.13628
-0.15435
-0.17061
-0.19147
-0.21388
-0.23418
-0.24239
-0.25292
-0.258
-0.25856
-0.25208
-0.24829
-0.2359
-0.22509
-0.2156
-0.20405
-0.18691
-0.17079
-0.15621
-0.13884
-0.11512
-0.09548
-0.07033
-0.04864
-0.03154
-0.01561
-0.00124
0.0061
0.00514
0.00364
-7.0532E-4
-0.01786
-0.03748
-0.05246
-0.06453
-0.07953
-0.09379
-0.10322
-0.11038
-0.11119
-0.11476
-0.1234
-0.12349
-0.11634
-0.10918
-0.10452
-0.09614
-0.08006
-0.0726
-0.07012
-0.06963
-0.07247
-0.07975
-0.09021
-0.10678
-0.12003
-0.124
-0.13232
-0.14735
-0.161
-0.1655
-0.17051
-0.18571
-0.19297
-0.19581
-0.19297
-0.18335
-0.17851
-0.17299
-0.1665
-0.16019
-0.16235
-0.1662
-0.15923
-0.15377
-0.15085
-0.14275
-0.12497
-0.11109
-0.09911
-0.09163
-0.09649
-0.09939
-0.10201
-0.10941
-0.11896
-0.12376
-0.12092
-0.12761
-0.13096
-0.13568
-0.14162
-0.1413
-0.13537
-0.12654
-0.11697
-0.10197
-0.0853
-0.08183
-0.07375
-0.06667
-0.05846
-0.05651
-0.04919
-0.03877
-0.02856
-0.01709
-0.01144
-0.01256
-0.01318
-0.0171
-0.01704
-0.02108
-0.01123
-0.00212
0.00326
0.00892
0.01145
0.01055
0.00459
0.00252
0.00166
-0.0018
0.00226
0.00122
0.00342
0.00605
0.00539
0.00144
8.69996E-4
-1.25612E-4
-0.01122
-0.01569
-0.01909
-0.02705
-0.03465
-0.04238
-0.04828
-0.05136
-0.04799
-0.04421
-0.041
-0.02901
-0.0189
-0.01582
-0.00722
0.0056
0.01542
0.02464
0.03812
0.04366
0.03709
0.00108
-0.03368
-0.02645
0.03603
0.17222
0.38145
0.665
1.02064
1.41318
1.81189
2.19707
2.58097
2.97424
3.37574
3.78196
4.213
4.64602
5.04274
5.38759
5.66479
5.87052
5.99852
6.07112
6.10314
6.12157
6.14006
6.15379
6.16416
6.16405
6.16791
6.1694
6.17619
6.1968
6.22553
6.25495
6.26037
6.27106
6.2766
6.26925
6.26916
6.28982
6.31919
6.33529
6.35019
6.35389
6.35271
6.34447
6.32678
6.30807
6.29017
6.28973
6.27413
6.23816
6.20731
6.18207
6.16288
6.16594
6.19781
6.25449
6.32233
6.37808
6.414
6.43088
6.42578
6.41925
6.42527
6.44911
6.47958
6.52333
6.55612
6.55851
6.53663
6.50554
6.46115
6.4189
6.39386
6.37811
6.36166
6.36495
6.37297
6.37453
6.37854
6.38673
6.37285
6.34757
6.33121
6.32334
6.31758
6.33193
6.37099
6.43399
6.50493
6.56139
6.58842
6.58629
6.57237
6.56557
6.55766
6.56647
6.61639
6.67497
6.71718
6.73276
6.72707
6.68954
6.63739
6.59034
6.55522
6.55262
6.58382
6.60713
6.61239
6.62071
6.63716
6.62238
6.59952
6.59174
6.5893
6.5908
6.60484
6.60115
6.58715
6.59267
6.58424
6.55599
6.54559
6.54205
6.52581
6.50973
6.50717
6.49873
6.49099
6.50445
6.50337
6.49553
6.51029
6.52345
6.53025
6.55458
6.57573
6.59134
6.61702
6.64713
6.66018
6.65891
6.65872
6.64526
6.6152
6.59926
6.5794
6.55403
6.53775
6.51987
6.49216
6.47472
6.45766
6.43521
6.42584
6.4204
6.42968
6.4517
6.47974
6.51909
6.54461
6.56423
6.58073
6.58084
6.57198
6.55428
6.53368
6.51968
6.50053
6.47163
6.45212
6.43356
6.42138
6.40803
6.39204
6.39605
6.4113
6.43567
6.47546
6.51666
6.5688
6.6166
6.64413
6.6574
6.65954
6.64772
6.62609
6.59941
6.58144
6.56949
6.57216
6.5821
6.57959
6.55192
6.51436
6.46313
6.4112
6.38516
6.36721
6.37072
6.40361
6.44713
6.49157
6.52594
6.55486
6.56765
6.57885
6.58921
6.59056
6.59136
6.58394
6.57483
6.56495
6.56359
6.55539
6.53493
6.51522
6.49034
6.46827
6.44603
6.41864
6.3943
6.3908
6.41386
6.43233
6.46027
6.49135
6.51188
6.52578
6.54191
6.55685
6.5719
6.59988
6.6334
6.65248
6.66323
6.66023
6.64006
6.61715
6.60875
6.60181
6.59977
6.61488
6.63874
6.65929
6.67986
6.69488
6.69884
6.69862
6.6961
6.69051
6.68488
6.67356
6.65415
6.63505
6.62948
6.62774
6.61175
6.59956
6.59026
6.58519
6.58176
6.58518
6.57912
6.57492
6.58985
6.60851
6.6248
6.65866
6.68801
6.70591
6.71251
6.72033
6.70811
6.69082
6.66396
6.62218
6.56979
6.52479
6.48853
6.44285
6.40667
6.38572
6.37572
6.3804
6.39374
6.42098
6.44901
6.49064
6.54806
6.60447
6.67493
6.74782
6.82177
6.8914
6.94944
6.98906
7.00651
6.99173
6.95077
6.88937
6.8084
6.73338
6.66474
6.60201
6.56335
6.54398
6.53764
6.53372
6.53668
6.54383
6.54721
6.5667
6.60093
6.66037
6.74035
6.82492
6.88422
6.90806
6.87638
6.76784
6.57345
6.31754
6.02599
5.72239
5.43216
5.16794
4.90773
4.64174
4.34852
4.01762
3.64232
3.24899
2.85996
2.49734
2.18948
1.9496
1.7574
1.5957
1.43852
1.26995
1.08655
0.9032
0.72464
0.56523
0.43776
0.36421
0.32585
0.31231
0.30611
0.29821
0.2864
0.27267
0.25653
0.23551
0.21726
0.20372
0.19315
0.1911
0.19768
0.20707
0.2105
0.21184
0.20666
0.19416
0.17654
0.16184
0.15801
0.16079
0.17645
0.19158
0.19976
0.19233
0.16861
0.1318
0.08823
0.05528
0.02973
0.01666
0.0197
0.02986
0.03132
0.01654
-0.00324
-0.02948
-0.05719
-0.08216
-0.09815
-0.09621
-0.08052
-0.06301
-0.05147
-0.04188
-0.03638
-0.03374
-0.02937
-0.02327
-0.00882
0.00845
0.03207
0.0511
0.07019
0.07782
0.07494
0.06141
0.04925
0.03479
0.02188
0.01367
0.01692
0.01306
0.01238
0.00441
-0.00223
-0.0163
-0.02627
-0.03665
-0.03601
-0.02687
-0.00835
0.00502
0.0218
0.03432
0.04343
0.03948
0.03982
0.03589
0.03658
0.0317
0.02814
0.02659
0.02501
0.02228
0.01934
0.01415
0.01866
0.01563
0.0091
-0.00514
-0.02074
-0.03326
-0.0471
-0.06096
-0.06826
-0.07365
-0.07979
-0.0882
-0.09449
-0.10393
-0.1138
-0.12551
-0.13883
-0.15415
-0.16123
-0.1653
-0.16751
-0.16094
-0.14579
-0.13091
-0.11404
-0.09887
-0.0873
-0.08089
-0.07678
-0.0785
-0.08594
-0.08756
-0.08576
-0.08999
-0.0925
-0.0959
-0.0968
-0.09844
-0.10075
-0.10754
-0.11055
-0.10685
-0.10384
-0.10276
-0.09699
-0.08587
-0.07758
-0.07107
-0.07004
-0.0752
-0.08042
-0.09264
-0.10125
-0.10414
-0.09963
-0.09113
-0.0839
-0.07266
-0.06479
-0.05885
-0.05811
-0.05501
-0.04256
-0.02477
-0.00671
0.01282
0.03568
0.04543
0.04454
0.03363
0.01966
0.01056
0.00425
0.00241
0.00184
0.01189
0.02059
0.01531
0.00496
-0.00702
-0.02019
-0.03469
-0.04465
-0.0517
-0.04749
-0.04054
-0.03871
-0.04148
-0.04826
-0.05774
-0.07572
-0.09159
-0.09732
-0.09362
-0.08394
-0.0813
-0.07259
-0.06123
-0.0555
-0.0593
-0.07376
-0.08901
-0.10096
-0.1086
-0.11934
-0.12935
-0.12892
-0.12541
-0.12805
-0.12544
-0.11802
-0.11618
-0.11357
-0.11084
-0.10685
-0.10136
-0.09447
-0.08905
-0.0819
-0.06287
-0.04006
-0.02722
-0.0168
-0.00681
-0.00502
-0.00951
-0.01594
-0.02959
-0.0346
-0.03605
-0.03507
-0.02948
-0.02284
-0.0179
-0.02048
-0.02686
-0.02837
-0.03412
-0.03949
-0.04806
-0.05748
-0.06464
-0.06858
-0.07402
-0.08311
-0.08863
-0.08948
-0.09445
-0.10855
-0.11786
-0.12767
-0.14227
-0.15052
-0.15454
-0.15597
-0.14987
-0.14633
-0.14555
-0.15181
-0.15296
-0.16451
-0.20448
-0.23218
-0.21709
-0.16247
-0.05726
0.10898
0.34941
0.65075
0.99365
1.34231
1.68843
2.05282
2.42548
2.79435
3.17107
3.57863
4.00692
4.41672
4.7828
5.09022
5.32958
5.4673
5.51155
5.50173
5.48165
5.46977
5.47593
5.51303
5.57328
5.6376
5.6799
5.66705
5.60519
5.5283
5.44694
5.36641
5.33239
5.3523
5.41403
5.49492
5.59031
5.66921
5.71292
5.73259
5.72729
5.72118
5.73922
5.78353
5.84216
5.90438
5.96637
6.00431
6.00733
5.97168
5.91166
5.83847
5.76838
5.7162
5.68149
5.6738
5.67219
5.66429
5.64869
5.62745
5.59994
5.56999
5.53763
5.52711
5.54385
5.58653
5.64087
5.68757
5.71582
5.72664
5.70696
5.67065
5.62164
5.57234
5.52842
5.51468
5.53402
5.5768
5.61208
5.63046
5.62387
5.59947
5.57798
5.55385
5.53053
5.54059
5.5825
5.64813
5.72693
5.80087
5.86245
5.90346
5.92834
5.92836
5.91234
5.89768
5.88409
5.86714
5.86548
5.86385
5.85355
5.83602
5.80689
5.77235
5.74988
5.73345
5.72657
5.73625
5.77701
5.83934
5.90024
5.95565
5.98162
5.97459
5.95408
5.92378
5.89412
5.88157
5.88339
5.8849
5.87749
5.84933
5.78901
5.70823
5.62079
5.54124
5.47435
5.43101
5.41496
5.42805
5.47259
5.51334
5.54415
5.56154
5.56301
5.55008
5.53987
5.54469
5.57064
5.62205
5.69107
5.75403
5.81589
5.87157
5.90439
5.91158
5.91325
5.9058
5.8829
5.86245
5.85409
5.85294
5.86314
5.88241
5.88174
5.86824
5.83898
5.78506
5.70362
5.62499
5.55832
5.51955
5.50854
5.54007
5.58539
5.64305
5.69587
5.72469
5.71575
5.6908
5.65328
5.62975
5.62512
5.66481
5.72107
5.77595
5.80751
5.81531
5.78984
5.75612
5.71291
5.68251
5.66681
5.68249
5.70698
5.72399
5.71724
5.70047
5.66195
5.6236
5.59928
5.59127
5.5902
5.59667
5.59155
5.56543
5.50671
5.44297
5.37477
5.33953
5.35154
5.40444
5.46325
5.51142
5.53639
5.51854
5.48481
5.46422
5.46726
5.50582
5.57217
5.65407
5.72451
5.78782
5.8148
5.79605
5.7571
5.72253
5.71145
5.71392
5.7364
5.74942
5.74911
5.74159
5.71662
5.69671
5.68092
5.67245
5.66772
5.67046
5.69562
5.70731
5.70932
5.70175
5.69652
5.70957
5.72546
5.72642
5.71805
5.71163
5.70528
5.68806
5.66492
5.6391
5.62402
5.608
5.59807
5.59205
5.60367
5.6171
5.60321
5.5847
5.57438
5.57423
5.57096
5.54541
5.53364
5.54022
5.56713
5.58297
5.57806
5.58097
5.59256
5.61228
5.62739
5.64468
5.67095
5.6995
5.72188
5.72688
5.72552
5.70227
5.67167
5.63732
5.60864
5.59826
5.58308
5.57199
5.55484
5.54579
5.55212
5.54901
5.54173
5.52461
5.51842
5.53599
5.5661
5.59016
5.59823
5.60704
5.62722
5.64192
5.63076
5.59852
5.56303
5.53811
5.53143
5.52584
5.51993
5.52386
5.52895
5.5342
5.53192
5.52206
5.5003
5.4481
5.38288
5.30208
5.18622
5.02896
4.80621
4.54967
4.2925
4.05082
3.82757
3.63279
3.48926
3.38591
3.29646
3.20104
3.07624
2.9324
2.78844
2.64433
2.50486
2.39477
2.29975
2.19727
2.0741
1.92421
1.73246
1.49935
1.24389
0.98154
0.74037
0.53895
0.37894
0.2502
0.16046
0.10299
0.06148
0.03417
0.02121
0.01649
0.01806
0.02264
0.02535
0.01785
0.01591
0.00417
-0.00656
-0.01107
-0.01505
-0.02097
-0.02716
-0.027
-0.02429
-0.01595
-0.00491
-0.00224
1.90412E-4
1.13133E-4
-0.00569
-0.02121
-0.03583
-0.04611
-0.05635
-0.05655
-0.06061
-0.06407
-0.06773
-0.07275
-0.07987
-0.08742
-0.0898
-0.08693
-0.08255
-0.06745
-0.05608
-0.03812
-0.02104
-0.00598
0.005
0.01831
0.02796
0.03395
0.02914
0.01831
0.00141
-0.01139
-0.02881
-0.0448
-0.06238
-0.07017
-0.08064
-0.09155
-0.10283
-0.10902
-0.11221
-0.11226
-0.11278
-0.10632
-0.10387
-0.09147
-0.08144
-0.06377
-0.04894
-0.03699
-0.03134
-0.0301
-0.03544
-0.04278
-0.06201
-0.07449
-0.08378
-0.086
-0.09193
-0.09167
-0.09543
-0.09621
-0.10483
-0.11317
-0.12308
-0.13048
-0.13646
-0.13303
-0.12708
-0.10909
-0.09578
-0.08334
-0.07952
-0.07345
-0.07301
-0.07781
-0.08685
-0.09016
-0.08679
-0.07188
-0.06108
-0.05256
-0.04924
-0.0469
-0.05397
-0.05965
-0.06267
-0.06447
-0.05747
-0.04529
-0.03386
-0.02713
-0.02776
-0.03672
-0.05451
-0.06679
-0.07413
-0.08137
-0.0833
-0.08359
-0.0827
-0.0848
-0.08442
-0.0882
-0.0926
-0.09173
-0.09074
-0.08659
-0.08083
-0.06848
-0.05061
-0.03785
-0.02437
-0.01806
-0.01078
-0.00756
-0.00891
-0.00869
-0.00766
0.00239
0.01973
0.03479
0.05064
0.06136
0.07169
0.07697
0.08129
0.08343
0.08432
0.08359
0.08311
0.0758
0.06196
0.04123
0.01742
-0.01072
-0.03094
-0.04752
-0.05388
-0.06264
-0.0738
-0.08359
-0.09255
-0.09934
-0.10227
-0.10305
-0.09328
-0.07461
-0.05188
-0.03155
-0.01265
0.00762
0.02427
0.03901
0.04879
0.05623
0.06087
0.06219
0.05923
0.05225
0.04381
0.03823
0.02834
0.02482
0.01801
0.00926
-0.00986
-0.03321
-0.05919
-0.0822
-0.09791
-0.10723
-0.11479
-0.11713
-0.11657
-0.11896
-0.12842
-0.13408
-0.14545
-0.14964
-0.14866
-0.13977
-0.13125
-0.12205
-0.10493
-0.08807
-0.06896
-0.04093
-0.01757
0.00491
0.03089
0.05082
0.05932
0.06379
0.06806
0.06954
0.07365
0.0878
0.10347
0.11833
0.1281
0.12424
0.1157
0.10726
0.10093
0.08743
0.08057
0.07331
0.06737
0.05628
0.04186
0.02758
0.01496
0.0059
-0.0081
-0.01874
-0.01951
-0.02876
-0.03241
-0.03705
-0.03738
-0.03826
-0.03323
-0.02278
-0.01032
0.01133
0.03187
0.04966
0.06737
0.08176
0.08845
0.08585
0.09223
0.09498
0.09759
0.09946
0.1061
0.11521
0.11814
0.11124
0.09156
0.06798
0.04928
0.02413
0.005
-0.00549
-0.00358
-0.00847
-0.01514
-0.03049
-0.04338
-0.05241
-0.05445
-0.05209
-0.04023
-0.0239
-0.01211
-0.01549
-0.0189
-0.0317
-0.04308
-0.05828
-0.06606
-0.06695
-0.05569
-0.04073
-0.02845
-0.02114
-0.01777
-0.01804
-0.01846
-0.01957
-0.02118
-0.023
-0.01202
-4.90755E-4
0.01193
0.0203
0.02179
0.01855
0.01142
0.00338
-0.00673
-0.01228
-0.00749
-1.13937E-4
0.00985
0.02428
0.03657
0.03434
0.02663
0.01684
0.01307
0.01598
0.01712
0.02336
0.03029
0.0376
0.03782
0.02308
0.00343
-0.01406
-0.02527
-0.03795
-0.04914
-0.05281
-0.05328
-0.05747
-0.06438
-0.07016
-0.08041
-0.09083
-0.10164
-0.1125
-0.10763
-0.09635
-0.08013
-0.06807
-0.0529
-0.03765
-0.03591
-0.03997
-0.04438
-0.05138
-0.04714
-0.04385
-0.03914
-0.04514
-0.05187
-0.06089
-0.05279
-0.00749
0.08516
0.23911
0.46071
0.73591
1.04645
1.36798
1.68969
1.99331
2.29934
2.61099
2.93921
3.28761
3.63816
3.97349
4.26857
4.51122
4.67634
4.76683
4.81979
4.8522
4.88054
4.91549
4.95739
4.99566
5.01002
5.0103
4.99511
4.97744
4.9755
4.98821
5.02047
5.07694
5.13593
5.17273
5.18857
5.19475
5.19101
5.17186
5.14659
5.12523
5.11472
5.11272
5.10853
5.09485
5.07961
5.05756
5.02974
5.01041
5.00951
5.01592
5.023
5.03891
5.07101
5.10264
5.13624
5.1649
5.17669
5.1909
5.19473
5.18747
5.17252
5.16833
5.16813
5.16136
5.16453
5.17198
5.17332
5.17096
5.16286
5.15642
5.15178
5.1646
5.17357
5.18637
5.2072
5.22687
5.23654
5.24032
5.24209
5.23474
5.23325
5.2471
5.26639
5.30077
5.33468
5.35013
5.35223
5.34886
5.33915
5.32294
5.31368
5.30313
5.28891
5.28161
5.27674
5.26253
5.23729
5.20872
5.18317
5.17109
5.17632
5.18242
5.19053
5.20451
5.21826
5.22109
5.21536
5.20418
5.1801
5.14937
5.12236
5.10892
5.10978
5.11599
5.1198
5.1301
5.14595
5.15652
5.15578
5.14052
5.1265
5.12044
5.12817
5.14608
5.16656
5.19002
5.20216
5.20977
5.2133
5.20943
5.19529
5.17453
5.16035
5.15789
5.16297
5.16915
5.1678
5.1673
5.16645
5.17466
5.17585
5.16865
5.15304
5.14459
5.14628
5.15363
5.16609
5.17708
5.17521
5.18311
5.19462
5.2093
5.21997
5.23141
5.23122
5.23021
5.2418
5.25186
5.24909
5.2478
5.24729
5.23836
5.22443
5.21582
5.19923
5.19172
5.197
5.20674
5.21822
5.22656
5.22426
5.2068
5.19369
5.1903
5.19119
5.2014
5.22257
5.25157
5.27455
5.28038
5.26634
5.23929
5.21137
5.18805
5.18597
5.20458
5.23085
5.24358
5.23734
5.21886
5.19568
5.17395
5.15537
5.15052
5.17399
5.21158
5.2499
5.26294
5.26773
5.26472
5.26082
5.257
5.25572
5.25711
5.2648
5.27186
5.27712
5.25959
5.23796
5.21269
5.19269
5.18225
5.18507
5.17581
5.16515
5.15226
5.14086
5.12488
5.11586
5.10709
5.10202
5.09964
5.10542
5.11402
5.12445
5.13418
5.13588
5.13796
5.15036
5.15613
5.1602
5.15574
5.15531
5.16126
5.16624
5.16977
5.16315
5.15991
5.16173
5.16048
5.16118
5.16194
5.1675
5.17802
5.18853
5.18621
5.17581
5.17238
5.17322
5.17522
5.17781
5.19035
5.20345
5.20066
5.18102
5.14889
5.12358
5.10779
5.09452
5.07714
5.06437
5.06449
5.0575
5.04234
5.02381
5.01066
4.99011
4.97851
4.98267
4.99125
5.0037
5.0118
5.02053
5.02729
5.04211
5.05658
5.07024
5.09649
5.1258
5.15507
5.16978
5.19294
5.21811
5.23638
5.26707
5.29093
5.31364
5.31987
5.31648
5.30389
5.29794
5.30606
5.30944
5.31905
5.32662
5.32778
5.32229
5.30649
5.28618
5.25516
5.23912
5.22615
5.22232
5.22765
5.23916
5.2462
5.23654
5.22789
5.20613
5.17452
5.14385
5.1184
5.10311
5.09529
5.10567
5.10742
5.10092
5.09889
5.08134
5.05972
5.03587
5.01801
5.00104
4.99137
5.01054
5.04373
5.08472
5.12458
5.15291
5.17231
5.18412
5.18835
5.18508
5.19822
5.22265
5.25089
5.29142
5.32668
5.34502
5.34319
5.33241
5.31139
5.29614
5.2945
5.28338
5.2705
5.27615
5.28374
5.28433
5.28357
5.28682
5.27137
5.24478
5.19621
5.10164
4.96155
4.79074
4.59041
4.37491
4.16926
3.97898
3.79331
3.62822
3.49053
3.36666
3.25499
3.16479
3.09577
3.0567
3.0569
3.10013
3.15905
3.21569
3.24984
3.23001
3.15325
3.02761
2.84797
2.62426
2.38399
2.14604
1.90289
1.65993
1.41955
1.17737
0.93526
0.70474
0.49312
0.31045
0.17709
0.09593
0.05724
0.05987
0.08163
0.10399
0.10796
0.10202
0.08572
0.06432
0.04759
0.03309
0.02388
0.01931
0.01502
0.01281
0.00721
0.00195
-0.01174
-0.02506
-0.0418
-0.05593
-0.0704
-0.0803
-0.08575
-0.08673
-0.08541
-0.08413
-0.08704
-0.0892
-0.08972
-0.08744
-0.09235
-0.09166
-0.09392
-0.09448
-0.09517
-0.09276
-0.09518
-0.0955
-0.09337
-0.09721
-0.10329
-0.10791
-0.11032
-0.11372
-0.11601
-0.10755
-0.0982
-0.08222
-0.06966
-0.06174
-0.05504
-0.04667
-0.03748
-0.03806
-0.03734
-0.04132
-0.04955
-0.06479
-0.07976
-0.09452
-0.1078
-0.11804
-0.12311
-0.1223
-0.11362
-0.10667
-0.10277
-0.10222
-0.09218
-0.07724
-0.05971
-0.03814
-0.00906
0.01631
0.04005
0.05327
0.05697
0.05297
0.04455
0.02793
0.00983
-9.56974E-4
-0.01126
-0.02489
-0.03774
-0.04883
-0.05598
-0.06058
-0.06177
-0.06585
-0.06015
-0.05274
-0.04828
-0.04031
-0.03107
-0.02487
-0.02151
-0.01324
-0.00761
-0.00713
-0.00831
-0.01315
-0.02548
-0.0379
-0.04966
-0.06405
-0.07059
-0.06956
-0.0692
-0.05951
-0.04463
-0.02849
-0.02113
-0.01094
0.00191
0.01082
0.01803
0.03115
0.0418
0.05979
0.07291
0.08024
0.08796
0.0958
0.09083
0.0759
0.05789
0.04527
0.02448
0.00606
-0.00373
-0.01077
-0.01541
-0.01928
-0.0324
-0.04229
-0.05186
-0.06584
-0.08111
-0.08855
-0.08107
-0.07044
-0.0596
-0.04269
-0.0315
-0.02078
-0.01016
-0.00497
-2.96773E-5
0.00229
0.00688
0.01576
0.0217
0.02522
0.0262
0.02439
0.02259
0.01893
0.01218
0.00394
-0.00875
-0.02303
-0.03704
-0.05464
-0.06448
-0.07511
-0.08356
-0.08673
-0.08885
-0.08958
-0.09289
-0.09552
-0.09503
-0.09387
-0.08848
-0.08028
-0.06738
-0.05757
-0.04613
-0.04157
-0.03994
-0.04429
-0.05108
-0.05266
-0.05587
-0.05548
-0.0515
-0.05197
-0.04631
-0.04626
-0.04725
-0.0494
-0.0458
-0.03874
-0.02983
-0.02348
-0.02046
-0.02162
-0.02576
-0.03223
-0.04137
-0.04847
-0.05632
-0.06808
-0.07202
-0.0779
-0.0859
-0.0928
-0.10251
-0.10838
-0.10622
-0.09761
-0.09469
-0.09733
-0.09798
-0.10174
-0.11205
-0.117
-0.12121
-0.12153
-0.11307
-0.09669
-0.08371
-0.06786
-0.05446
-0.04731
-0.0491
-0.04613
-0.03928
-0.03307
-0.02424
-0.01302
-0.00833
-0.00454
-0.01212
-0.03018
-0.06023
-0.09153
-0.11997
-0.14445
-0.16324
-0.17408
-0.18344
-0.19124
-0.20242
-0.21769
-0.23071
-0.22533
-0.18253
-0.09291
0.04894
0.24811
0.49039
0.76074
1.03875
1.31522
1.58672
1.85479
2.1174
2.37283
2.6381
2.91336
3.18629
3.43875
3.66818
3.85671
4.0016
4.10095
4.15178
4.1776
4.19988
4.21838
4.23329
4.25843
4.30532
4.34474
4.37326
4.37198
4.34646
4.30437
4.2568
4.19312
4.13041
4.09887
4.08708
4.08868
4.09366
4.09971
4.10928
4.10729
4.10988
4.11373
4.13799
4.17181
4.20639
4.24879
4.29353
4.33692
4.35886
4.37027
4.37692
4.39132
4.41105
4.42065
4.4331
4.42983
4.42302
4.40307
4.37009
4.34391
4.31204
4.2903
4.268
4.25228
4.23593
4.21039
4.19457
4.1786
4.16437
4.15873
4.16051
4.16235
4.16119
4.16446
4.15512
4.15347
4.15803
4.16976
4.18797
4.20978
4.2293
4.23777
4.24534
4.25026
4.2442
4.25212
4.2603
4.28425
4.32478
4.36379
4.38121
4.376
4.35629
4.31452
4.26032
4.20902
4.15367
4.11673
4.10521
4.11331
4.1247
4.14807
4.17042
4.18306
4.20037
4.22407
4.24663
4.26513
4.29122
4.32355
4.35213
4.38107
4.39126
4.3827
4.36187
4.33603
4.29411
4.2433
4.18421
4.1168
4.05597
4.0143
3.9978
3.99342
4.00775
4.03981
4.07724
4.1308
4.18299
4.23432
4.28476
4.33383
4.38044
4.41811
4.45019
4.46972
4.47612
4.47699
4.47625
4.46992
4.45015
4.43205
4.40705
4.39127
4.37205
4.3405
4.30369
4.26638
4.23393
4.20994
4.18478
4.17378
4.16254
4.15734
4.14086
4.11397
4.07369
4.02702
3.96457
3.90374
3.84874
3.82241
3.81795
3.83033
3.84397
3.85907
3.85662
3.84883
3.81968
3.78499
3.76054
3.7557
3.75848
3.76505
3.76836
3.76687
3.74329
3.71214
3.68091
3.66061
3.66445
3.68906
3.72748
3.78827
3.87244
3.95183
4.01261
4.06918
4.12539
4.17275
4.21313
4.24313
4.26851
4.29737
4.32882
4.35048
4.37284
4.38782
4.38437
4.35164
4.30356
4.24831
4.17937
4.10961
4.05406
4.02929
4.03716
4.05999
4.09166
4.12239
4.14569
4.1458
4.11856
4.086
4.06157
4.05384
4.05667
4.07859
4.12015
4.17282
4.22313
4.25833
4.28537
4.29791
4.29107
4.26423
4.23323
4.2184
4.22148
4.23608
4.25858
4.28479
4.32065
4.34559
4.35457
4.3445
4.32986
4.30759
4.27952
4.25139
4.23669
4.24211
4.26947
4.30328
4.3376
4.36461
4.37978
4.36482
4.32502
4.26701
4.19941
4.12905
4.06
3.9987
3.9483
3.91341
3.87339
3.82296
3.77182
3.72478
3.68433
3.65664
3.63325
3.62167
3.61577
3.61278
3.60507
3.60347
3.608
3.63027
3.66235
3.70991
3.75596
3.79415
3.82479
3.84254
3.85024
3.85943
3.87069
3.89589
3.93054
3.97229
4.00905
4.03407
4.04512
4.04155
4.02952
4.02871
4.03626
4.04767
4.07058
4.0993
4.1369
4.17394
4.21039
4.2529
4.29724
4.35424
4.41482
4.47593
4.53612
4.58195
4.59473
4.56941
4.50247
4.39021
4.24092
4.06373
3.86122
3.64249
3.41492
3.1887
2.95584
2.72353
2.50993
2.32929
2.18511
2.08113
2.01488
1.98664
1.98827
2.00554
2.02161
2.03615
2.05883
2.07595
2.07545
2.05667
2.02836
1.96017
1.84653
1.69019
1.50628
1.30642
1.10214
0.91274
0.746
0.607
0.50285
0.40494
0.31698
0.23931
0.16702
0.09847
0.04039
-0.00177
-0.02541
-0.03989
-0.04133
-0.03238
-0.02795
-0.02358
-0.02696
-0.04043
-0.06151
-0.08504
-0.10309
-0.11401
-0.11738
-0.11264
-0.1144
-0.11542
-0.12095
-0.1345
-0.15609
-0.17969
-0.20709
-0.22255
-0.22938
-0.22376
-0.21064
-0.18927
-0.16623
-0.15056
-0.14017
-0.13357
-0.13828
-0.14105
-0.14169
-0.13661
-0.12711
-0.11478
-0.10503
-0.10113
-0.09763
-0.10125
-0.10955
-0.12316
-0.12895
-0.13127
-0.13326
-0.13178
-0.12706
-0.12175
-0.11661
-0.10779
-0.09842
-0.09407
-0.08253
-0.07725
-0.07223
-0.07275
-0.06491
-0.05606
-0.0418
-0.02018
-0.00639
8.50239E-4
0.00499
0.00102
-0.01083
-0.02254
-0.02524
-0.02768
-0.02234
-0.0151
-0.01149
-0.01285
-0.01805
-0.03223
-0.05236
-0.06306
-0.07068
-0.07621
-0.08247
-0.08768
-0.08907
-0.09839
-0.10472
-0.11321
-0.12131
-0.12524
-0.12746
-0.13106
-0.13797
-0.14037
-0.13991
-0.14282
-0.13945
-0.13012
-0.11762
-0.11228
-0.10141
-0.09786
-0.09362
-0.09501
-0.09439
-0.09912
-0.1047
-0.10427
-0.10883
-0.12179
-0.12608
-0.13599
-0.13971
-0.14242
-0.1313
-0.11995
-0.10336
-0.08908
-0.07514
-0.06737
-0.05552
-0.04778
-0.04634
-0.04116
-0.02421
-0.0088
0.00304
0.0042
0.00348
-0.00781
-0.01998
-0.03983
-0.0678
-0.08316
-0.08525
-0.08473
-0.08105
-0.07267
-0.06819
-0.07215
-0.08066
-0.09036
-0.0991
-0.09847
-0.09534
-0.09341
-0.09
-0.07982
-0.08002
-0.08981
-0.10445
-0.12187
-0.13222
-0.1345
-0.13135
-0.1279
-0.11409
-0.08792
-0.06849
-0.05089
-0.03534
-0.02458
-0.01404
-0.00839
-0.00466
-0.00827
-0.00715
-0.00937
-0.01663
-0.02131
-0.02236
-0.03045
-0.04232
-0.04943
-0.05492
-0.05826
-0.05829
-0.05501
-0.04647
-0.03214
-0.00966
0.01123
0.03202
0.05644
0.07239
0.08356
0.09411
0.10414
0.10361
0.10198
0.09662
0.09374
0.09023
0.08955
0.08603
0.07768
0.07655
0.07664
0.06972
0.06418
0.05821
0.05109
0.0436
0.04286
0.04249
0.04052
0.04115
0.04062
0.03676
0.03224
0.03304
0.02594
0.02535
0.02473
0.01891
0.01114
-0.00109
-0.01392
-0.02769
-0.03793
-0.03261
-0.01925
-0.0019
0.00565
0.00551
-0.01281
-0.04365
-0.0897
-0.13351
-0.17119
-0.19567
-0.20575
-0.21412
-0.21794
-0.22383
-0.25105
-0.29024
-0.33609
-0.36499
-0.38557
-0.38281
-0.36447
-0.34024
-0.31222
-0.28258
-0.26654
-0.25526
-0.24328
-0.23031
-0.21711
-0.19426
-0.17815
-0.16507
-0.15642
-0.15046
-0.15412
-0.14994
-0.14322
-0.13585
-0.12912
-0.12287
-0.12156
-0.12491
-0.13633
-0.15487
-0.1731
-0.18
-0.18714
-0.19579
-0.20354
-0.20602
-0.21557
-0.22215
-0.21407
-0.19377
-0.14177
-0.06702
0.03557
0.15668
0.29174
0.44371
0.59799
0.7736
0.96259
1.16039
1.36858
1.56884
1.77981
1.96447
2.12769
2.26309
2.37072
2.46402
2.53635
2.59412
2.63948
2.67619
2.70993
2.72461
2.72489
2.71743
2.71397
2.70819
2.70253
2.69265
2.70001
2.71125
2.72143
2.73418
2.75433
2.77674
2.79402
2.80965
2.82028
2.83426
2.83967
2.83974
2.8281
2.80532
2.80644
2.79022
2.78686
2.79065
2.7897
2.79599
2.78407
2.78535
2.76121
2.73698
2.72018
2.69789
2.6954
2.69567
2.71893
2.73738
2.76044
2.77988
2.76678
2.76552
2.73841
2.71882
2.69431
2.68563
2.686
2.67707
2.68087
2.66411
2.64555
2.63332
2.62176
2.61039
2.58287
2.57501
2.54774
2.54073
2.53525
2.52314
2.52005
2.52436
2.55191
2.56879
2.58702
2.61214
2.61943
2.62703
2.6252
2.62718
2.63134
2.65553
2.69404
2.72996
2.77663
2.81646
2.84123
2.85544
2.86983
2.88043
2.88515
2.89237
2.90047
2.90024
2.90363
2.89373
2.87512
2.85918
2.84585
2.83039
2.82348
2.82322
2.81331
2.80564
2.80036
2.79543
2.80017
2.8003
2.81657
2.83568
2.86251
2.8889
2.88786
2.89686
2.89828
2.88319
2.87573
2.86537
2.87054
2.87489
2.86928
2.87189
2.87108
2.86896
2.86103
2.85493
2.85686
2.86056
2.8654
2.86755
2.86498
2.86931
2.87868
2.87305
2.87942
2.90904
2.92016
2.93202
2.94452
2.95376
2.95832
2.96091
2.96159
2.95876
2.96128
2.97648
2.97971
2.98386
2.99151
2.99955
2.99087
2.99056
2.98056
2.97281
2.96403
2.9486
2.9385
2.92897
2.91233
2.91027
2.90013
2.90385
2.89479
2.88024
2.86366
2.8331
2.80277
2.76948
2.7431
2.7381
2.73077
2.72569
2.71677
2.71927
2.71278
2.7037
2.68111
2.66992
2.66785
2.66415
2.66117
2.66019
2.66527
2.66509
2.65493
2.65425
2.64787
2.64712
2.63504
2.62759
2.61411
2.60631
2.59731
2.58381
2.5869
2.60468
2.6314
2.65312
2.67157
2.68226
2.67545
2.66722
2.65399
2.64286
2.63151
2.62594
2.63472
2.64598
2.67689
2.69007
2.70229
2.70242
2.69758
2.68702
2.67166
2.67111
2.67099
2.67567
2.69481
2.69788
2.72188
2.72108
2.71989
2.70253
2.67873
2.67009
2.64688
2.64381
2.64387
2.64912
2.66932
2.6798
2.70771
2.71649
2.74031
2.7614
2.78086
2.79483
2.78897
2.78901
2.75958
2.74694
2.73464
2.73272
2.74815
2.7477
2.75975
2.74484
2.73802
2.72739
2.70504
2.69159
2.68044
2.68639
2.68604
2.69111
2.68383
2.67044
2.6566
2.64133
2.64111
2.63429
2.64315
2.638
2.63392
2.61937
2.60009
2.59019
2.58759
2.59683
2.61752
2.64462
2.67258
2.68779
2.68907
2.67652
2.66588
2.65486
2.65217
2.64687
2.64734
2.6431
2.62876
2.6037
2.57189
2.54001
2.51919
2.5053
2.50705
2.52657
2.54489
2.55634
2.55001
2.54231
2.5182
2.4981
2.48729
2.48741
2.50429
2.52514
2.55586
2.57481
2.59558
2.60529
2.59915
2.59726
2.58165
2.5845
2.58499
2.59934
2.61421
2.62196
2.63189
2.63201
2.63919
2.63486
2.62898
2.62131
2.61097
2.60059
2.58007
2.57106
2.55604
2.54009
2.51878
2.49664
2.46808
2.41349
2.33388
2.23461
2.11548
1.9864
1.83797
1.67248
1.50292
1.34052
1.18087
1.02345
0.87549
0.74041
0.60765
0.486
0.37989
0.28695
0.19973
0.1247
0.0653
0.01976
4.67785E-4
-0.00947
-0.01255
-0.00751
-6.31473E-4
-0.00532
-0.02381
-0.04777
-0.06967
-0.0892
-0.09253
-0.08868
-0.07459
-0.05582
-0.03795
-0.02896
-0.02426
-0.02616
-0.03416
-0.04185
-0.0459
-0.04387
-0.03797
-0.03161
-0.02626
-0.02802
-0.03207
-0.04039
-0.05308
-0.06929
-0.08628
-0.10019
-0.11598
-0.13054
-0.14955
-0.16667
-0.18678
-0.20376
-0.22053
-0.23518
-0.2423
-0.24674
-0.25194
-0.24865
-0.24137
-0.2342
-0.2257
-0.20976
-0.19024
-0.16294
-0.13475
-0.10892
-0.0892
-0.07538
-0.06925
-0.07019
-0.06991
-0.06994
-0.07742
-0.08705
-0.10097
-0.11967
-0.14142
-0.16874
-0.19542
-0.21165
-0.21781
-0.21858
-0.2167
-0.21106
-0.20904
-0.20843
-0.20719
-0.21101
-0.21279
-0.20652
-0.1976
-0.19129
-0.18252
-0.17178
-0.16623
-0.16071
-0.15568
-0.15021
-0.1444
-0.13191
-0.11894
-0.1104
-0.09867
-0.08758
-0.07973
-0.07242
-0.06952
-0.06434
-0.06819
-0.07096
-0.07418
-0.08292
-0.08897
-0.09225
-0.09549
-0.09403
-0.0905
-0.08557
-0.08619
-0.08842
-0.09664
-0.10753
-0.12052
-0.12558
-0.13143
-0.12969
-0.12069
-0.11126
-0.10317
-0.10103
-0.11145
-0.1195
-0.12956
-0.13449
-0.13687
-0.12961
-0.11487
-0.098
-0.08316
-0.06791
-0.06417
-0.06241
-0.06783
-0.07866
-0.09018
-0.09563
-0.10722
-0.11903
-0.12743
-0.1347
-0.14754
-0.15884
-0.16541
-0.17181
-0.17715
-0.17751
-0.18554
-0.19093
-0.19429
-0.19378
-0.19685
-0.19464
-0.18254
-0.16957
-0.15279
-0.13328
-0.11501
-0.1092
-0.10978
-0.11779
-0.13773
-0.15264
-0.16113
-0.16293
-0.16391
-0.16016
-0.15412
-0.16336
-0.17277
-0.18219
-0.19347
-0.20432
-0.20389
-0.19823
-0.18607
-0.16699
-0.1462
-0.13396
-0.12433
-0.11303
-0.10558
-0.10631
-0.09885
-0.08912
-0.07904
-0.06965
-0.0624
-0.06478
-0.0707
-0.08241
-0.09348
-0.10686
-0.11045
-0.10449
-0.10072
-0.09656
-0.08608
-0.08037
-0.08335
-0.09413
-0.10479
-0.11466
-0.11777
-0.11967
-0.1212
-0.12012
-0.11338
-0.11505
-0.12545
-0.13557
-0.14136
-0.14665
-0.14994
-0.15469
-0.14925
-0.135
-0.11547
-0.10062
-0.09059
-0.08404
-0.08033
-0.08555
-0.09902
-0.11672
-0.13019
-0.13956
-0.14265
-0.14432
-0.14168
-0.14334
-0.15134
-0.16532
-0.17817
-0.18745
-0.1922
-0.19478
-0.19211
-0.1761
-0.15457
-0.14055
-0.13102
-0.13252
-0.13149
-0.13913
-0.15205
-0.17083
-0.193
-0.21161
-0.22152
-0.22702
-0.22366
-0.219
-0.21274
-0.21871
-0.22267
-0.2288
-0.23018
-0.23136
-0.21944
-0.20652
-0.18686
-0.16188
-0.14205
-0.1343
-0.12915
-0.13606
-0.14202
-0.15506
-0.16054
-0.1654
-0.16668
-0.1661
-0.16688
-0.1739
-0.1826
-0.19443
-0.20174
-0.20851
-0.20425
-0.19796
-0.18861
-0.18736
-0.18391
-0.17805
-0.17067
-0.16125
-0.15262
-0.14574
-0.13475
-0.11905
-0.10086
-0.08745
-0.0728
-0.06526
-0.06609
-0.05132
-0.02926
-0.01499
0.00165
0.00675
3.19744E-13














































































































































































































































































































































































































































































































































































































































































































































































































































































































































































































































































































































































































































































































































































































































































































































































































































































































































































































































































































