
0.02958
0.06917
-0.0182
-0.06937
0
0.00945
-0.00154
-0.02335
-0.01704
-0.03235
0.0086
0.02358
0.05588
0.00593
0.00144
-0.0291
0.00517
0.00933
-0.03845
-0.06892
-0.04311
-0.01081
-0.00881
-0.03495
-0.01348
-0.0223
0.0468
-0.02697
-0.01415
0.02464
0.12621
0.1347
0.10423
0.09756
0.13636
0.14701
0.14468
0.11854
0.14435
0.18747
0.21543
0.15896
0.18476
0.15429
0.16928
0.1388
0.14946
0.14713
0.14913
0.17494
0.12066
0.09235
0.0359
0.01409
0.02475
0.04622
0.01359
0.02858
-0.00839
-0.00639
-0.03903
0.01491
0.0299
0.0622
0.0209
0.05103
-0.00326
0.04634
-0.04041
-0.02759
-0.03858
-0.03009
-0.06272
-0.06722
-0.0241
-0.02859
-0.01578
0.00354
0.02502
0.08112
0.06797
0.06131
0.04166
0.03067
0.0305
-0.01512
0.00635
-0.02628
-0.0416
-0.11536
-0.08307
0.01416
-0.03362
-0.00997
0.03099
0.05463
0.07394
0.03698
0.03032
0.06478
0.12955
0.07743
0.01666
0.03814
0.0055
-0.03796
-0.04895
-0.01881
-0.02764
-0.00616
-0.03446
-0.0303
-0.03263
-0.01332
0.00383
-7.07654E-4
0.00129
-0.00321
-0.04017
0.04841
0.03742
0.07405
0.0479
0.0499
-0.03685
-0.03052
0.01484
0.0234
0.0233
0.01671
-0.05481
-0.11118
-0.10262
-0.09406
-0.10065
-0.05096
-0.03374
-0.09444
-0.09886
-0.13143
-0.13586
-0.12946
-0.05596
-0.07986
-0.12758
-0.11252
-0.14292
-0.16249
-0.09765
-0.10208
-0.12598
-0.09145
-0.03526
-0.05051
-0.03979
-0.01391
0.05093
0.06815
0.07239
0.02467
-0.02521
0.00284
-0.02107
-0.06662
-0.08403
-0.08846
-0.04094
-0.1103
-0.09093
-0.07587
-0.03917
0.03
0.01259
-0.01132
-0.02007
0.01013
0.01004
-0.02036
0.05097
0.06169
0.08756
0.07015
0.00726
0.03097
0.06767
0.10221
0.08696
0.07819
0.07593
0.01522
-0.03034
-0.06293
-0.06086
-0.00903
0.01901
-0.0114
-0.02449
-0.00944
0.01859
0.00983
0.05086
0.0724
0.08312
0.09601
0.06562
0.03954
0.10005
0.11078
0.10415
0.08669
0.08222
0.04528
0.0906
0.06664
0.06217
0.06201
0.04888
-0.01187
-0.0618
-0.02514
-0.05992
-0.0276
-0.02558
-0.02792
-0.01292
0.04104
0.0647
0.07969
0.13365
0.19411
0.16584
0.18949
0.1374
0.13942
0.13278
0.08934
0.04373
0.03709
0.03045
-0.00218
-0.07594
-0.08907
-0.11952
-0.09585
-0.11766
-0.1178
-0.12227
-0.12242
-0.10093
-0.1119
-0.10338
-0.0516
-0.05607
0.01737
0.01938
0.06468
0.02772
0.03841
0.02743
-0.02251
0.03578
-0.00334
-0.00781
-0.00364
-0.02329
-0.0386
-0.06474
-0.08221
-0.04557
-0.06736
-0.01558
-0.02222
-0.00505
-8.61632E-4
0.02063
0.01615
0.029
0.01153
0.06333
0.03287
0.0652
0.09534
0.07789
0.10805
0.14254
0.1121
0.14226
0.10749
0.12466
0.12236
0.09405
0.12636
0.1024
0.10442
0.10643
0.0543
0.03245
0.02359
0.04938
0.07733
0.07931
0.17652
0.12217
0.08301
0.07845
0.04144
0.05424
0.02806
-0.0176
0.01467
0.01447
0.02292
-0.02057
-0.0316
-0.03829
-0.03637
-0.01059
-0.03027
0.03446
0.03426
0.01459
-0.05057
-0.04212
-0.0185
-0.01221
-0.04055
-0.01261
-0.03446
-0.01519
0.03223
0.03852
0.06646
0.13769
0.25653
0.34723
0.38942
0.33944
0.30893
0.29142
0.20464
0.18062
0.19774
0.20403
0.19949
0.17549
0.11468
0.10582
0.04068
0.06429
0.07709
0.08769
0.0745
0.031
0.07192
0.07822
0.07369
0.0865
0.12094
0.16619
0.1054
0.0553
0.02247
0.05026
0.07163
0.07793
0.07123
0.08835
0.10329
0.04898
0.05311
0.10918
0.15883
0.16734
0.15635
0.14538
0.08245
0.13209
0.13844
0.13181
0.17496
0.14668
0.11191
0.04033
0.064
0.08551
0.1265
0.16965
0.11972
0.11309
0.11295
0.08467
0.08237
0.01946
0.0085
0.01269
0.02337
0.00591
0.0101
0.05758
0.05311
0.02049
0.02466
0.01803
0.14126
0.21039
0.17129
0.12353
0.10824
0.11676
0.07765
0.08617
0.14014
0.11187
0.12255
0.08778
0.0833
0.08749
0.13281
0.13483
0.1347
0.11724
0.12356
0.18402
0.22501
0.22919
0.23985
0.22023
0.24823
0.20913
0.23497
0.20452
0.22386
0.20207
0.15648
0.13253
0.11508
0.13874
0.19055
0.23586
0.26386
0.24857
0.26791
0.27643
0.26764
0.25884
0.29333
0.37328
0.31903
0.27127
0.22134
0.21686
0.2124
0.24473
0.24242
0.24228
0.2508
0.21386
0.15095
0.19411
0.18315
0.17651
0.14174
0.16541
0.10033
0.10452
0.13901
0.09774
0.12358
0.11911
0.07135
0.09718
0.11219
0.11638
0.10325
0.15506
0.15489
0.20887
0.20007
0.16097
0.17814
0.17801
0.20383
0.19071
0.25117
0.26619
0.25955
0.27024
0.19218
0.24615
0.26765
0.27184
0.31499
0.29104
0.32554
0.30592
0.30144
0.27966
0.21242
0.21228
0.19266
0.25743
0.25729
0.22468
0.20721
0.16595
0.13984
0.14186
0.15904
0.23247
0.27345
0.24734
0.17793
0.1691
0.20576
0.21644
0.27907
0.30274
0.27014
0.26134
0.24821
0.20694
0.20464
0.2413
0.21735
0.18687
0.17155
0.11296
0.02623
0.03476
0.00429
-0.00883
0.00834
0.01037
0.02105
0.01224
0.00345
0.00764
-0.02713
0.08961
0.04185
0.0482
0.02642
0.02195
0.02831
-0.01729
0.00419
0.04947
0.04283
0.06865
0.01438
0.1246
0.08766
0.10914
0.12198
0.14131
0.12819
0.14318
0.12788
0.10393
0.08862
0.13393
0.07535
0.11849
0.05339
0.03377
0.06607
0.10055
0.10041
0.09376
0.15639
0.19088
0.15393
0.13429
0.08868
0.16212
0.21822
0.18778
0.19845
0.14635
0.15053
0.11792
0.07233
0.07218
0.06553
0.13465
0.11502
0.05858
0.05844
0.02799
0.09493
0.05366
0.04702
0.11179
0.06835
0.08986
0.07024
0.10467
0.1131
0.12801
0.14297
0.1579
0.22264
0.26789
0.20926
0.28914
0.31492
0.31903
0.26038
0.26452
0.2102
0.17751
0.13618
0.11217
0.03836
0.03381
-0.00319
-0.05751
-0.08369
-0.10774
-0.13607
-0.12978
-0.11482
-0.11719
-0.14121
-0.06781
-0.01826
0.02266
0.03328
0.03957
0.09565
0.14522
0.145
0.13614
0.15325
0.15517
0.13549
0.1288
0.07665
0.09593
0.12603
0.1518
0.12348
0.13841
0.18802
0.19217
0.20496
0.21126
0.12231
0.11995
0.11109
0.11523
0.15399
0.11483
0.15793
0.07763
0.06228
0.06857
0.04239
0.07899
0.08312
0.13057
0.09579
0.00474
0.03274
-0.041
0.0238
0.02149
0.03867
0.01905
0.07733
0.0966
0.05744
0.0659
0.09383
0.16073
0.20164
0.18846
0.18826
0.15344
0.21383
0.22878
0.26104
0.29112
0.28875
0.25824
0.2364
0.25135
0.23382
0.19899
0.15116
0.11634
0.12263
0.08345
0.05509
0.03974
0.07851
0.02418
0.01532
0.00863
0.04305
0.09263
0.04482
0.02513
-0.03134
0.0096
0.02888
0.00487
0.01116
-0.01284
0.03241
0.04303
0.05148
0.08158
0.06406
0.10499
0.07448
0.08078
0.13469
0.09552
0.05203
-0.0326
-0.08474
-0.10875
-0.07649
-0.06368
-0.0444
-0.09005
-0.07726
-0.10558
-0.04084
0.0477
0.13191
0.1858
0.22022
0.22651
0.19168
0.20447
0.26703
0.27333
0.29909
0.34002
0.3593
0.36342
0.40865
0.41277
0.42988
0.44699
0.40783
0.37517
0.35985
0.36177
0.29879
0.2553
0.19449
0.14885
0.127
0.05103
0.04218
0.03764
0.03312
-0.00821
-0.04954
-0.02378
-0.06943
-0.03716
-0.04819
-0.0181
0.03366
0.07675
0.15013
0.15426
0.18869
0.16468
0.16881
0.25518
0.25063
0.24606
0.2069
0.22618
0.1935
0.11321
0.13032
0.13879
0.13642
0.12323
0.07541
0.13149
0.15077
0.15273
0.15902
0.16531
0.22355
0.22335
0.2383
0.26407
0.26387
0.21388
0.14008
0.11174
0.13101
0.081
0.07215
0.04813
0.02195
-0.00422
-0.01742
-0.01545
0.0363
0.03826
0.07702
0.00106
0.01168
0.03529
0.0459
0.00891
0.05849
0.06477
0.05592
0.02758
0.06417
0.04016
0.11139
0.0614
0.01358
-0.01692
0.02399
-0.01734
0.00195
-0.03288
-0.03526
-0.09606
-0.10061
-0.13543
-0.07935
-0.09905
-0.0776
-0.10593
-0.11696
-0.14746
-0.10654
-0.07154
-0.03653
-0.05129
-0.0336
-0.02455
0.05373
0.06067
0.06345
0.07033
0.07936
0.0646
0.03255
0.02644
0.02249
0.05967
0.01026
0.05393
0.06513
0.12613
0.10703
0.12255
0.15972
0.13852
0.12593
0.15659
0.10504
0.12921
0.02569
-0.05182
-0.1012
-0.06835
-0.05498
-0.05027
-0.03257
-0.00623
-0.03609
-0.01407
-0.01368
0.02565
0.09097
0.16927
0.18263
0.16787
0.09032
0.134
0.09757
0.07847
0.09616
0.10088
0.09909
0.07999
0.02626
0.02231
0.0097
0.07068
0.06674
0.14287
0.15606
0.1368
0.13055
0.13298
0.11394
0.14667
0.11446
0.14711
0.13382
0.11194
0.02721
0.09612
0.05471
0.06093
0.0369
0.06562
0.02194
0
-0.03011
-0.01477
-0.05137
0.00294
-0.07046
-0.05728
-0.08955
-0.12615
-0.12812
-0.14524
-0.16884
-0.15133
-0.1598
-0.13579
-0.14426
-0.1116
-0.09408
-0.10471
-0.08288
-0.11082
-0.1063
-0.08447
-0.1254
-0.14684
-0.10769
-0.10317
-0.13111
-0.11577
-0.07877
-0.01148
-0.00912
-2.72416E-4
0.01724
0.05639
0.09338
0.07414
0.0765
0.13946
0.15481
0.17881
0.13355
0.13808
0.15776
0.19258
0.19277
0.1973
0.21265
0.21935
0.19789
0.14397
0.14417
0.11405
0.13156
0.10795
0.06269
0.09102
0.06956
0.02214
0.0375
0.04418
0.07472
0.0879
0.10108
0.12508
0.16424
0.17309
0.14726
0.10618
0.13869
0.12142
0.11281
0.09987
0.05229
0.05451
0.01559
-0.01034
-0.01679
-0.01458
0.02659
0.00283
-0.04258
-0.07067
-0.0663
-0.0143
0.03986
0.06155
0.03995
0.0703
0.13312
0.14399
0.15486
0.1614
0.18958
0.1853
0.20699
0.13994
0.11834
0.12271
0.1141
0.07518
0.06008
0.08393
0.11861
0.0732
0.06026
0.00403
0.01923
0.01061
-0.00233
-0.00445
-0.01739
0.02811
0.013
-0.00427
0.00444
0.04344
0.01535
0.00674
0.01328
0.03064
0.0177
-0.02555
-0.0861
-0.05792
-0.05138
-0.0232
6.57285E-4
0.05915
0.09382
0.11984
0.1437
0.14374
0.20223
0.26072
0.26293
0.27163
0.26951
0.25441
0.21765
0.21986
0.20909
0.18316
0.16805
0.11832
0.07507
0.06429
0.05785
0.06006
0.0298
0.05365
0.06019
0.05375
0.08193
0.06466
0.10583
0.10372
0.1016
0.10381
0.13633
0.13854
0.1256
0.12564
0.13651
0.16902
0.21453
0.20375
0.21894
0.20167
0.19306
0.16064
0.12173
0.13043
0.07203
0.02879
6.96098E-4
-0.02307
-0.04467
-0.04895
-0.04457
-0.04019
-0.04015
0.02916
0.00756
0.07254
0.1267
0.12892
0.15277
0.18961
0.13121
0.15074
0.13563
0.15949
0.14438
0.19421
0.1553
0.14668
0.12076
0.12513
0.11219
0.16635
0.14042
0.16427
0.17514
0.17086
0.18606
0.21208
0.24675
0.2598
0.29881
0.29237
0.34004
0.30762
0.36611
0.3575
0.40083
0.34893
0.30785
0.26677
0.2798
0.26686
0.26908
0.20419
0.25835
0.20428
0.21732
0.21736
0.24121
0.29754
0.23914
0.27165
0.25006
0.28473
0.32807
0.31946
0.36063
0.31522
0.28713
0.26337
0.2699
0.30674
0.24185
0.23757
0.24411
0.17273
0.17494
0.14252
0.15555
0.19024
0.21193
0.2596
0.26181
0.23805
0.25757
0.23165
0.26849
0.24689
0.23395
0.24265
0.18858
0.17997
0.08045
0.16275
0.17362
0.11522
0.08496
0.0915
0.12401
0.16951
0.12843
0.1393
0.1242
0.11342
0.02039
0.06156
0.10057
0.13525
0.18291
0.18079
0.15919
0.18305
0.21123
0.2221
0.28708
0.33691
0.33046
0.33052
0.31541
0.27
0.2181
0.11858
0.15109
0.09053
0.03431
-0.0111
-0.01971
-0.00451
0.05181
0.08649
0.11035
0.12122
0.24897
0.16676
0.18846
0.24911
0.24916
0.22756
0.20163
0.15406
0.11947
0.10653
0.14121
0.08282
0.15213
0.20629
0.22582
0.24318
0.26487
0.33201
0.35587
0.34293
0.36245
0.37981
0.42099
0.40588
0.37995
0.32589
0.34541
0.30433
0.23295
0.22001
0.2352
0.20928
0.15737
0.13577
0.14881
0.16618
0.17705
0.15545
0.17281
0.17286
0.15342
0.121
0.10373
0.11027
0.09516
0.0346
0.02166
0.03037
0.09102
0.12787
0.14956
0.14094
0.20159
0.19082
0.2255
0.23853
0.29702
0.24512
0.243
0.24521
0.26041
0.24964
0.24968
0.23891
0.28874
0.25632
0.2542
0.23476
0.29974
0.30196
0.22408
0.18517
0.17656
0.18959
0.21128
0.17886
0.20488
0.18112
0.18766
0.14442
0.17044
0.20295
0.19867
0.21819
0.19443
0.1685
0.15773
0.14696
0.20112
0.23147
0.21203
0.17745
0.13204
0.15374
0.1408
0.1928
0.15388
0.16259
0.17346
0.15403
0.14109
0.16928
0.21262
0.21267
0.1954
0.19329
0.16952
0.19339
0.19777
0.23029
0.18922
0.12216
0.1352
0.13958
0.19158
0.20678
0.19167
0.23068
0.24156
0.24161
0.18755
0.20491
0.23527
0.22666
0.22887
0.21593
0.20732
0.27231
0.23989
0.19881
0.19669
0.20756
0.25091
0.30939
0.29429
0.28569
0.25543
0.25981
0.23389
0.23393
0.25996
0.27516
0.28171
0.26444
0.24285
0.25155
0.29057
0.31009
0.29716
0.26474
0.32323
0.31463
0.32117
0.26927
0.24335
0.21742
0.22613
0.19155
0.20242
0.18949
0.16573
0.02941
0.07276
0.04466
0.09017
0.12052
0.14005
0.16607
0.12067
0.13803
0.16838
0.17276
0.1858
0.14905
0.15776
0.1708
0.1081
0.11248
0.07357
0.08012
0.05419
0.06939
0.13005
0.19287
0.23405
0.22978
0.19304
0.22989
0.19965
0.18239
0.18893
0.21064
0.18255
0.122
0.18916
0.12428
0.18494
0.23262
0.24782
0.25654
0.30421
0.32158
0.30216
0.31087
0.36504
0.37375
0.37381
0.33923
0.33713
0.36532
0.35023
0.32215
0.28974
0.27681
0.30067
0.28991
0.16442
0.15798
0.14072
0.11264
0.0391
0.06513
0.08683
0.09338
0.12158
0.10216
0.08489
0.07846
0.13695
0.13701
0.15655
0.16959
0.15882
0.15455
0.15244
0.1525
0.07247
0.0249
0.08773
0.04882
0.05754
0.01863
0.01436
0.04039
0.02746
0.04483
0.01025
0.09256
0.15106
0.14029
0.18364
0.20534
0.22487
0.31151
0.28343
0.32461
0.33767
0.36586
0.35293
0.36598
0.35521
0.35311
0.35965
0.38135
0.30998
0.30138
0.25814
0.24521
0.23012
0.27995
0.26053
0.2476
0.24982
0.20009
0.19582
0.21535
0.28035
0.25876
0.26314
0.28268
0.21347
0.21352
0.24172
0.20714
0.18339
0.16397
0.1532
0.11429
0.21392
0.19882
0.22269
0.27469
0.32236
0.36355
0.34845
0.41128
0.44596
0.45035
0.41577
0.29462
0.30549
0.24711
0.19955
0.08705
0.05897
0.04604
0.0396
-0.00147
-0.01657
0.05059
0.11774
0.10265
0.17846
0.22397
0.31277
0.33664
0.39297
0.31294
0.29351
0.30655
0.2525
0.16166
0.14007
0.0622
0.03412
0.04933
0.08185
0.02996
0.09711
0.11882
0.12104
0.13842
0.19909
0.26841
0.28794
0.27934
0.23611
0.13227
0.21891
0.2168
0.21469
0.20609
0.24944
0.23218
0.18029
0.14787
0.13278
0.12201
0.1264
0.0442
0.00746
-0.01846
-0.09416
-0.2348
-0.24773
-0.23901
-0.17402
-0.17613
-0.1501
-0.14355
-0.14999
-0.13695
-0.0936
-0.03943
0.08833
0.08406
0.08628
0.03222
0.10587
0.14056
0.11464
0.18829
0.18185
0.19273
0.22742
0.17769
0.22969
0.27304
0.28824
0.24717
0.21476
0.2343
0.18457
0.15432
0.12408
0.1263
0.12419
0.09611
0.03772
0.04643
0.05515
-0.00107
0.0163
0.01635
0.03805
0.03378
0.01652
0.01008
0.01014
0.00154
-0.03087
-0.05896
-0.07405
-0.1043
-0.08909
-0.00895
0.01059
0.00198
0.07131
0.11465
0.16665
0.19048
0.21215
0.25114
0.32259
0.32045
0.2274
0.22309
0.19931
0.13656
0.10628
0.06734
0.08035
0.00895
-0.00401
-0.08624
-0.08405
-0.04507
-0.03422
-0.00389
-0.045
-0.04064
-0.01898
-0.01679
0.0828
0.09149
0.08935
0.07855
0.09156
0.07859
0.06347
0.10678
0.07001
0.06787
0.05274
-0.01867
-0.01864
0.02251
0.00738
-0.01641
-0.02071
9.5682E-4
0.04644
0.0681
0.04648
0.06599
0.07683
0.07902
0.10502
0.08123
0.09857
0.06829
0.10511
0.06401
0.09867
0.11168
0.10304
0.13553
0.16802
0.11177
0.14209
0.16809
0.20275
0.16814
0.17682
0.15087
0.13358
0.09897
0.06653
-0.01354
0.06224
0.0969
0.06013
0.02552
0.00173
-0.04586
-0.10428
-0.09343
-0.06527
-0.01979
0.06032
0.0019
-0.06518
-0.0803
-0.04998
0.01065
0.06695
0.11676
0.12977
0.093
0.05623
0.01512
0.04112
0.05413
0.02385
-0.01508
-0.09082
-0.10811
-0.14488
-0.15352
-0.12103
-0.16645
-0.16427
-0.19455
-0.17288
-0.10143
-0.07976
-0.07108
-0.02993
-0.02774
-0.02339
-0.00821
0.05675
0.09357
0.06389
0.06634
0.06017
0.03839
0.0452
0.0174
0.0113
-0.02941
-0.01716
-0.06013
-0.09005
-0.02209
-0.01282
0.01609
0.04977
0.02024
0.00153
0.02416
0.05327
0.01732
0.02498
0.01276
-0.01851
-0.03504
-0.06243
-0.07802
-0.01214
-0.01986
0.01152
-0.05467
-0.04748
-0.04036
-0.02243
-0.00398
-0.0097
-0.05196
-0.03588
-0.06305
-0.04467
-0.09347
-0.0124
-0.00924
0.01772
0.01436
-0.01718
0.02716
0.08669
0.10704
0.12498
0.13444
0.16791
0.14056
0.16536
0.18799
0.16747
0.19012
0.14115
0.0858
0.05222
0.05104
0.03254
0.03566
0.03451
-0.00998
-0.06962
-0.05363
-0.05048
-0.0214
-0.02686
-0.01942
-0.06389
-0.04357
-0.02961
-0.01337
6.67358E-4
-0.02217
0.01114
0.04672
0.00227
0.03567
0.06252
0.0828
0.0686
0.06962
0.06212
0.07853
0.07109
0.0595
0.00982
-0.01173
0.00136
0.00579
0.0297
0.06228
0.06022
0.17288
0.1838
0.27482
0.27709
0.31183
0.35957
0.39863
0.34679
0.32093
0.27991
0.27568
0.21518
0.23045
0.23921
0.27827
0.2892
0.32611
0.29807
0.34579
0.36107
0.41095
0.44352
0.41766
0.42642
0.3919
0.40499
0.41591
0.4355
0.45075
0.48981
0.5159
0.51167
0.5226
0.4621
0.39077
0.42335
0.36502
0.33698
0.28947
0.2874
0.24205
0.17723
0.21629
0.18392
0.22298
0.26421
0.2102
0.22546
0.2299
0.2668
0.26257
0.25402
0.31906
0.23692
0.2565
0.31072
0.34761
0.31308
0.31102
0.32195
0.3069
0.30485
0.33092
0.34185
0.37442
0.31175
0.31836
0.3531
0.47658
0.40741
0.34691
0.35134
0.33629
0.34941
0.33006
0.31717
0.3649
0.34336
0.28719
0.23968
0.34802
0.40224
0.32875
0.30071
0.23155
0.27279
0.22532
0.24923
0.19522
0.22131
0.26471
0.24968
0.30173
0.36027
0.41665
0.49685
0.51428
0.60745
0.56861
0.61202
0.6013
0.55162
0.54956
0.5107
0.51946
0.4936
0.45042
0.41805
0.35322
0.36414
0.36641
0.38383
0.44021
0.423
0.44475
0.45567
0.43631
0.46888
0.4192
0.44311
0.44105
0.37837
0.36982
0.30933
0.3116
0.31604
0.31181
0.32058
0.3315
0.34676
0.40098
0.36428
0.45098
0.41862
0.41872
0.41666
0.40595
0.46233
0.47974
0.41274
0.42367
0.39349
0.45203
0.4175
0.44358
0.45667
0.4308
0.37896
0.32279
0.32289
0.37277
0.3166
0.33187
0.31465
0.29744
0.33001
0.29765
0.34754
0.40177
0.38888
0.40197
0.322
0.36106
0.31355
0.31148
0.35922
0.3377
0.32917
0.30547
0.28394
0.27538
0.30362
0.38381
0.42072
0.45113
0.48369
0.43834
0.41465
0.47753
0.48196
0.46692
0.47785
0.45633
0.47374
0.46302
0.44583
0.41996
0.4114
0.37904
0.35751
0.34895
0.34042
0.35134
0.3233
0.30176
0.30619
0.31497
0.30425
0.35846
0.34558
0.36951
0.42156
0.43898
0.44992
0.45002
0.43281
0.43074
0.41353
0.41148
0.34882
0.34892
0.30358
0.26907
0.24753
0.2195
0.2499
0.25435
0.29991
0.2957
0.35208
0.37817
0.42589
0.439
0.38934
0.39163
0.35062
0.31179
0.31841
0.2471
0.20394
0.14129
0.20203
0.19566
0.21527
0.26951
0.28911
0.36932
0.36079
0.3739
0.38702
0.44126
0.47171
0.40041
0.39187
0.38983
0.32718
0.3035
0.23654
0.24099
0.26276
0.28886
0.32145
0.2588
0.29356
0.29801
0.28081
0.29609
0.33085
0.31798
0.31378
0.31175
0.29456
0.27737
0.3013
0.35121
0.34917
0.34713
0.34946
0.29763
0.32589
0.31738
0.2937
0.28084
0.2723
0.28109
0.2574
0.27484
0.24899
0.30106
0.32066
0.34243
0.35337
0.3838
0.40556
0.38404
0.3885
0.32585
0.36277
0.35425
0.37172
0.37409
0.35047
0.37452
0.35092
0.31648
0.36645
0.40994
0.48584
0.3994
0.44284
0.42132
0.43445
0.45191
0.45204
0.43917
0.46096
0.39617
0.35302
0.29255
0.32948
0.32312
0.3449
0.35371
0.39934
0.37351
0.39748
0.39113
0.40425
0.40437
0.38935
0.39164
0.40693
0.35079
0.24492
0.19745
0.21491
0.15228
0.17624
0.16555
0.20897
0.25456
0.23955
0.23535
0.27875
0.33948
0.34177
0.39167
0.45671
0.41354
0.48293
0.49819
0.53294
0.57202
0.57214
0.56361
0.61785
0.62228
0.5553
0.56839
0.57932
0.56647
0.53412
0.43683
0.44561
0.40893
0.41338
0.39619
0.34002
0.34882
0.30132
0.30577
0.28209
0.32117
0.35375
0.27377
0.34747
0.34112
0.35856
0.42362
0.43673
0.41737
0.37419
0.34184
0.26835
0.27712
0.29239
0.23839
0.18223
0.10875
0.137
0.12847
0.11777
0.20447
0.23273
0.25665
0.24595
0.28503
0.2873
0.28092
0.29187
0.22921
0.22285
0.2641
0.20144
0.1496
0.08911
0.08057
0.03956
0.03103
0.0463
0.0356
-0.00973
-0.05507
-0.0831
-0.0938
-0.06121
-0.07409
-0.07613
-0.06952
-0.0629
-0.02598
-0.02804
-0.00411
0.03281
-0.01902
0.01572
-0.0058
0.08306
0.09617
0.07465
0.03798
0.00129
0.01439
0.01451
-0.01134
0.01258
-0.01544
-0.00884
-0.04119
-0.0584
-0.04097
-0.04734
-0.05805
-0.01463
-0.00152
-0.01222
0.02256
0.04
0.1332
0.09869
0.09665
0.06648
0.0904
0.08185
0.09279
0.08425
0.09304
0.09316
0.09978
0.04579
0.06541
0.03524
0.03105
-0.00346
-0.01198
-0.06378
-0.07447
-0.05486
-0.06773
-0.10655
-0.10643
-0.12143
-0.12122
-0.06698
-0.06901
-0.045
-0.04693
-0.03809
0.01403
0.02288
0.01868
0.00343
0.00905
-0.0072
-0.04276
0.01475
0.00287
-0.00444
-0.00745
-0.05376
-0.10441
-0.09012
-0.15373
-0.11996
-0.0602
-0.05024
-0.10088
-0.0736
-0.07661
-0.04068
-0.0805
-0.02507
-0.00217
0.04681
0.03513
-0.01984
-0.01853
0.02823
0.04252
0.08049
0.08836
0.09837
0.06941
0.0231
0.00718
-0.0066
0.04017
0.05879
0.02979
0.02228
-0.03717
-0.07697
-0.02805
-0.01808
0.02869
0.04974
0.07291
0.11555
0.08681
0.0645
0.07037
0.08056
0.06044
0.04248
0.04617
0.00223
-0.03736
-0.06183
-0.09493
-0.08907
-0.04637
-0.03183
0.02166
0.07947
0.07229
0.11702
0.12287
0.13523
0.07831
0.05807
0.02929
0.00267
-0.02394
-0.0419
-0.06203
-0.01938
-0.08063
-0.06395
-0.06247
0.0062
0.02936
0.06335
0.08219
0.08371
0.06359
0.05213
0.02551
0.08331
0.0805
0.0474
0.07918
0.09589
0.09526
0.09244
0.05501
0.07202
0.09378
0.08307
0.00743
0.02053
0.08989
0.03158
0.00788
-6.62889E-4
-0.01354
0.04502
0.01916
0.03876
0.01939
0.08011
0.08022
0.05869
0.05664
0.0351
0.00275
-0.00364
-0.02302
-0.06404
-0.10938
-0.09195
-0.14595
-0.17397
-0.15003
-0.12178
-0.12384
-0.06746
-0.08033
-0.09321
-0.0325
-0.02157
0.00885
0.03494
0.03289
-0.01029
0.01362
0.01806
-0.02295
0.02264
0.04656
0.08996
0.07926
0.05989
0.05784
0.06661
0.10568
0.05817
0.05396
0.06056
0.03469
-0.02364
-0.05166
-0.04505
-0.06225
-0.03396
-0.01653
-0.05754
-0.03578
-0.02268
0.0164
0.02084
0.05342
0.04921
0.09044
0.10787
0.11232
0.14489
0.1688
0.1884
0.17769
0.1648
0.16274
0.16071
0.15867
0.11116
0.1221
0.08974
0.05956
0.04885
-0.01814
0.02959
0.01023
-0.00914
-0.02201
-0.03705
-0.01962
-0.01951
-0.03887
2.02646E-4
0.04577
0.08052
-0.00167
0.01989
0.06093
0.07817
0.1019
0.12346
0.09523
0.13628
0.10806
0.06686
0.0538
0.11433
0.032
-0.01138
-0.02012
-0.02886
-0.10253
-0.1091
-0.12434
-0.14608
-0.15915
-0.21334
-0.2026
-0.14641
-0.13134
-0.15523
-0.18778
-0.12076
-0.07971
-0.02352
-0.04957
-0.04101
0.00653
-0.02602
-0.01528
0.00195
0.01486
-0.0047
-0.00695
-0.01353
-0.09586
-0.03966
-0.0549
-0.04199
-0.01827
-0.00319
-0.02708
0.00314
0.04851
-0.01001
-0.02308
0.02662
0.03087
0.0308
0.04586
0.01764
-0.00626
1.54989E-4
-0.01509
-0.05197
0.05834
0.09289
0.09065
0.09923
0.18573
0.20513
0.30462
0.37813
0.42784
0.46673
0.58353
0.5683
0.54442
0.55949
0.55941
0.49223
0.55058
0.53536
0.51796
0.50272
0.49831
0.45061
0.48516
0.50456
0.51962
0.50222
0.55842
0.56049
0.52795
0.5322
0.58405
0.57315
0.57523
0.5362
0.52313
0.50356
0.52079
0.52937
0.50331
0.52055
0.56375
0.56584
0.61554
0.61329
0.63702
0.67157
0.66066
0.68223
0.71245
0.71453
0.69497
0.65809
0.61689
0.59733
0.60157
0.53439
0.51916
0.56453
0.56012
0.52108
0.54264
0.53174
0.47971
0.52941
0.54015
0.59201
0.62006
0.64812
0.62639
0.59384
0.57428
0.60449
0.64986
0.70822
0.63888
0.69507
0.67118
0.69707
0.68184
0.69258
0.74878
0.82229
0.76809
0.73121
0.72248
0.76568
0.63357
0.66378
0.6702
0.65497
0.65272
0.60719
0.53784
0.53776
0.55932
0.56357
0.56132
0.61968
0.53086
0.52645
0.55234
0.5609
0.59762
0.58887
0.58879
0.61685
0.60595
0.59504
0.65124
0.68579
0.72467
0.67698
0.61197
0.58158
0.6183
0.60523
0.61814
0.67217
0.63529
0.54863
0.56586
0.5398
0.61115
0.68683
0.74086
0.71913
0.75585
0.72979
0.69941
0.7556
0.79015
0.73163
0.72073
0.69684
0.64914
0.56897
0.56672
0.58612
0.62067
0.64223
0.63999
0.66371
0.69394
0.67221
0.69161
0.73698
0.78452
0.79959
0.76055
0.68687
0.6608
0.66072
0.64333
0.65839
0.63234
0.57814
0.5629
0.5585
0.59089
0.59297
0.60804
0.60146
0.58188
0.54717
0.52545
0.56216
0.59022
0.57932
0.58356
0.51422
0.47734
0.49889
0.47715
0.45542
0.52893
0.55483
0.58721
0.56332
0.58272
0.6021
0.59986
0.63224
0.61701
0.66455
0.68611
0.64274
0.5972
0.57331
0.60137
0.6554
0.65965
0.66606
0.64866
0.65075
0.65932
0.65707
0.66781
0.69803
0.68281
0.72601
0.67398
0.62195
0.67599
0.69971
0.69747
0.71254
0.71677
0.66907
0.67548
0.69488
0.66017
0.64494
0.68814
0.70971
0.72045
0.72686
0.69215
0.71804
0.72229
0.73952
0.70264
0.70039
0.73494
0.6959
0.61789
0.6243
0.58526
0.56136
0.55911
0.61097
0.57193
0.54154
0.50466
0.52839
0.5716
0.5975
0.58875
0.63196
0.57128
0.54955
0.55163
0.62514
0.75277
0.77432
0.69631
0.69621
0.75889
0.7653
0.7414
0.81924
0.82348
0.7931
0.76055
0.70419
0.68896
0.71267
0.72341
0.66489
0.6713
0.71018
0.66465
0.66889
0.7121
0.65358
0.65566
0.64476
0.61221
0.59265
0.60988
0.54487
0.48851
0.4776
0.47968
0.49475
0.5661
0.53355
0.55728
0.62646
0.63934
0.6111
0.63483
0.67371
0.71692
0.68437
0.63667
0.60629
0.61919
0.60829
0.55409
0.55185
0.57774
0.59931
0.5581
0.56884
0.58824
0.57084
0.59024
0.58583
0.60523
0.60731
0.58775
0.57901
0.48369
0.44465
0.47487
0.50076
0.55479
0.55471
0.55896
0.52641
0.522
0.48079
0.48504
0.57802
0.60392
0.56055
0.53883
0.49761
0.48239
0.43901
0.44543
0.48647
0.48639
0.43219
0.44078
0.50563
0.50339
0.49682
0.49674
0.49882
0.53986
0.53545
0.52021
0.56991
0.63259
0.59355
0.59997
0.60854
0.63011
0.67115
0.66457
0.65151
0.67956
0.66
0.63178
0.65118
0.6511
0.65318
0.68557
0.67466
0.59232
0.61388
0.66791
0.65051
0.63528
0.66334
0.62862
0.6675
0.65876
0.60023
0.56768
0.60223
0.49609
0.47436
0.44614
0.40277
0.32909
0.26408
0.22287
0.15567
0.14043
0.1252
0.10779
0.17265
0.09681
0.09456
0.09448
0.10739
0.09865
0.11155
0.11364
0.08542
0.10265
0.09608
0.07002
0.0786
0.06336
0.06328
0.04154
0.08042
0.08034
0.04779
0.05853
0.01516
0.00426
-0.02396
-0.03054
0.00834
0.0299
0.06229
0.02541
-6.44229E-4
0.03607
-0.00947
0.00343
0.02067
0.05739
0.06164
-0.01853
0.01169
-0.02735
-0.06856
-0.11626
-0.15097
-0.08828
-0.0494
-0.02784
-0.02143
-0.028
0.00439
-0.01517
0.00638
-0.00237
0.02136
0.05158
0.0818
0.04492
0.02969
0.02095
0.01654
-0.00735
-0.02258
0.03361
0.10496
0.10271
0.09397
0.07874
0.08082
0.0764
0.07415
0.0481
0.06533
0.04577
2.31675E-4
-0.01717
-0.02374
-0.01084
-0.05204
-0.01966
-0.0955
-0.08908
-0.0697
-0.03298
-0.01142
-0.01367
0.00788
0.02728
0.01638
-0.00319
0.00756
0.0486
0.02038
-0.00135
0.01805
0.07641
0.04834
-0.00772
0.00332
-0.00726
0.01677
-0.009
0.00638
0.00876
0.06741
0.03519
-0.04035
0.00964
0.08995
0.06635
0.08171
0.11441
0.11678
0.11699
0.12153
0.11526
0.05919
0.03777
0.02286
-0.04186
-0.04381
-0.07172
-0.07368
-0.08645
-0.03646
0.02219
0.00509
0.05725
0.07478
0.05335
0.10984
0.1317
0.1514
0.07154
0.08693
0.0287
-0.07931
-0.08992
-0.10486
-0.09599
-0.07629
-0.10638
-0.10617
-0.13192
-0.11656
-0.13366
-0.14643
-0.08129
-0.04207
-0.04186
-0.03299
-0.04792
-0.05633
-0.07126
-0.03209
0.04604
0.03764
0.04871
0.06844
0.02538
0.0213
-1.05112E-4
-0.01501
-0.06455
-0.09462
-0.10736
-0.15907
-0.13069
-0.14127
-0.1475
-0.12345
-0.14269
-0.10999
-0.12274
-0.0554
0.01627
-0.00292
0.01031
-0.02625
-0.01735
-0.04525
-0.00604
0.07212
0.0637
0.07909
0.08368
0.06877
0.06468
0.09305
0.09329
0.09353
0.12409
0.10489
0.04452
0.01662
0.02769
0.03009
0.02384
-0.00404
-0.04926
-0.02305
-0.05311
-0.05936
-0.05263
-0.00477
0.0734
-0.00212
-0.00837
-0.02759
7.79498E-4
0.05081
0.05321
0.03829
0.0104
0.00199
-0.04323
-0.06463
0.00487
0.01593
0.05301
0.10521
0.08597
0.07106
0.13407
0.14946
0.13456
0.13263
0.12859
0.12236
0.11826
0.07954
0.08627
0.0562
0.0651
0.0632
0.03963
0.03771
0.00114
-0.06572
-0.07846
-0.10419
-0.09962
-0.16865
-0.14892
-0.18115
-0.19173
-0.13522
-0.16744
-0.11958
-0.0717
-0.04116
0.037
0.04377
0.04618
-0.01418
0.00554
-0.02669
-0.05242
-0.04136
-0.0606
-0.0452
-0.05362
-0.10098
-0.15049
-0.11995
-0.02231
-0.01123
0.04528
0.01522
0.02195
0.03734
0.02032
0.03572
0.03379
0.07515
0.04942
0.03884
0.01532
-0.05371
0.02229
0.03124
0.08343
0.10531
0.10123
0.069
0.06491
0.11927
0.11518
0.12841
0.1806
0.15487
0.11832
0.03198
-0.03055
-0.00433
-0.00841
-0.02983
-0.0382
-0.05744
-0.03986
-0.00716
-0.06813
-0.02126
-0.01333
0.07039
0.06533
0.01913
0.03994
0.02839
0.00819
-0.0012
-0.09501
-0.05027
-0.06831
-0.02142
-0.07627
-0.1095
-0.01062
0.01897
0.03768
0.03916
-0.01785
0.0853
0.06714
0.0123
-0.03387
-0.04976
-0.04404
-0.1227
-0.14288
-0.11762
-0.07307
0.0906
0.10287
0.17574
0.35234
0.46854
0.55225
0.63377
0.74126
0.80331
0.86316
0.89707
0.84658
0.80473
0.79533
0.8076
0.8177
0.79966
0.76863
0.76573
0.75419
0.72748
0.73756
0.71521
0.79241
0.81976
0.76713
0.7426
0.77002
0.79527
0.82492
0.83722
0.88413
0.88996
0.96284
0.97945
1.04801
1.06015
1.04211
1.04571
1.08606
1.10919
1.14525
1.11206
1.08965
1.07378
1.04698
0.98348
0.96761
0.98852
1.00511
0.98707
0.96037
0.95963
0.9481
0.97983
0.93365
0.8918
0.85643
0.85139
0.81156
0.8195
0.78205
0.75744
0.71775
0.74083
0.73145
0.73721
0.74082
0.76606
0.78478
0.82732
0.84597
0.88638
0.88783
0.89563
0.86461
0.88335
0.8848
0.94032
0.99156
0.96487
0.95116
0.91796
0.90641
0.9035
0.85517
0.78301
0.73901
0.75342
0.69846
0.63699
0.61462
0.62688
0.64779
0.62326
0.62902
0.68674
0.7964
0.80434
0.79063
0.77691
0.75887
0.8036
0.77473
0.72395
0.69036
0.64621
0.65414
0.62096
0.59209
0.56101
0.57761
0.60505
0.61732
0.67286
0.71529
0.76422
0.86275
0.84433
0.83052
0.78853
0.80064
0.79547
0.7466
0.74304
0.71352
0.64118
0.57491
0.55886
0.58156
0.58465
0.69419
0.73012
0.76589
0.84513
0.79452
0.79591
0.84258
0.90892
0.90157
0.95253
0.99485
0.96967
0.99701
1.00027
1.00152
1.01141
1.00852
1.02727
1.00274
0.98903
0.9148
0.89031
0.88092
0.89101
0.88812
0.83328
0.81956
0.79497
0.77696
0.79358
0.75389
0.73151
0.70048
0.67811
0.63626
0.59873
0.63696
0.65141
0.69829
0.68241
0.64706
0.65939
0.66736
0.63847
0.67241
0.65437
0.66447
0.72651
0.73011
0.74671
0.74606
0.80599
0.83124
0.83917
0.91404
0.89601
0.92344
0.88808
0.76614
0.76982
0.73015
0.80954
0.78284
0.79511
0.77489
0.7114
0.70201
0.64069
0.65078
0.63044
0.6427
0.5834
0.53288
0.57546
0.53584
0.53511
0.56042
0.56185
0.63685
0.69459
0.74799
0.75592
0.80289
0.76758
0.70828
0.68167
0.73293
0.72786
0.7791
0.81084
0.78198
0.76177
0.73081
0.76043
0.72725
0.75033
0.77342
0.74669
0.78266
0.78625
0.76179
0.73515
0.79936
0.86573
0.85635
0.91623
0.9458
0.92773
0.93135
0.86361
0.87592
0.8143
0.85904
0.81287
0.71253
0.69237
0.71763
0.69958
0.72481
0.75441
0.80779
0.73781
0.78685
0.76445
0.74425
0.75438
0.74499
0.74001
0.72418
0.77541
0.79207
0.76755
0.84257
0.77695
0.7849
0.82746
0.82673
0.826
0.78848
0.78342
0.75023
0.71487
0.68164
0.66566
0.68875
0.72705
0.73936
0.77112
0.75747
0.74165
0.75176
0.70997
0.666
0.6523
0.60827
0.6227
0.59167
0.56931
0.5794
0.6198
0.66893
0.65093
0.70434
0.7166
0.81111
0.82114
0.85073
0.86302
0.87313
0.84426
0.84138
0.80385
0.8097
0.75924
0.80397
0.78155
0.7722
0.73683
0.7318
0.71158
0.71735
0.71879
0.7268
0.69799
0.77086
0.73333
0.70663
0.68643
0.64681
0.63952
0.64745
0.66845
0.66559
0.6432
0.69878
0.58335
0.51768
0.51054
0.56397
0.67147
0.60148
0.47955
0.35761
0.25524
0.20257
0.13045
0.12323
0.13982
0.1261
0.01075
-0.1198
-0.11187
-0.03901
0.0252
0.00279
-0.01306
-0.02464
-0.02978
-0.06731
-0.04639
0.01133
0.041
0.05761
0.07422
0.03764
0.12227
0.1701
0.18114
0.22032
0.28111
0.23369
0.19278
0.20165
0.15425
0.11984
0.19147
0.15489
0.14644
0.14882
0.12956
0.1038
0.15812
0.12585
0.10444
0.11547
0.11352
0.04448
0.04252
0.04274
-0.00683
0.00851
0.01088
-0.07115
-0.06445
-0.06208
-0.02506
0.00761
0.05542
0.04917
0.04722
0.08421
0.04548
0.01972
-0.02336
-0.0123
-0.03375
-0.0249
-0.0312
-0.06345
-0.06973
-0.04354
-0.04982
-0.07342
0.02204
0.10017
0.15223
0.18048
0.13514
0.09629
0.11588
0.13331
0.09013
0.09024
0.1726
0.13159
0.09923
0.06038
-0.0066
-0.05628
-0.07997
-0.09934
-0.07326
-0.08181
-0.08171
-0.07727
-0.12263
-0.11603
-0.10726
-0.03356
0.03148
0.00994
-0.0051
-0.01582
-0.02005
-0.05673
-0.03498
0.02358
0.05399
0.07142
0.08884
0.05216
0.13667
0.1844
0.19533
0.2344
0.29512
0.24761
0.20659
0.21535
0.16785
0.13334
0.20492
0.16826
0.15971
0.16198
0.14261
0.11674
0.17096
0.13861
0.11706
0.12799
0.12593
0.05677
0.05471
0.05482
0.00514
0.02041
0.02269
-0.05946
-0.05286
-0.05058
-0.01368
0.0189
0.06665
0.06026
0.05821
0.09512
0.05626
0.03039
-0.01279
-0.00186
-0.02339
-0.01462
-0.021
-0.05336
-0.05974
-0.03365
-0.04004
-0.06373
-0.05063
0.01008
-0.02658
0.006
-0.03285
-0.10633
-0.10189
-0.04983
-0.07353
-0.10372
-0.07764
-0.08185
-0.07741
-0.02535
-0.01226
-0.01431
0.03342
0.04436
0.00984
-0.02252
-0.02241
-0.00931
0.01894
0.01472
-0.02629
-0.05432
-0.03689
-0.03894
-0.09294
-0.0885
0.03715
0.03077
0.02439
0.01584
0.00729
0.01606
-0.0509
-0.07243
-0.10479
-0.11118
-0.09809
-0.22785
-0.1866
-0.11939
-0.0933
-0.10401
-0.04546
0.01093
0.0197
0.01765
0.06105
0.09363
0.13919
0.1155
0.08098
0.05295
0.12016
0.10945
0.11389
0.10536
0.13794
0.15763
0.13853
0.1086
0.10898
0.07689
0.0816
0.07331
0.03906
0.02428
0.03771
0.0922
0.08394
0.08221
0.0826
0.08086
0.16784
0.13791
0.13396
0.13216
0.1174
0.10046
0.01424
0.00597
0.01935
-0.01277
0.01357
-0.05102
-0.01385
-0.05245
-0.02828
0.01539
-0.00808
0.01176
-0.00952
-0.06109
0.01937
-0.04086
-0.07505
-0.06168
-0.04832
-0.04361
-0.06488
-0.01906
0.03327
0.04231
0.1271
0.10366
0.15822
0.19539
0.1698
0.15935
0.09696
0.11466
0.11935
0.06995
0.1093
0.0383
-0.02842
-0.067
-0.02334
0.00951
-0.05725
-0.01144
-0.02839
-0.05398
-0.02331
-0.06839
-0.08749
0.0038
0.05612
-0.01493
-0.03404
0.00313
-0.0809
-0.0762
-0.07369
-0.12956
-0.10321
-0.07469
-0.09372
-0.11066
-0.09947
-0.14021
-0.15496
-0.0377
-0.04383
-0.04779
-0.03873
-0.02107
-0.02935
-0.04197
-0.05458
-0.06069
-0.02568
0.05045
0.03354
0.06861
0.0733
0.0672
0.06758
0.0463
0.04451
0.01457
0.04958
1.71755E-4
-0.02109
-0.02288
-0.06147
-0.0048
0.00638
-0.0625
-0.09243
-0.09638
-0.09377
-0.10422
-0.03241
-0.06008
-0.07918
-0.06578
-0.10436
-0.08884
0.03059
0.05257
0.05293
0.11823
0.07532
0.05621
0.05875
0.09376
0.07033
0.01227
-0.00683
-0.05841
-0.05796
-0.0684
-0.06364
-0.03726
-0.03689
-0.04303
-0.03399
-0.01414
0.02087
0.05805
0.02602
0.01992
0.07225
0.05969
0.07306
0.06917
0.09119
0.08293
0.13524
0.11397
0.08845
0.10182
0.08701
0.07183
0.05883
0.10426
0.16701
0.25141
0.30983
0.36609
0.48079
0.576
0.67988
0.7989
0.86815
0.90709
0.95902
0.9525
0.97412
0.97843
0.96975
0.99138
1.02599
1.04761
1.02811
1.03026
1.106
1.05403
1.06483
1.05399
1.06263
1.04313
1.01064
0.97166
0.93484
0.99109
0.97376
0.9456
0.97155
0.93906
0.94986
0.95634
0.97363
0.97361
0.98225
0.98223
0.93675
0.92808
0.96485
0.94968
0.99728
0.98644
0.96044
0.98207
1.01019
1.07727
1.0989
1.11836
1.16596
1.14646
1.14427
1.15074
1.12042
1.17451
1.15934
1.13984
1.10952
1.10733
1.11813
1.11379
1.09645
1.13323
1.1397
1.16565
1.17213
1.17211
1.18508
1.18938
1.13525
1.13956
1.10274
1.10056
1.10054
1.0897
1.10916
1.03988
1.01172
1.0117
0.99436
1.06144
1.06792
1.09387
1.11549
1.16959
1.16957
1.12193
1.14572
1.16518
1.21494
1.18462
1.21274
1.22787
1.20188
1.1629
1.14556
1.14771
1.20829
1.19745
1.21258
1.17143
1.19522
1.17789
1.13674
1.12373
1.11073
1.05659
1.07605
1.09551
1.06735
1.11279
1.13224
1.10625
1.05428
1.01963
1.04775
1.05855
1.10615
1.0715
1.04767
1.10176
1.06062
1.05194
1.0714
1.12333
1.13846
1.1471
1.16223
1.10161
1.12107
1.10806
1.03877
1.02793
0.99544
0.99975
1.01921
1.07114
1.10792
1.10574
1.17065
1.14899
1.1468
1.21605
1.24416
1.24631
1.23114
1.19432
1.20512
1.1445
1.12716
1.11415
1.07734
1.06
1.02534
0.9842
0.94305
0.96684
0.93219
0.88672
0.92566
0.97759
0.92345
0.93642
0.94506
0.984
1.0316
1.0424
1.0294
1.06184
1.07481
1.08128
0.99901
1.00549
1.05525
1.10285
1.08551
1.01839
1.05734
1.06814
1.07678
1.10273
1.03994
1.13299
1.15245
1.15027
1.11995
1.08962
1.12423
1.11339
1.10038
1.05058
1.09169
1.083
1.03318
1.10025
1.0894
1.08288
1.12615
1.10448
1.13475
1.10659
1.1347
1.05675
1.10218
1.13245
1.05883
1.07829
1.05228
1.08256
1.07387
1.0522
1.08681
1.06081
1.06728
1.06725
1.09103
1.09534
1.05635
1.06715
1.00651
1.04329
1.11903
1.12333
1.16011
1.16658
1.14708
1.13407
1.12756
1.17083
1.11886
1.16646
1.14046
1.08632
1.04085
1.04516
1.06678
1.04512
1.05376
1.09703
1.08185
1.1446
1.10562
1.13591
1.13372
1.2008
1.21377
1.2592
1.30464
1.30462
1.25265
1.26995
1.27858
1.29804
1.28071
1.29584
1.26768
1.27415
1.25465
1.27411
1.24595
1.19615
1.1615
1.13117
1.09435
1.08134
1.06184
1.06831
1.05746
1.01632
0.99898
0.99896
1.09418
1.0855
1.12011
1.12009
1.14172
1.15035
1.13518
1.10918
1.09834
1.07884
1.05718
1.02252
1.07012
1.06144
1.06791
1.05274
1.00727
0.97478
0.98125
1.00071
1.01801
1.01799
1.02013
1.06556
1.06987
1.13262
1.13477
1.1802
1.19966
1.19098
1.22343
1.18228
1.21689
1.2277
1.1714
1.1519
1.11508
1.14753
1.12802
1.14965
1.11716
1.08467
1.17123
1.16904
1.16036
1.13004
1.16032
1.18628
1.11483
1.11048
1.11262
1.12776
1.06497
1.04547
1.04977
1.08871
1.06488
1.0259
0.9696
0.99988
0.95873
0.87863
0.818
0.80283
0.65346
0.53006
0.40883
0.32656
0.24428
0.22478
0.13385
0.07755
0.07104
0.06885
0.0342
0.03851
0.02117
-0.00699
0.06225
0.04275
0.01892
0.00159
0.02538
0.04484
0.00586
0.01233
0.01447
0.07289
0.07504
0.00575
0.01655
-0.01811
0.03382
0.02298
-0.04631
-0.00953
-0.05068
-0.02906
-0.04207
-0.00962
0.05312
0.07908
0.05308
0.04007
0.0249
0.07899
0.09195
0.1547
0.1352
0.10719
0.0687
0.03886
-0.00612
0.00946
-0.02257
-0.03515
-0.0953
-0.12726
-0.15051
-0.16306
-0.14532
-0.09727
-0.10551
-0.05529
-0.057
-0.06956
-0.07774
-0.04268
-0.05509
-0.04817
-0.03906
-0.05152
-0.07487
-0.08526
-0.09998
-0.09522
-0.03851
-0.06189
-0.03333
-0.0285
0.00442
0.01783
0.00959
0.0057
0.06254
0.08254
0.109
0.09211
0.11421
0.0627
0.10641
0.03758
0.00776
0.01471
0.03466
-0.02334
-0.05535
-0.11974
-0.1323
-0.10156
-0.06427
-0.10929
-0.0461
0.01061
-0.00195
-0.00361
0.04227
0.05569
0.06913
0.06089
0.03967
0.01196
0.02537
-0.00881
-0.04073
-0.00351
-0.05286
-0.11519
-0.1364
-0.10999
-0.12471
-0.10043
-0.1
-0.06711
-0.09265
-0.09006
-0.11991
-0.04156
0.00432
-0.0169
0.01381
0.07052
0.03856
0.02167
0.01778
0.06799
0.04896
0.0148
0.00876
-0.02971
0.014
0.00584
-0.06291
-0.00837
0.00722
-0.02259
-0.04164
-0.0477
0.06543
0.02906
0.0836
0.02778
0.02826
0.04602
0.02265
0.01658
0.01701
0.06078
0.1283
0.10059
0.12484
0.06899
0.11061
0.11307
0.14364
0.1461
0.17454
0.18344
0.12307
0.09516
0.03048
0.05671
0.11756
0.07455
0.06612
0.03389
0.0753
0.08203
0.07144
0.05436
0.01565
0.03327
-0.00329
-0.04202
-0.03528
-0.02638
-1.83268E-4
-0.01727
-0.043
-0.03842
-0.03167
-0.01412
-0.00739
-0.03962
-0.02855
-0.0175
0.00223
0.01112
-0.04493
-0.07278
-0.03142
-0.05714
-0.03309
-0.03502
0.01068
-0.02589
0.03712
-0.01023
0.0485
0.13098
0.17234
0.1769
0.28105
0.30077
0.28152
0.25795
0.31446
0.28438
0.30842
0.25243
0.19423
0.19447
0.14491
0.06291
0.01122
0.02444
0.02252
-0.07681
-0.08308
-0.09583
-0.13239
-0.12133
-0.14273
-0.13166
-0.11628
-0.09873
-0.03782
-0.05273
0.00161
0.02999
0.01509
0.02185
0.03076
0.0548
0.03342
0.012
-0.02456
-0.07627
-0.10417
-0.06498
-0.04309
-0.02769
-0.00361
-0.02285
-0.09621
-0.05918
-0.02648
0.04518
0.01078
0.04781
0.03507
6.77487E-4
0.02255
0.04226
0.06414
0.12931
0.0841
0.05628
0.0717
0.10232
0.09611
0.10292
0.09022
0.01469
0.00195
-0.02592
-0.03213
-0.04921
-0.01002
-0.07684
-0.0463
-0.03957
-0.07613
-0.03714
0.06233
0.00163
0.02102
0.00794
0.07494
0.08134
0.0899
0.04002
0.00744
0.00951
-0.08365
-0.22011
-0.1661
-0.14887
-0.12516
-0.16855
-0.19029
-0.20555
-0.19915
-0.16029
-0.14956
-0.08472
0.04938
0.09039
0.09029
0.06853
0.08791
0.06834
0.07258
0.08763
0.07671
0.05714
0.03971
-0.03398
-0.03841
-0.05582
-0.01695
2.72127E-4
0.04345
0.1191
0.11684
0.14487
0.16208
0.17714
0.17055
0.06654
0.07074
0.05331
0.08352
0.15702
0.19155
0.2802
0.32773
0.37089
0.44222
0.53735
0.68011
0.68649
0.76647
0.81614
0.75976
0.77049
0.78337
0.76379
0.78751
0.80473
0.85223
0.87377
0.89531
0.89088
0.88862
0.96211
0.92953
0.9381
0.91419
0.96387
0.92048
0.8814
0.87049
0.89851
0.93738
0.94161
0.91554
0.93275
0.85906
0.8871
0.8632
0.89124
0.88898
0.86939
0.87362
0.82373
0.84742
0.85813
0.85154
0.89691
0.9098
0.90754
0.82952
0.84457
0.89426
0.88767
0.94601
0.91559
0.92415
0.92837
0.90228
0.93898
0.95186
1.02969
1.02093
0.9559
0.95364
0.8713
0.82791
0.78236
0.78443
0.74752
0.72795
0.75599
0.80349
0.84019
0.83577
0.8097
0.87236
0.93936
0.96308
0.96297
1.02348
1.01905
1.0103
0.95393
0.89972
0.90179
0.97095
0.96002
0.88633
0.86676
0.87315
0.89469
0.90109
0.87069
0.87491
0.9181
0.90502
0.8703
0.87886
0.91989
1.01503
1.03224
0.96071
0.97142
0.99512
1.01451
0.98194
1.03596
1.08348
1.09638
1.10926
1.02907
1.01815
1.07648
1.02659
1.00917
0.98742
0.97648
0.9937
0.97844
0.93504
0.93927
0.93052
0.88713
0.89569
0.91291
0.86302
0.82829
0.89312
0.87787
0.81715
0.83221
0.78233
0.81686
0.85789
0.85779
0.84037
0.87491
0.90728
0.91151
0.86812
0.93729
0.91771
0.94359
0.90668
0.89358
0.8805
0.93015
0.96249
0.96887
0.9536
0.96649
0.91011
0.89702
0.90124
0.94226
0.92917
0.97453
0.94628
0.96134
0.98505
0.94165
0.9567
1.01504
1.00845
0.99102
0.97794
0.97135
0.93229
0.93651
0.84117
0.80208
0.85824
0.81702
0.78661
0.86228
0.86218
0.86207
0.8836
0.81855
0.8336
0.90925
0.94162
0.91987
0.94788
0.91748
0.90005
0.91076
0.92365
0.95602
1.01868
0.99478
0.96221
0.84306
0.83212
0.78221
0.79942
0.76469
0.79273
0.77748
0.71245
0.67123
0.67112
0.64721
0.76833
0.72278
0.80925
0.82863
0.83936
0.86521
0.86726
0.90393
0.96226
0.95565
0.98369
0.95328
0.95101
0.87732
0.87072
0.83598
0.78393
0.77951
0.7469
0.73378
0.75748
0.79634
0.78975
0.85025
0.88911
0.84356
0.87376
0.8715
0.84541
0.86478
0.86035
0.85373
0.8558
0.86003
0.82745
0.82086
0.86404
0.88341
0.91361
0.92649
0.96533
0.9912
1.03223
0.97153
1.00605
0.96482
1.00584
0.99491
0.98832
0.9644
0.9643
0.92308
0.88401
0.85143
0.84267
0.82525
0.85329
0.81424
0.80545
0.79669
0.7836
0.77484
0.77474
0.8006
0.83297
0.87399
0.85658
0.86297
0.891
0.91904
0.90378
0.86903
0.85593
0.82336
0.82758
0.76255
0.78193
0.78615
0.79471
0.75131
0.69925
0.66885
0.72286
0.70761
0.72048
0.65976
0.69861
0.6444
0.64214
0.68533
0.70471
0.74572
0.77593
0.79747
0.80386
0.80808
0.84045
0.85767
0.87918
0.8964
0.81188
0.82259
0.80083
0.82453
0.82225
0.81348
0.85884
0.81329
0.78071
0.78278
0.77185
0.85398
0.84306
0.88841
0.88615
0.84492
0.92058
0.86204
0.88141
0.90945
0.92234
0.96337
0.80741
0.76834
0.67299
0.69018
0.66193
0.58172
0.55131
0.51442
0.42774
0.38652
0.26087
0.36899
0.33206
0.36875
0.23011
0.1694
0.17796
0.16916
0.22965
0.16028
0.0541
0.09945
0.00844
-3.28983E-4
-0.04371
-0.01569
-0.01149
-0.06359
-0.06808
-0.13318
-0.07272
-0.04908
-0.10768
-0.0667
-0.03871
-0.05402
-0.03473
-0.02627
0.0406
0.05984
0.0315
0.03561
0.08519
0.13473
0.04357
0.02816
0.01495
-0.03288
-0.0266
-0.0852
-0.09615
-0.10493
-0.08773
-0.06188
-0.04901
0.03096
-0.03627
-0.02775
0.09765
0.13
0.15369
0.16656
0.13829
0.11652
0.05795
0.02968
0.05552
0.0922
0.16349
0.04863
0.03984
0.00293
6.41889E-4
0.07628
0.05018
0.00461
-0.02799
-0.08872
-0.05641
-0.11931
-0.08263
-0.10655
-0.07638
-0.13278
-0.16105
-0.16983
-0.14832
-0.13547
-0.14641
-0.15518
-0.14881
-0.16841
-0.15558
-0.19251
-0.15802
-0.13866
-0.09983
-0.0437
-0.03517
-0.0526
-0.05707
-0.05286
-0.05731
-0.03797
0.02034
-0.02091
-0.04918
-0.08178
-0.06675
-0.08419
-0.02804
-0.05198
-0.07158
-0.05872
-0.08481
-0.12823
-0.09589
-0.05922
0.01207
-0.05733
-0.05532
-0.01432
0.01587
0.08501
0.09137
0.07391
0.0846
0.12561
0.12765
0.06691
0.11008
0.0948
0.03622
-0.01801
-0.06793
-0.04212
0.0162
0.00526
-0.03816
-0.00581
0.04818
0.06321
0.10855
0.15387
0.17105
0.16227
0.12751
0.03864
0.06234
0.04707
0.01231
-0.00515
-0.08536
-0.11145
-0.13756
-0.09888
-0.04725
-0.02815
0.06456
0.06201
0.09632
0.06352
0.02852
0.09524
0.06461
0.0426
0.05526
-0.00789
-0.03642
-0.03462
-0.0739
-0.11102
-0.12434
-0.10086
-0.05576
-0.05177
-1.83387E-4
0.00598
0.01647
0.03126
0.0136
0.04142
0.06923
0.09706
0.05988
0.00325
0.05704
0.04373
0.00875
0.0993
0.07517
0.02501
-0.02082
0.03507
0.02825
0.07766
0.10759
0.10077
0.09395
0.11095
0.03704
0.05398
0.05364
0.1334
0.10279
0.11762
0.11511
0.10178
0.11011
0.11842
0.11807
0.08961
0.12608
0.11061
0.07349
0.03637
0.05985
-0.00541
-0.07726
-0.10573
-0.07362
-0.0523
-0.03755
-0.08553
-0.03391
-0.05588
-0.01512
-0.04147
-0.00286
0.07037
0.05918
-0.00176
-0.05188
-2.54177E-4
0.04695
0.02282
0.05712
0.0481
0.04344
0.0171
0.00595
0.04025
0.08101
0.09578
0.04567
0.00634
0.07306
0.03591
-0.0011
-0.03985
-0.02442
-0.02637
-0.04561
-0.08003
-0.04949
-0.04495
-0.06854
-0.12459
-0.10922
-0.07435
-0.03734
-0.01979
0.02807
0.04127
0.05014
0.03089
0.01603
0.02491
0.02081
0.03185
0.01909
0.02797
0.03686
-0.02783
-0.00378
0.00725
0.05075
0.08995
0.1118
0.09254
0.14257
0.16875
0.1235
0.08692
0.09578
0.09387
0.12658
0.1333
0.10537
0.03634
0.09284
0.04112
0.01753
0.02863
0.06135
0.02913
0.02936
-0.0397
-0.08277
-0.03275
0.02157
-0.00852
-0.01047
-0.05786
-0.05765
-0.11805
-0.06586
-0.1046
-0.09574
-0.11491
-0.10601
-0.06035
-0.01468
0.02016
0.1222
0.21766
0.36506
0.39342
0.41315
0.50211
0.59107
0.63675
0.65645
0.67833
0.70242
0.69613
0.66824
0.61867
0.6557
0.72085
0.71676
0.67368
0.63061
0.57672
0.60075
0.62912
0.57955
0.61223
0.63411
0.60186
0.61295
0.56992
0.65457
0.67429
0.7914
0.70288
0.66631
0.74013
0.72522
0.69947
0.66074
0.56788
0.51833
0.44927
0.43001
0.37827
0.40668
0.42638
0.43094
0.42902
0.38595
0.44895
0.52492
0.54897
0.56436
0.57324
0.59512
0.56719
0.55229
0.44214
0.45538
0.52704
0.52729
0.52324
0.56032
0.53675
0.49585
0.45066
0.47471
0.4706
0.52062
0.54248
0.5232
0.47367
0.4176
0.4135
0.4311
0.42483
0.40342
0.39933
0.36496
0.42363
0.39138
0.40677
0.49142
0.51331
0.52435
0.5419
0.59623
0.6311
0.63783
0.716
0.68378
0.64073
0.64747
0.61741
0.6696
0.71094
0.64622
0.58368
0.6077
0.61227
0.54539
0.51529
0.57611
0.59798
0.56789
0.50107
0.47105
0.47343
0.51696
0.45876
0.50447
0.59992
0.63478
0.60253
0.5335
0.52722
0.54261
0.59911
0.61232
0.58874
0.65173
0.60436
0.50507
0.52478
0.58994
0.59664
0.6142
0.60359
0.51512
0.52835
0.54371
0.49634
0.56798
0.579
0.58141
0.50587
0.54074
0.47172
0.51739
0.53931
0.52656
0.5636
0.62662
0.55756
0.57725
0.55368
0.53229
0.4611
0.53058
0.51131
0.50937
0.5594
0.51417
0.41697
0.45616
0.44995
0.46318
0.52616
0.56318
0.56124
0.5896
0.54222
0.54463
0.54054
0.62953
0.59514
0.65812
0.63453
0.6326
0.61548
0.5465
0.52077
0.54699
0.54288
0.58641
0.54116
0.53924
0.47671
0.46831
0.44478
0.43419
0.48852
0.46927
0.50632
0.47406
0.45045
0.49611
0.50281
0.46411
0.5033
0.54247
0.59246
0.58618
0.59938
0.60607
0.61926
0.65626
0.61752
0.59824
0.63957
0.60731
0.5621
0.50603
0.52572
0.48912
0.50448
0.46791
0.47247
0.43372
0.45773
0.42763
0.47329
0.48649
0.53215
0.54967
0.58451
0.56091
0.5741
0.54401
0.63296
0.5942
0.68315
0.65744
0.63383
0.66867
0.59961
0.61713
0.57188
0.61108
0.59189
0.54882
0.59668
0.49301
0.48889
0.53239
0.45251
0.52198
0.49405
0.5289
0.50312
0.47951
0.46028
0.48215
0.48883
0.47389
0.46761
0.48513
0.44853
0.48338
0.49441
0.5076
0.55326
0.55346
0.5212
0.56686
0.57574
0.50887
0.53939
0.54392
0.49867
0.48589
0.42982
0.43652
0.41075
0.3937
0.41338
0.40062
0.45061
0.44
0.44237
0.43825
0.39733
0.42134
0.36527
0.37632
0.41981
0.40702
0.41159
0.42046
0.40768
0.40356
0.42975
0.44944
0.47345
0.51695
0.51282
0.48273
0.49599
0.52433
0.49857
0.5399
0.52496
0.54468
0.56436
0.56457
0.54097
0.55633
0.5587
0.5351
0.52449
0.53119
0.51625
0.60304
0.60325
0.60561
0.58853
0.55411
0.56081
0.50478
0.49636
0.50522
0.53144
0.53165
0.47558
0.45414
0.4522
0.45459
0.48293
0.50262
0.52014
0.47277
0.44917
0.40392
0.38248
0.35892
0.42407
0.41562
0.41798
0.4052
0.40108
0.39696
0.45128
0.43201
0.40198
0.36322
0.36559
0.26191
0.27293
0.25584
0.29717
0.24543
0.22183
0.19825
0.15302
0.20519
0.20973
0.16668
0.11494
0.07402
0.05691
0.02249
0.01837
0.03372
-0.0072
0.006
-0.0544
-0.03469
-0.03659
0.0069
0.04174
0.0571
0.03782
0.03154
0.03391
0.06875
0.07328
0.12761
0.09536
0.11937
0.10445
0.05054
0.05292
0.01849
0.04038
0.05791
0.03218
0.03455
-0.03884
-0.04292
-0.02973
-0.05113
0.0032
-0.00739
-6.90455E-4
0.01034
-0.00461
-0.06068
-0.0583
-0.03429
-0.04058
-0.05552
-0.00769
-0.03778
-0.00944
-0.02868
-0.09125
-0.12134
-0.00209
0.00461
0.08274
0.08078
0.05718
0.06605
0.06409
0.09898
0.15546
0.1795
0.2295
0.18426
0.12386
0.06132
0.04638
0.06606
0.01648
0.02535
-0.03718
-0.09108
-0.0887
-0.12097
-0.16189
-0.10324
-0.12685
-0.10716
-0.10695
-0.1089
-0.13901
-0.14746
-0.12344
-0.08644
-0.05805
-0.0643
-0.01857
0.02493
0.03163
0.04699
0.04507
0.0864
0.07362
0.06733
0.03074
-0.00368
-0.02075
-0.11795
-0.13506
-0.10888
-0.16062
-0.17982
-0.18606
-0.15552
-0.1358
-0.10744
-0.03576
-0.02687
0.04696
0.02557
0.03887
0.09544
0.11663
0.12474
0.12206
0.10859
0.03884
-0.0374
0.00324
-0.03193
-0.03244
-0.08057
-0.06593
-0.03613
-0.04094
-0.04582
-0.03119
-0.01439
-0.01706
-0.03711
-0.05062
-0.02096
0.03047
-0.03502
-0.01822
-0.07075
-0.08653
-0.09577
-0.09634
-0.05148
-0.00231
0.0491
-0.0359
2.93345E-4
0.0127
0.00137
-0.0057
-0.00838
0.00843
0.06202
0.0096
-0.00821
-0.01733
0.11859
0.0467
0.06354
0.09768
0.1447
0.1809
0.21919
0.19904
0.17886
0.21274
0.17754
0.09689
0.09643
0.11327
0.08035
0.0517
0.04038
-0.00986
-0.04279
0.05632
0.02338
0.02944
0.08093
0.09778
0.07567
0.08608
0.11161
0.1025
0.11935
0.19682
0.14446
0.13317
0.09593
0.04347
0.01702
0.06203
0.04415
0.04359
0.03664
0.0232
-0.05524
-0.06214
-0.0516
-0.0492
-0.0511
-0.0054
-0.08525
-0.0244
-0.02634
0.03233
0.05638
0.11723
0.08931
0.07004
0.12655
0.10298
0.12489
0.18355
0.16001
0.1386
0.14965
0.14339
0.17174
0.22178
0.24151
0.24389
0.31988
0.27683
0.24461
0.1821
0.21048
0.16525
0.10488
0.05533
0.07287
0.06229
0.0452
0.03462
0.06516
0.06324
0.11974
0.13511
0.10503
0.15505
0.18128
0.19666
0.25316
0.25556
0.19949
0.15643
0.10687
0.06597
0.06618
0.08156
0.05147
0.05171
0.05198
-0.02354
0.02213
0.0267
0.01177
0.08775
0.13778
0.19428
0.17285
0.24018
0.2101
0.22981
0.27765
0.23892
0.28027
0.32598
0.33922
0.30698
0.24876
0.23817
0.22757
0.26459
0.24968
0.23691
0.25009
0.28928
0.2895
0.29623
0.32892
0.33348
0.37052
0.36426
0.32984
0.28894
0.31298
0.3067
0.27445
0.32231
0.2944
0.2232
0.21477
0.21504
0.20229
0.22415
0.23305
0.24842
0.27029
0.27484
0.20365
0.18222
0.24739
0.24977
0.2608
0.23943
0.25915
0.26805
0.28338
0.25547
0.24271
0.34034
0.38818
0.42953
0.41028
0.41485
0.45189
0.43912
0.4242
0.37463
0.37052
0.38374
0.30387
0.32575
0.25021
0.26776
0.26798
0.25085
0.20341
0.19061
0.23411
0.24728
0.24746
0.27362
0.25865
0.28048
0.23521
0.23323
0.28536
0.28771
0.32685
0.2989
0.28826
0.25382
0.23885
0.2347
0.21324
0.26537
0.22443
0.19863
0.27889
0.26824
0.21864
0.2448
0.24066
0.24517
0.22154
0.29966
0.27389
0.30441
0.25264
0.22252
0.21836
0.25534
0.21873
0.28384
0.31865
0.33398
0.32983
0.29537
0.26957
0.26759
0.22665
0.1987
0.19673
0.2337
0.17327
0.09769
0.07838
0.04393
0.0571
0.07464
0.08131
0.10963
0.1228
0.12731
0.16862
0.1753
0.25124
0.29471
0.26676
0.33404
0.40566
0.40584
0.4255
0.45383
0.48864
0.41089
0.44353
0.37012
0.34433
0.35539
0.34475
0.24752
0.27802
0.23491
0.21345
0.14437
0.20083
0.19019
0.20986
0.20788
0.24702
0.22989
0.26039
0.28438
0.31702
0.29123
0.3044
0.26133
0.31779
0.33746
0.38092
0.31401
0.26874
0.27976
0.25829
0.2563
0.33008
0.34975
0.35642
0.27003
0.26805
0.18164
0.22512
0.24262
0.22765
0.20403
0.17824
0.16545
0.16351
0.20266
0.22665
0.23766
0.24866
0.25534
0.28366
0.2557
0.25587
0.26687
0.2519
0.2088
0.15054
0.1399
0.11195
0.1381
0.14045
0.15146
0.19492
0.20813
0.20399
0.22149
0.24979
0.31275
0.31511
0.35426
0.3263
0.28103
0.2639
0.24027
0.2794
0.30775
0.25381
0.25183
0.25851
0.28467
0.29784
0.31101
0.33284
0.33952
0.36568
0.34205
0.42881
0.45713
0.48762
0.43586
0.47717
0.3951
0.40178
0.44958
0.40864
0.41097
0.38517
0.27496
0.27298
0.29266
0.33829
0.28006
0.3495
0.36267
0.25247
0.28296
0.29396
0.38289
0.41771
0.37677
0.33366
0.28406
0.27991
0.29092
0.30409
0.35406
0.35641
0.33278
0.2702
0.27254
0.31385
0.34867
0.40729
0.4183
0.35788
0.36672
0.37556
0.39739
0.41706
0.39561
0.37197
0.41115
0.38968
0.3639
0.35761
0.35346
0.34716
0.36465
0.39737
0.3803
0.35883
0.35035
0.28777
0.28362
0.26432
0.29698
0.29931
0.26052
0.25854
0.22625
0.23724
0.25915
0.21388
0.16644
0.17095
0.14949
0.06743
0.11523
0.14355
0.08313
0.04219
-0.03771
-0.01805
0.01677
0.03862
0.03231
0.00219
0.0435
-0.02341
-0.03622
0.03756
0.05939
0.08555
0.09439
0.08375
0.16618
0.17503
0.21199
0.19918
0.20369
0.17577
0.11102
0.07223
0.12004
0.09858
0.13339
0.06864
0.03634
0.00624
0.00642
0.05206
0.04359
0.05892
0.0656
0.04633
0.03353
0.01207
0.00576
0.03408
0.04074
0.04741
0.01729
0.03695
-0.01265
-0.01246
-0.03176
-0.05106
-0.07252
-0.02469
-0.10458
-0.0741
-0.05014
-0.10623
-0.11689
-0.03013
-0.004
0.03298
0.03098
0.02469
0.02921
0.06833
0.05551
0.05351
0.16841
0.18372
0.12979
0.10614
0.06303
0.03724
0.03309
-0.06413
-0.08775
-0.11571
-0.11554
-0.19545
-0.20826
-0.17346
-0.16246
-0.17962
-0.17087
-0.19247
-0.14698
-0.09715
-0.07763
-0.09923
-0.08405
-0.06019
-0.07314
-0.09042
-0.02328
0.03087
0.07853
0.06991
0.0548
0.09164
0.06137
0.12851
0.17833
0.16539
0.20007
0.18062
0.14387
0.14607
0.13312
0.12018
0.10074
0.12891
0.05536
0.02294
0.03164
0.04683
0.04904
0.03393
0.04046
0.02103
0.05353
0.05357
0.12721
0.13591
0.10997
0.07971
0.06893
0.04517
0.06468
0.09286
0.12104
0.07995
0.06917
-0.0152
-0.02382
-0.07139
-0.01724
-0.02803
-0.015
0.01967
-0.08852
-0.00406
3.0756E-4
-0.05593
-0.02775
0.01341
0.08055
0.04379
0.00919
-0.01891
-0.02536
0.02657
-0.03421
-0.06681
-0.0453
-0.01946
-0.03041
-0.0392
-0.00903
-0.03081
0.02747
-0.00296
0.01205
0.01407
0.06805
0.09173
0.05912
0.08928
0.06966
0.07385
0.12783
0.08007
0.05828
0.03434
0.06667
0.06221
0.05127
0.03165
-0.06155
-0.08766
-0.11594
-0.12258
-0.08161
-0.08392
-0.08839
-0.14265
-0.15794
-0.1754
-0.18637
-0.12158
-0.14337
-0.12619
-0.15882
-0.16329
-0.10933
-0.09432
-0.12477
-0.09029
-0.04064
0.00249
-0.06259
-0.04541
-0.07151
0.00845
-0.03714
-0.0611
-0.04608
-0.02674
-0.08964
-0.15472
-0.18299
-0.142
-0.09885
-0.08817
-0.1316
-0.10359
-0.11021
-0.15797
-0.15377
-0.13442
-0.06312
-0.10871
-0.11533
-0.15444
-0.11129
-0.06381
-0.0596
-0.09005
-0.03823
-0.03406
-0.02337
-0.06463
-0.00199
0.00437
0.02156
-0.04999
-0.10641
-0.15632
-0.14348
-0.13712
-0.1286
-0.14174
-0.10076
-0.11605
-0.15298
-0.12066
-0.07101
-0.07548
-0.02366
0.01516
0.01068
0.00621
0.01255
-0.01141
0.0036
0.09003
0.14181
0.13084
0.21727
0.2063
0.24295
0.2493
0.21021
0.21439
0.21425
0.21844
0.14038
0.0753
0.07084
-0.01589
-0.03335
-0.06595
-0.08124
-0.00994
-0.01873
-0.01021
-0.03198
0.0047
0.02403
0.0607
0.01512
0.02798
0.03218
0.02773
0.02759
0.05993
0.09226
0.10945
0.10936
0.13957
0.15464
0.23032
0.24323
0.1847
0.19542
0.14989
0.13899
0.08913
0.0609
0.1106
0.0499
0.01734
0.01509
0.04747
0.14262
0.14687
0.16195
0.12724
0.10118
0.12274
0.05773
0.07063
0.03592
0.02284
-0.01405
-0.0596
-0.09002
-0.0598
-0.03391
-0.03183
-0.02759
-0.02768
-0.06024
-0.00189
0.01535
0.01528
3.26067E-5
-0.00439
-0.01096
0.04956
0.08195
0.05373
0.10775
0.12065
0.06645
0.04472
0.05545
0.06835
0.12237
0.09414
0.01829
0.03335
0.06139
-0.01012
-0.04919
-0.01031
-0.01471
-0.00398
0.03489
-0.02797
-0.03021
-0.01732
-0.01091
-0.011
0.0517
0.07326
0.04719
0.04926
0.05783
0.0296
0.07713
0.13332
0.14188
0.12015
0.13088
0.10914
0.12853
0.18256
0.18464
0.10879
0.09789
0.11945
0.05011
0.09115
0.08458
0.10398
0.08009
0.07569
0.01932
0.01706
0.04943
0.02553
-0.01785
0.04482
0.04907
0.11392
0.05539
0.06612
0.10283
0.0811
0.094
0.12853
0.15008
0.11103
0.07415
0.00696
-0.0862
-0.04733
-0.06473
-0.07347
-0.06058
-0.0823
-0.09539
-0.07816
-0.04795
-0.02856
-0.01351
0.00372
-0.02884
-0.03975
-0.08096
-0.06157
-0.07465
-0.12237
-0.1506
-0.09875
-0.12698
-0.18119
-0.17697
-0.19436
-0.18363
-0.13826
-0.14917
-0.08649
-0.05626
-0.05634
-0.06942
-0.05003
0.00833
0.01474
0.03413
0.03621
-0.0223
-0.02888
-0.08091
-0.0442
-0.05511
-0.08767
-0.08992
-0.08568
-0.05978
-0.02523
-0.00126
0.0423
0.05987
0.05801
0.04747
0.08018
0.08476
0.08069
0.12426
0.11373
0.07942
0.05586
0.10371
0.11693
0.14748
0.10013
0.09175
0.092
0.09876
0.05788
0.07114
0.03026
0.05215
0.01993
-0.01011
0.00527
0.01202
0.06857
0.09046
0.07341
0.07799
0.07824
0.1759
0.13069
0.14395
0.13774
0.12507
0.19458
0.12339
0.09332
0.13902
0.14144
0.10274
0.01423
0.04479
-0.01988
-1.06218E-4
-0.00201
-0.04504
-0.0188
-0.00554
-0.02692
-0.04614
-0.03719
0.00417
0.00665
0.02641
0.01587
0.02909
0.01418
0.00576
-0.03513
-0.03051
0.01086
0.0111
-0.03196
-0.05769
-0.08123
-0.06368
-0.09154
-0.0826
-0.052
0.01104
-0.02769
-0.02307
-0.00115
0.05541
0.13578
0.19231
0.17093
0.23398
0.22774
0.22149
0.18508
0.20267
0.1618
0.13395
0.12988
0.06527
0.03313
0.0919
0.05334
0.06882
-0.01527
-0.01711
-0.03196
-0.00562
-9.88166E-4
-0.03313
-0.01989
-0.00899
-0.04571
-0.06294
-0.03039
0.03247
7.40426E-5
-0.01067
-0.03223
-0.017
0.02421
-0.00818
-0.01676
-0.05131
-0.05556
-0.09444
-0.12467
-0.06183
-0.03796
-0.05954
-0.08976
-0.09835
-0.07664
-0.06359
-0.03539
-0.00719
-0.04609
-0.01356
0.00165
0.01473
0.07756
0.11009
0.11881
0.1297
0.17307
0.21426
0.17536
0.2382
0.24909
0.22101
0.22326
0.15839
0.16927
0.18232
0.21052
0.12617
0.06131
0.05056
0.05495
0.02255
0.05508
0.07462
0.092
0.10072
0.08131
0.08787
0.09659
0.1616
0.18764
0.14009
0.21159
0.19434
0.19224
0.21611
0.16422
0.13182
0.13404
0.14061
0.11255
0.0953
0.13217
0.01968
-0.01272
0.01981
0.00256
0.05459
0.1499
0.16728
0.16519
0.15877
0.2281
0.20218
0.08464
0.03708
0.12156
0.17357
0.17363
0.18884
0.22354
0.14785
0.21934
0.19992
0.21513
0.19572
0.18063
0.15473
0.14613
0.10074
0.08566
0.01646
0.07714
0.03824
0.01883
0.00807
-0.00918
-0.0221
-0.02204
-0.08475
-0.06303
-0.07379
-0.02611
-0.02388
-0.04329
-0.02375
-0.03018
0.01317
0.02621
0.03277
0.05232
0.05888
0.07193
0.09582
0.10887
0.13057
0.08302
0.08527
0.00309
0.01181
-0.04441
-0.03351
0.02283
0.05536
0.04893
0.06414
0.01658
0.07725
0.09895
0.15962
0.14453
0.1749
0.16414
0.14906
0.10366
0.0994
0.06915
0.10817
0.04547
0.02173
-0.0215
-0.03876
0.01543
0.01982
0.04152
0.03509
0.00919
-0.01673
0.00282
-0.01877
0.00294
0.01384
0.02473
0.0118
0.08113
0.06821
0.05963
0.07918
0.08358
0.01871
0.05991
0.03833
0.03842
0.03632
0.05587
0.00399
0.00838
0.00412
-0.01746
0.00426
0.04761
0.09963
0.11688
0.09946
0.08852
0.01266
0.00605
-0.06333
0.02746
0.04468
0.04889
0.00981
-0.02276
-0.04666
-0.02079
-0.01008
-0.02751
-0.01031
0.01989
-0.05382
-0.0193
-0.03239
-4.10023E-5
-0.03478
-0.02407
-0.03499
-0.04158
-0.00705
0.00367
0.01221
-8.86805E-4
-0.0183
-0.01407
-0.00337
0.02683
0.03755
0.03528
0.02433
0.0264
0.01763
0.02402
0.07587
0.05196
0.03454
-0.00886
0.02784
0.01692
0.05576
0.02968
0.02309
-0.00732
-0.0334
-0.03351
-0.04444
-0.00126
0.02461
-0.03176
-0.02754
-0.08826
-0.06888
-0.03436
-0.02798
-0.04108
-0.0953
-0.0651
-0.11066
-0.08696
-0.08922
-0.03956
-0.00503
0.04897
0.02288
0.03359
0.08543
0.15459
0.15232
0.19117
0.19538
0.21041
0.16269
0.13228
0.08672
0.11258
0.16658
0.15132
0.13174
0.10567
0.07743
0.04919
0.08587
0.02949
0.06834
0.08772
0.08761
0.02474
0.04844
0.04834
0.08286
0.08058
0.08263
0.07171
0.11273
0.11913
0.12119
0.11244
0.15996
0.08625
0.058
0.0514
0.07509
0.08581
0.08353
0.13321
0.18073
0.20226
0.1632
0.11115
0.18896
0.20401
0.18009
0.13453
0.10628
0.14727
0.12336
0.04533
0.04955
0.09056
0.13158
0.13147
0.10973
0.13993
0.16795
0.18515
0.13093
0.12867
0.14805
0.12629
0.15433
0.10661
0.09352
0.11289
0.14524
0.13215
0.17966
0.12543
0.13398
0.09058
0.11427
0.07521
0.1054
0.11612
0.10518
0.04231
0.07684
0.08105
0.10042
0.06351
0.07855
0.06762
0.01989
0.03925
0.03047
0.02821
0.00212
-0.04129
-0.03924
0.00828
-0.02429
0.00373
0.00146
0.08577
0.10513
0.07688
0.07892
0.09397
0.14148
0.12622
0.08931
0.13466
0.14754
0.15177
0.12569
0.08878
0.04756
0.05826
0.03218
0.01043
-0.00483
0.01886
-0.02887
-0.04195
-0.03773
-0.04648
-0.03144
0.04853
0.06789
0.09376
0.07849
0.07406
0.06096
0.09549
0.0456
0.03467
0.06271
0.05395
0.06251
0.01263
0.04498
0.04921
0.03612
0.06633
0.09219
0.12238
0.14392
0.0832
0.07011
-0.00145
0.00927
0.0611
0.08696
0.0652
0.05644
0.04767
0.09735
0.09941
0.15343
0.16847
0.23546
0.23318
0.14865
0.15286
0.15925
0.17645
0.1785
0.1654
0.13715
0.10674
0.13909
0.10001
0.11506
0.10845
0.10402
0.15586
0.09515
0.09503
0.10574
0.12294
0.11633
0.09891
0.11179
0.11818
0.1289
0.10932
0.04428
0.06798
0.04189
0.0656
0.09796
0.14548
0.14321
0.14743
0.15816
0.21
0.22937
0.22061
0.23349
0.25934
0.18997
0.09462
0.08801
0.06843
0.08563
0.0985
0.09189
0.07013
0.16742
0.16299
0.15856
0.21473
0.24492
0.23832
0.23604
0.19697
0.15573
0.09715
0.12734
0.09475
0.07732
0.0837
0.04458
0.0704
0.04648
0.07668
0.12202
0.16301
0.18239
0.19527
0.17352
0.18424
0.20145
0.1862
0.14931
0.1622
0.11664
0.06026
0.08181
0.07521
0.06428
0.00358
0.01213
-0.03991
-0.04654
-0.01421
-0.0035
7.2877E-4
0.03959
0.00702
-0.00823
-0.02566
0.04351
0.04557
0.0801
0.04319
0.05175
0.03866
0.04505
0.02331
-0.05688
-0.02885
-0.04194
-0.09182
-0.06811
-0.05309
-0.01207
-0.03598
-0.06638
-0.05999
-0.07741
-0.01042
-0.01484
-0.0301
0.01309
-0.03679
-0.10399
-0.11058
-0.09337
-0.07398
-0.05895
-0.01576
-0.00938
0.06412
0.10514
0.05309
0.08979
0.17844
0.20215
0.20854
0.23225
0.18453
0.18876
0.14753
0.09761
0.09963
0.13413
0.12534
0.07326
0.08389
0.09455
0.05979
0.12892
0.07468
0.0594
0.08307
0.06993
0.061
0.08886
0.07565
0.05594
0.00597
0.01231
0.00785
0.05533
0.10931
0.10486
0.13719
0.14355
0.17805
0.22121
0.22108
0.2231
0.24028
0.20335
0.22486
0.21821
0.18128
0.14218
0.17452
0.00337
-0.00975
-0.03803
-0.02301
0.01148
0.00269
0.00255
0.04138
0.01095
0.0238
-0.00664
0.06681
0.05369
0.10116
0.04904
0.02077
0.01848
-0.04656
-0.08347
-0.06626
-0.04472
-0.06865
-0.00815
-0.04505
-0.01485
1.84345E-4
-0.01508
0.00645
0.01284
0.04736
0.08621
0.04714
0.05351
0.00795
0.06628
-0.01177
0.03357
0.05294
0.03985
0.03973
0.01364
0.01569
0.03071
0.0717
0.04991
0.04979
0.06915
0.05604
0.04293
0.05362
0.07297
0.08367
0.03592
0.05743
0.08976
0.13077
0.09383
0.10669
0.10657
0.11944
0.09767
0.09754
0.09093
0.06701
0.02578
-0.02195
-0.07401
-0.04381
0.00369
0.0512
0.00564
0.0618
0.0357
0.04857
0.10473
0.11111
0.12831
0.11089
0.10861
0.09335
0.01099
0.06067
0.01727
0.0691
0.02351
-0.02422
-0.04382
-0.10886
-0.01373
-0.01818
-0.03993
0.02922
0.04644
0.13508
0.08951
0.11321
0.16288
0.20173
0.21678
0.17338
0.1408
0.10605
0.0648
0.02789
-0.06314
-0.05891
-0.07202
-0.04615
-0.10903
-0.07451
-0.08112
-0.07689
-0.10947
-0.1507
-0.2006
-0.231
-0.24843
-0.20525
-0.2638
-0.19249
-0.16662
-0.12993
-0.11705
-0.09118
-0.01986
0.0493
0.07083
0.10318
0.06629
0.09647
0.05741
0.0508
0.0139
-0.02301
0.01369
-0.02321
-0.04713
-0.00395
0.01542
0.04563
0.03903
0.01294
-0.05427
-0.05005
-0.01336
-0.02429
-0.0179
0.00797
-0.01382
-0.0464
-0.00105
0.01832
0.01389
0.0181
-0.00148
-0.00809
-0.04933
-0.03211
-0.06037
-0.03883
-0.03028
-0.12996
-0.15173
-0.08907
-0.09135
-0.04167
-0.03963
0.00788
-0.02903
-0.02265
-0.06605
-0.06184
-0.02732
-0.07289
-0.07734
-0.08611
-0.11436
-0.08633
-0.09943
-0.05624
-0.05418
0.03228
0.01917
0.04287
0.08606
0.08162
0.07502
0.08573
0.0813
0.09632
0.07239
0.06363
-0.01873
-0.02318
-0.06874
-0.06236
-0.04082
1.98795E-4
-0.0129
-0.03682
-0.0456
-0.02407
-0.04164
0.04024
0.04421
0.03734
0.03048
-0.00891
-0.04614
-0.08759
-0.06198
-0.06452
-0.04536
0.0019
-0.03306
-0.0226
-0.00562
0.02
0.01967
0.03663
0.06875
0.06841
0.09405
0.09586
0.07821
0.01075
0.01687
-0.00947
0.00535
0.01798
0.02197
0.0411
0.00826
-0.00294
-0.00769
-0.07089
-0.0302
-0.02847
-0.02014
-0.03999
-0.02952
-0.05583
-0.05835
-0.03919
-0.05035
-0.05286
-0.00994
0.01786
0.06728
0.09509
0.06438
0.09219
0.17625
0.17587
0.16035
0.12535
0.09256
0.08573
0.05507
-0.0037
-0.08414
-0.091
-0.10653
-0.12211
-0.11167
-0.10121
-0.05826
-0.08458
-0.04596
-0.04414
-0.02717
0.06339
0.07384
0.11243
0.09695
0.10741
0.14167
0.17165
0.20595
0.17314
0.16631
0.14215
0.15693
0.21716
0.15185
0.13416
0.10352
0.0772
0.0379
0.03322
0.03501
0.01521
-0.00897
-0.02878
-0.08325
-0.06847
-0.04282
-0.06916
-0.07171
-0.05908
-0.01183
-0.00571
0.03288
0.09961
0.07109
0.06206
0.05308
-0.00348
0.03108
0.02669
0.06558
0.03739
0.0568
0.0589
0.07399
0.12804
0.11066
0.11059
0.16031
0.17756
0.16883
0.11682
0.12758
0.12318
0.09715
0.0711
-0.00689
0.02334
-0.02868
-0.01793
-0.06778
-0.08733
-0.03328
-0.02901
-0.03774
-0.04429
-0.06384
-0.05092
-0.06397
-0.0359
-0.00998
0.00943
-0.01011
-0.05996
-0.13146
-0.11421
-0.10561
-0.08403
-0.07544
-0.06035
-0.03445
-0.0475
-0.02375
0.02164
0.03672
0.07562
0.07556
0.08631
0.07109
0.09484
0.08395
0.08388
0.07948
0.07942
0.06636
0.07711
0.07056
0.04885
0.0293
0.0379
0.09194
0.08321
0.11994
0.09607
0.08951
0.12407
0.08937
0.10013
0.15418
0.20389
0.20816
0.15398
0.13876
0.11705
0.08451
0.08012
0.06491
0.07783
0.07776
0.00844
0.01703
0.00614
-0.01774
0.02765
-0.00922
0.05349
0.03827
0.0512
0.01001
-0.02253
0.01636
-0.0573
-0.04654
-0.03579
-0.01854
-0.00129
-0.01434
0.03755
0.018
0.0937
0.12393
0.17489
0.19999
0.23483