0
1.714
2.398
5.016
6.406
7.775
8.946
10.263
11.604
12.828
14.062
15.459
16.627
17.911
19.074
20.392
21.56
22.834
24.016
25.275
26.431
27.764
28.954
30.221
31.387
32.659
33.869
35.433
36.637
37.879
39.1
40.366
41.559
42.817
43.988
45.268
46.635
47.834
49.109
50.327
51.565
52.79
53.998
55.214
56.48
57.628
58.944
60.102
61.404
62.604
63.849
65.01
66.392
67.694
68.864
70.134
71.297
72.597
73.8
75.045
76.212
77.522
78.756
79.975
81.104
82.43
83.591
84.724
85.96
87.137
88.435
89.604
90.882
92.038
93.321
94.551
95.804
97.167
98.306
99.456
100.714
102.088
103.265
104.547
105.732
106.995
108.162
109.452
110.654
111.925
113.079
114.372
115.556
116.826
117.977
119.292
120.474
121.772
122.955
124.226
125.407
126.673
128.039
129.201
130.504
131.637
132.978
134.12
135.426
136.571
137.703
138.952
140.12
141.424
142.608
143.885
145.038
146.332
147.482
148.802
149.964
151.248
152.383
153.705
154.903
156.161
157.544
158.953
160.309
161.705
162.854
164.141
165.294
166.602
167.759
168.898
170.125
171.311
172.589
173.805
175.04
176.223
177.521
178.667
179.992
181.169
182.432
183.635
184.869
186.053
187.361
188.5
189.803
191
192.273
193.442
194.727
196.108
197.473
198.624
199.766
201.031
202.216
203.455
204.611
205.948
207.115
208.394
209.577
210.836
212.01
213.314
214.462
215.768
216.922
218.228
219.398
220.674
221.907
223.121
224.322
225.59
226.757
228.032
229.187
230.505
231.686
232.96
234.187
235.417
236.616
237.87
239.08
240.345
241.523
242.782
244.182
245.316
246.632
247.834
249.09
250.294
251.555
252.757
254.019
255.139
256.262
257.53
258.647
259.987
261.166
262.444
263.628
264.926
266.092
267.374
268.585
269.828
270.982
272.285
273.443
274.738
275.94
277.205
278.421
279.672
280.838
282.115
283.288
284.57
285.729
287.045
288.209
289.5
290.653
291.949
293.132
294.412
295.566
296.866
298.034
299.185
300.403
301.573
302.875
304.049
305.324
306.513
307.778
308.953
310.258
311.606
313.002
314.376
315.572
316.822
318.009
319.289
320.492
321.757
322.938
324.188
325.369
326.653
327.821
329.108
330.263
331.431
332.672
333.874
335.105
336.306
337.563
338.739
340.036
341.227
342.482
343.858
345.035
346.351
347.524
348.782
349.965
351.246
352.397
353.701
354.862
356.166
357.313
358.604
359.746
360.848
362.135
363.319
364.618
365.762
367.058
368.242
369.523
370.667
371.97
373.122
374.435
375.577
376.881
378.287
379.453
380.72
381.912
383.187
384.364
385.654
386.863
388.109
389.284
390.549
391.751
393.01
394.195
395.461
396.633
397.934
399.103
400.388
401.574
402.848
403.999
405.299
406.504
407.773
408.976
410.211
411.394
412.694
413.861
415.127
416.521
417.917
419.291
420.44
421.734
422.924
424.209
425.414
426.665
427.859
429.122
430.302
431.57
432.753
434.037
435.253
436.527
437.695
438.956
440.159
441.401
442.581
443.848
444.978
446.151
447.397
448.572
449.848
451.015
452.313
453.483
454.767
456.142
457.334
458.6
459.77
461.071
462.209
463.361
464.607
465.743
467.042
468.269
469.512
470.701
471.968
473.141
474.455
475.656
476.877
478.038
479.354
480.57
481.789
482.961
484.253
485.476
486.708
487.851
489.001
490.248
491.418
492.722
493.89
495.182
496.348
497.614
498.797
500.073
501.213
502.563
503.913
505.112
506.378
507.577
508.825
509.977
511.294
512.461
513.768
514.939
516.21
517.425
518.69
519.89
521.141
522.268
523.575
524.776
526.03
527.206
528.487
529.665
530.95
532.09
533.254
534.504
535.719
536.935
538.119
539.396
540.564
541.852
543.018
544.328
545.495
546.783
547.982
549.22
550.431
551.682
552.897
554.168
555.335
556.597
557.773
559.06
560.269
561.534
562.737
563.976
565.13
566.441
567.841
569.058
570.275
571.461
572.74
573.919
575.187
576.338
577.646
578.855
580.105
581.34
582.578
583.729
585.053
586.236
587.486
588.67
589.934
591.113
592.386
593.549
594.716
595.942
597.08
598.383
599.574
600.831
602.007
603.3
604.5
605.746
606.945
608.232
609.41
610.678
611.846
613.151
614.318
615.58
616.766
618.034
619.273
620.646
621.91
623.256
624.455
625.714
626.922
628.173
629.341
630.64
631.807
633.088
634.251
635.569
636.769
638.051
639.25
640.466
641.683
642.922
644.122
645.407
646.541
647.833
649.007
650.313
651.689
652.876
654.145
655.303
656.607
657.795
659.078
660.245
661.526
662.662
663.967
665.161
666.426
667.597
668.885
670.058
671.349
672.551
673.805
674.971
676.28
677.412
678.714
679.857
681.19
682.554
683.736
685.024
686.218
687.471
688.673
689.927
691.115
692.406
693.767
694.931
696.22
697.394
698.698
699.853
701.139
702.301
703.439
704.708
706.078
707.239
708.529
709.713
710.977
712.145
713.435
714.609
715.892
717.065
718.342
719.49
720.807
721.989
723.262
724.422
725.731
726.954
728.171
729.344
730.628
731.818
733.086
734.493
735.68
736.926
738.113
739.398
740.587
741.851
742.989
744.308
745.712
746.856
748.148
749.291
750.616
751.789
753.056
754.25
755.517
756.729
757.997
759.179
760.425
761.616
762.893
764.077
765.359
766.558
767.813
769.025
770.267
771.451
772.747
774.103
775.492
776.694
777.95
779.129
780.404
781.543
782.701
783.951
785.151
786.408
787.616
788.851
790.018
791.33
792.511
793.768
794.926
796.238
797.408
798.682
799.915
801.132
802.333
803.598
804.745
806.154
807.446
808.645
809.895
811.11
812.376
813.578
814.812
816.015
817.284
818.466
819.719
820.904
822.175
823.358
824.638
825.816
827.115
828.493
829.693
830.952
832.154
833.402
834.585
835.857
837.235
838.42
839.703
840.867
842.167
843.332
844.631
845.78
847.066
848.233
849.541
850.715
851.998
853.182
854.431
855.646
856.896
858.069
859.365
860.512
861.811
862.983
864.286
865.458
866.725
868.125
869.293
870.563
871.741
873.044
874.229
875.488
876.721
877.937
879.135
880.404
881.587
882.864
884.078
885.314
886.699
888.086
889.289
890.549
891.935
893.095
894.383
895.861
897.135
898.837
900.547
902.228
903.896
905.596
907.273
909.062
910.663
912.344
914.059
915.515
917.125
918.823
920.482
922.174
923.892
925.607
927.269
928.97
930.619
932.309
934.012
935.715
937.4
939.097
940.867
942.767
944.278
945.569
947.24
948.684
950.313
951.978
953.669
955.377
957.059
958.56
959.955
961.511
963.277
964.606
966.123
967.759
969.44
971.076
972.736
974.407
976.122
977.804
979.618
981.208
982.887
984.552
986.252
987.942
989.608
991.296
993.008
994.738
996.431
998.081
999.743
1001.451
1003.127
1004.828
1006.5
1008.027
1009.594
1011.127
1012.975
1014.675
1016.165
1017.809
1019.492
1021.123
1022.788
1024.554
1026.178
1027.871
1029.577
1031.23
1032.957
1034.702
1036.358
1038.019
1039.688
1041.402
1043.081
1044.75
1046.464
1048.13
1049.831
1051.516
1053.28
1054.928
1056.611
1058.276
1059.964
1061.643
1063.342
1065.023
1066.714
1068.718
1070.422
1072.425
1074.09
1075.787
1077.318
1078.87
1080.554
1082.234
1083.921
1085.618
1087.337
1088.819
1090.399
1092.072
1093.767
1095.236
1096.841
1098.53
1100.199
1101.719
1103.329
1104.986
1106.498
1108.053
1109.189
1110.326
1111.587
1112.747
1114.024
1115.191
1116.309
1117.585
1118.751
1120.014
1121.177
1122.316
1123.556
1124.737
1126.004
1127.128
1128.238
1129.56
1130.686
1132.007
1133.161
1134.285
1135.535
1136.718
1138.002
1139.368
1140.498
1141.898
1143.616
1145.233
1146.914
1148.596
1150.284
1151.812
1153.446
1155.05
1156.728
1158.442
1159.942
1161.287
1162.597
1163.776
1165.026
1166.211
1167.509
1168.885
1170.258
1171.456
1172.738
1174.099
1175.306
1176.575
1177.775
1179.004
1180.177
1181.468
1182.684
1183.913
1185.117
1186.385
1187.609
1188.843
1190.031
1191.287
1192.498
1193.773
1194.966
1196.23
1197.612
1198.801
1200.061
1201.447
1202.806
1203.997
1205.278
1206.512
1207.743
1209.109
1210.317
1211.569
1212.782
1214.022
1215.24
1216.49
1217.673
1218.959
1220.345
1221.573
1222.788
1224.007
1225.253
1226.453
1227.71
1228.922
1230.152
1231.337
1232.629
1233.842
1235.1
1236.452
1237.649
1238.91
1240.101
1241.377
1242.617
1243.849
1245.065
1246.28
1247.463
1248.765
1249.946
1251.214
1252.412
1253.652
1254.877
1256.125
1257.354
1258.578
1259.777
1261.041
1262.41
1263.618
1264.895
1266.08
1267.379
1268.71
1269.907
1271.174
1272.349
1273.629
1274.832
1276.088
1277.287
1278.552
1279.731
1281.012
1282.201
1283.464
1284.635
1285.941
1287.317
1288.683
1289.873
1291.154
1292.532
1293.745
1295.002
1296.373
1297.738
1299.202
1300.665
1302.012
1303.312
1304.758
1306.105
1307.458
1308.944
1310.199
1311.575
1312.948
1314.167
1315.407
1316.612
1317.857
1319.072
1320.339
1321.705
1323.121
1324.29
1325.538
1326.772
1327.997
1329.137
1330.458
1331.848
1333.236
1334.461
1335.686
1337.088
1338.455
1339.849
1341.045
1342.298
1343.808
1345.379
1347.058
1348.733
1350.235
1351.823
1353.492
1355.193
1356.895
1358.375
1359.992
1361.791
1363.48
1365.057
1366.542
1368.13
1369.942
1371.775
1373.475
1374.9
1376.865
1378.315
1379.93
1381.612
1383.608
1385.028
1386.419
1387.797
1389.461
1390.88
1392.245
1393.602
1394.996
1396.75
1398.363
1400.034
1401.733
1403.125
1404.492
1405.94
1407.565
1409.559
1411.292
1412.957
1414.646
1416.039
1417.555
1419.224
1421.089
1422.785
1424.273
1425.86
1427.387
1429.242
1430.934
1432.599
1434.309
1436.115
1437.682
1439.365
1440.881
1442.498
1444.146
1445.83
1447.621
1449.214
1450.893
1452.579
1454.084
1455.657
1457.336
1459.031
1460.524
1462.092
1463.783
1465.478
1466.925
1468.551
1470.251
1471.928
1473.619
1475.153
1476.718
1478.403
1479.899
1481.465
1482.944
1484.519
1486.232
1487.909
1489.586
1491.294
1492.982
1494.363
1495.544
1496.818
1498.007
1499.273
1500.521
1501.775
1503.127
1504.792
1506.492
1508.175
1509.875
1511.556
1513.24
1514.973
1516.679
1518.405
1520.038
1521.755
1523.378
1525.17
1526.934
1528.504
1530.201
1531.334
1532.621
1533.782
1535.061
1536.281
1537.514
1538.901
1540.597
1542.304
1543.974
1545.447
1547.191
1548.778
1550.445
1551.972
1553.577
1555.225
1556.692
1558.27
1559.789
1561.406
1563.022
1564.729
1566.41
1568.14
1569.827
1571.469
1573.167
1574.854
1576.626
1578.317
1580.055
1581.935
1583.699
1585.601
1587.356
1589.054
1591.003
1592.494
1594.046
1595.748
1597.436
1599.129
1600.86
1602.502
1604.183
1605.893
1607.558
1609.262
1611.264
1612.932
1614.64
1616.322
1618.036
1619.731
1621.383
1623.069
1624.535
1626.144
1627.832
1629.524
1630.982
1632.393
1634.027
1635.669
1637.366
1639.047
1640.738
1642.421
1644.196
1646.111
1647.914
1649.794
1651.496
1653.515
1655.194
1656.875
1658.556
1660.248
1661.772
1663.396
1665.021
1666.701
1668.403
1670.07
1671.759
1673.461
1674.985
1676.234
1677.601
1678.801
1680.084
1681.283
1682.541
1683.709
1684.975
1686.166
1687.448
1688.649
1690.03
1691.338
1692.665
1694.035
1695.428
1696.803
1698.194
1699.431
1700.677
1702.075
1703.74
1705.191
1706.788
1708.48
1710.19
1711.849
1713.555
1715.238
1716.921
1718.671
1720.61
1722.173
1723.692
1725.231
1726.85
1728.534
1730.135
1731.882
1733.601
1735.216
1736.901
1738.397
1739.962
1741.43
1743.045
1744.551
1746.153
1747.81
1749.489
1750.896
1752.869
1754.614
1756.273
1757.954
1759.634
1761.396
1763.056
1764.721
1766.479
1768.221
1770.073
1771.771
1773.491
1775.202
1776.825
1778.542
1780.225
1781.682
1783.291
1784.967
1786.654
1788.113
1789.734
1791.445
1793.105
1794.928
1796.829
1798.509
1800.304
1801.867
1803.58
1805.323
1806.973
1808.645
1810.124
1811.474
1812.789
1813.986
1815.259
1816.639
1818.019
1819.237
1820.449
1821.853
1823.058
1824.301
1825.52
1826.767
1827.984
1829.219
1830.411
1831.676
1832.85
1834.15
1835.505
1836.747
1837.963
1839.167
1840.472
1841.812
1843.206
1844.413
1845.643
1847.028
1848.433
1849.81
1851.008
1852.257
1853.659
1855.008
1856.207
1857.466
1858.674
1859.926
1861.119
1862.406
1863.792
1865.163
1866.554
1867.761
1868.996
1870.221
1871.47
1872.668
1873.919
1875.301
1876.523
1877.744
1878.967
1880.218
1881.603
1882.986
1884.181
1885.428
1886.609
1887.89
1889.1
1890.363
1891.724
1892.929
1894.196
1895.399
1896.649
1897.871
1899.11
1900.328
1901.589
1902.793
1904.011
1905.259
1906.577
1907.859
1909.057
1910.306
1911.488
1912.779
1913.983
1915.253
1916.427
1917.696
1918.93
1920.171
1921.385
1922.617
1923.817
1925.087
1926.439
1927.835
1929.05
1930.285
1931.504
1932.75
1934.115
1935.323
1936.58
1937.971
1939.184
1940.433
1941.646
1942.89
1944.095
1945.352
1946.715
1947.912
1949.194
1950.377
1951.628
1952.842
1954.091
1955.316
1956.541
1957.741
1959.024
1960.222
1961.466
1962.693
1963.938
1965.121
1966.403
1967.757
1969.165
1970.385
1971.604
1972.992
1974.202
1975.437
1976.651
1977.909
1979.302
1980.507
1981.789
1983.13
1984.314
1985.599
1986.968
1988.197
1989.43
1990.614
1991.882
1993.097
1994.34
1995.557
1996.8
1998.205
1999.578
2000.959
2002.174
2003.407
2004.59
2005.849
2007.058
2008.308
2009.506
2010.782
2011.972
2013.255
2014.621
2015.994
2017.215
2018.452
2019.831
2021.219
2022.453
2023.666
2024.918
2026.155
2027.524
2028.722
2029.966
2031.165
2032.551
2033.831
2035.186
2036.582
2037.953
2039.18
2040.44
2041.813
2043.021
2044.25
2045.648
2046.861
2048.424
2049.793
2050.996
2052.258
2053.416
2054.724
2055.906
2057.177
2058.562
2059.745
2061.021
2062.222
2063.454
2064.856
2066.221
2067.61
2068.814
2070.083
2071.29
2072.513
2073.764
2074.982
2076.351
2077.751
2078.982
2080.244
2081.591
2082.959
2084.367
2085.73
2087.129
2088.495
2090.225
2091.992
2093.611
2095.26
2096.958
2098.638
2100.474
2102.006
2103.701
2105.408
2107.076
2108.772
2110.457
2112.153
2113.846
2115.221
2116.904
2118.597
2120.324
2122.054
2123.677
2125.366
2127.049
2128.732
2130.45
2132.114
2133.813
2135.272
2136.905
2138.612
2140.31
2142.002
2143.721
2145.363
2147.026
2148.707
2150.409
2152.078
2153.532
2155.176
2156.873
2158.554
2160.23
2161.934
2163.621
2165.131
2166.686
2168.384
2170.051
2171.766
2173.45
2175.151
2176.815
2178.499
2179.998
2181.597
2183.277
2184.987
2186.653
2188.114
2189.518
2190.912
2192.495
2193.966
2195.561
2197.238
2198.975
2200.762
2202.307
2204.086
2205.723
2207.388
2209.07
2210.787
2212.532
2214.137
2215.831
2217.346
2219.217
2220.902
2222.618
2224.599
2226.271
2227.999
2229.663
2231.131
2232.762
2234.424
2236.112
2237.798
2239.508
2241.294
2243.176
2244.876
2246.556
2248.258
2249.958
2251.701
2253.388
2255.018
2256.508
2258.18
2259.755
2261.285
2262.851
2264.529
2266.224
2267.65
2269.282
2270.671
2272.068
2273.576
2275.23
2276.833
2278.331
2279.949
2281.415
2283.006
2284.336
2286.066
2288.131
2290.029
2291.726
2293.217
2295.107
2296.798
2298.263
2299.854
2301.284
2302.67
2304.149
2305.704
2307.41
2309.089
2310.787
2312.779
2314.536
2316.197
2317.838
2319.664
2321.33
2323.043
2324.932
2326.572
2328.265
2329.964
2331.652
2333.351
2335.13
2337.028
2338.711
2340.431
2342.118
2343.803
2345.507
2347.155
2348.848
2350.586
2352.257
2353.656
2354.832
2356.088
2357.454
2358.854
2360.236
2361.419
2362.673
2363.904
2365.133
2366.535
2367.901
2369.142
2370.418
2371.733
2372.951
2374.199
2375.418
2376.654
2377.848
2379.129
2380.315
2381.632
2382.946
2384.353
2385.56
2386.798
2388.012
2389.251
2390.639
2392.03
2393.409
2394.613
2395.877
2397.074
2398.336
2399.557
2400.793
2402.011
2403.221
2404.634
2405.836
2407.06
2408.28
2409.537
2410.908
2412.117
2413.47
2414.751
2416.14
2417.358
2418.595
2419.832
2421.051
2422.268
2423.498
2424.698
2425.96
2427.169
2428.427
2429.812
2430.998
2432.262
2433.639
2434.838
2436.116
2437.499
2438.7
2439.938
2441.109
2442.394
2443.595
2444.909
2446.244
2447.442
2448.689
2449.925
2451.217
2452.539
2453.72
2455.008
2456.392
2457.594
2458.837
2460.02
2461.286
2462.487
2463.755
2465.146
2466.55
2467.91
2469.284
2470.677
2472.062
2473.434
2474.651
2475.894
2477.264
2478.48
2479.72
2480.956
2482.188
2483.392
2484.651
2486.03
2487.431
2488.813
2490.173
2491.56
2492.76
2494.007
2495.192
2496.475
2497.86
2499.058
2500.319
2501.522
2502.774
2503.994
2505.297
2506.638
2507.989
2509.371
2510.588
2511.819
2513.002
2514.292
2515.479
2516.75
2518.15
2519.526
2520.884
2522.118
2523.375
2524.754
2526.131
2527.502
2528.706
2529.967
2531.348
2532.564
2533.8
2535.17
2536.566
2537.787
2539.027
2540.411
2541.783
2542.952
2544.254
2545.48
2546.7
2547.926
2549.175
2550.538
2551.758
2553.023
2554.372
2555.571
2556.849
2558.225
2559.921
2561.291
2562.671
2564.061
2565.287
2566.528
2567.904
2569.1
2570.368
2571.735
2573.137
2574.506
2575.901
2577.082
2578.346
2579.719
2580.93
2582.199
2583.558
2584.784
2586.04
2587.246
2588.512
2589.872
2591.084
2592.327
2593.537
2594.816
2596.158
2597.374
2598.619
2600.024
2601.375
2602.609
2603.855
2605.213
2606.615
2608.002
2609.369
2610.589
2611.836
2613.219
2614.593
2615.985
2617.386
2618.734
2620.12
2621.52
2622.9
2624.266
2625.648
2627.036
2628.413
2629.799
2631.196
2632.555
2633.962
2635.342
2636.708
2638.102
2639.465
2640.876
2642.261
2643.624
2645.007
2646.379
2647.775
2649.145
2650.373
2651.609
2653.009
2654.368
2655.601
2656.853
2658.222
2659.437
2660.681
2661.905
2663.153
2664.503
2665.896
2667.274
2668.519
2669.749
2671.135
2672.501
2673.877
2675.126
2676.362
2677.715
2679.108
2680.496
2681.865
2683.079
2684.349
2685.723
2687.101
2688.327
2689.562
2690.762
2692.01
2693.227
2694.476
2695.693
2696.947
2698.325
2699.695
2700.88
2702.151
2703.391
2704.611
2706.002
2707.371
2708.588
2709.825
2711.223
2712.398
2713.69
2714.886
2716.126
2717.503
2718.7
2719.985
2721.355
2722.721
2723.971
2725.208
2726.567
2727.798
2729.033
2730.405
2731.649
2732.875
2734.262
2735.651
2737.008
2738.403
2739.597
2740.852
2742.227
2743.616
2744.82
2746.069
2747.296
2748.541
2749.933
2751.324
2752.68
2754.074
2755.472
2756.852
2758.223
2759.605
2760.974
2762.362
2763.742
2764.939
2766.22
2767.589
2768.818
2770.034
2771.433
2772.816
2774.033
2775.311
2776.64
2777.84
2779.098
2780.321
2781.563
2782.798
2784.031
2785.399
2786.78
2788.174
2789.383
2790.623
2791.861
2793.093
2794.469
2795.859
2797.225
2798.443
2799.713
2801.073
2802.297
2803.663
2804.912
2806.125
2807.357
2808.757
2809.974
2811.238
2812.578
2813.97
2815.352
2816.552
2817.82
2819.196
2820.585
2821.768
2823.031
2824.233
2825.492
2826.71
2827.942
2829.141
2830.398
2831.787
2833.164
2834.561
2835.949
2837.313
2838.561
2839.797
2841.003
2842.234
2843.626
2844.838
2846.071
2847.48
2848.674
2849.909
2851.308
2852.67
2854.053
2855.438
2856.836
2858.212
2859.605
2860.982
2862.735
2864.356
2866.039
2867.751
2869.429
2871.43
2873.156
2874.806
2876.482
2878.281
2879.881
2881.241
2882.639
2883.862
2885.116
2886.496
2887.712
2888.948
2890.311
2891.71
2893.428
2895.243
2897.074
2898.782
2900.54
2902.457
2904.176
2905.89
2907.572
2909.505
2911.517
2913.236
2914.971
2916.642
2918.353
2920.268
2921.959
2923.742
2925.633
2927.483
2929.147
2931.02
2933.031
2934.828
2936.533
2938.41
2940.148
2941.859
2943.777
2945.577
2947.458
2949.278
2950.957
2952.519
2953.962
2955.419
2956.689
2958.046
2959.245
2960.521
2961.918
2963.27
2965.044
2966.702
2968.451
2970.094
2972.034
2973.412
2974.784
2976.015
2977.264
2978.465
2979.701
2980.88
2982.181
2983.407
2984.651
2986.028
2987.255
2988.533
2989.897
2991.23
2992.636
2994.003
2995.378
2996.775
2997.973
2999.228
3000.615
3001.984
3003.373
3004.593
3005.823
3007.207
3008.588
3009.791
3011.055
3012.424
3013.821
3015.192
3016.601
3017.954
3019.339
3020.569
3021.816
3023.183
3024.568
3025.74
3027.022
3028.424
3029.797
3031.17
3032.381
3033.62
3034.864
3036.145
3037.469
3038.845
3040.063
3041.31
3042.51
3043.766
3045.146
3046.339
3047.593
3048.808
3050.059
3051.434
3052.839
3054.222
3055.639
3056.97
3058.372
3059.604
3060.819
3062.202
3063.585
3064.986
3066.354
3067.726
3068.941
3070.211
3071.583
3072.972
3074.332
3075.716
3077.098
3078.48
3079.864
3081.257
3082.615
3083.997
3085.23
3086.505
3087.844
3089.235
3090.619
3092
3093.219
3094.461
3095.824
3097.231
3098.606
3099.98
3101.373
3102.758
3104.149
3105.505
3106.756
3108.021
3109.354
3110.587
3111.838
3113.214
3114.585
3115.978
3117.352
3118.729
3120.1
3121.315
3122.659
3123.937
3125.164
3126.415
3127.801
3129.182
3130.548
3131.8
3133.12
3134.395
3135.767
3137.164
3138.535
3139.912
3141.128
3142.377
3143.751
3145.158
3146.375
3147.613
3148.981
3150.168
3151.458
3152.84
3154.209
3155.586
3156.987
3158.359
3159.749
3161.14
3162.491
3163.886
3165.261
3166.669
3168.023
3169.27
3170.534
3171.862
3173.249
3174.632
3176.034
3177.415
3178.789
3180.179
3181.569
3182.946
3184.329
3185.711
3187.098
3188.479
3189.86
3191.227
3192.621
3194.01
3195.372
3196.593
3197.857
3199.225
3200.601
3201.973
3203.173
3204.438
3205.813
3207.22
3208.573
3209.972
3211.376
3212.746
3214.128
3215.5
3216.891
3218.095
3219.357
3220.74
3222.119
3223.483
3224.854
3226.277
3227.616
3229.016
3230.39
3231.766
3233.154
3234.535
3235.935
3237.308
3238.508
3239.778
3241.145
3242.518
3243.911
3245.145
3246.427
3247.758
3249.123
3250.522
3251.896
3253.604
3255.273
3256.96
3258.669
3260.338
3262.071
3263.865
3265.455
3267.13
3268.801
3270.483
3272.165
3273.897
3275.572
3277.23
3278.965
3280.654
3282.383
3284.079
3285.712
3287.381
3289.062
3290.774
3292.452
3293.641
3294.922
3296.123
3297.373
3298.74
3299.957
3301.231
3302.593
3303.791
3305.342
3307.051
3308.753
3310.472
3312.114
3313.651
3315.483
3316.873
3318.364
3319.966
3321.624
3323.332
3325.134
3326.731
3328.402
3330.096
3331.876
3333.501
3335.143
3336.844
3338.836
3340.307
3341.91
3343.446
3345.035
3346.662
3348.362
3350.088
3351.737
3353.235
3355.751
3357.565
3359.102
3360.554
3362.261
3363.666
3365.247
3366.651
3368.181
3370.014
3371.714
3373.497
3375.131
3376.765
3378.47
3380.297
3381.948
3383.527
3385.228
3386.91
3388.594
3390.148
3391.739
3393.711
3395.39
3396.856
3398.436
3399.832
3401.509
3403.224
3404.887
3406.57
3408.385
3409.973
3411.334
3412.535
3413.81
3415.172
3416.347
3417.718
3419.151
3420.449
3421.8
3423.197
3424.908
3426.541
3428.06
3429.629
3430.995
3432.529
3433.896
3435.596
3437.152
3438.592
3440.222
3441.727
3443.305
3444.751
3446.073
3447.428
3448.652
3449.99
3451.338
3452.722
3454.106
3455.837
3457.524
3459.201
3461.097
3462.789
3464.486
3466.248
3467.882
3469.263
3470.698
3472.333
3474.005
3475.697
3477.529
3479.383
3481.078
3482.776
3484.461
3485.982
3487.525
3488.99
3490.59
3492.111
3493.66
3495.37
3497.168
3498.736
3500.435
3502.13
3503.813
3505.56
3507.191
3508.714
3510.328
3511.946
3513.636
3515.346
3517.013
3518.559
3520.133
3521.786
3523.488
3525.167
3526.693
3528.246
3529.911
3531.607
3533.101
3534.696
3536.385
3538.086
3539.765
3541.451
3543.133
3544.812
3546.372
3547.981
3549.663
3551.063
3552.678
3554.422
3555.728
3557.115
3558.498
3559.888
3561.271
3562.659
3564.033
3565.417
3566.786
3568.194
3569.54
3570.929
3572.313
3573.718
3575.072
3576.482
3577.853
3579.23
3580.601
3582.013
3583.39
3584.778
3586.144
3587.513
3588.914
3590.296
3591.677
3592.895
3594.148
3595.508
3596.885
3598.115
3599.409
3600.722
3601.94
3603.194
3604.591
3605.965
3607.339
3608.723
3610.11
3611.512
3612.88
3614.254
3615.625
3617.024
3618.408
3619.801
3621.152
3622.567
3623.92
3625.143
3626.415
3627.784
3629.167
3630.529
3631.906
3633.296
3634.678
3636.063
3637.446
3638.846
3640.211
3641.612
3642.996
3644.359
3645.759
3647.12
3648.36
3649.607
3650.952
3652.357
3653.723
3655.108
3656.34
3657.61
3658.95
3660.336
3661.705
3662.953
3664.209
3665.574
3666.943
3668.319
3669.702
3670.928
3672.2
3673.553
3674.949
3676.329
3677.709
3679.077
3680.466
3681.83
3683.238
3684.613
3685.982
3687.377
3688.745
3690.143
3691.516
3692.894
3694.294
3695.658
3697.045
3698.451
3699.809
3701.214
3702.584
3703.977
3705.353
3706.73
3708.104
3709.496
3710.921
3712.273
3713.636
3715.026
3716.388
3717.806
3719.181
3720.552
3721.919
3723.151
3724.4
3725.771
3726.985
3728.224
3729.617
3730.983
3732.363
3733.778
3735.13
3736.52
3737.913
3739.146
3740.394
3741.756
3743.149
3744.527
3745.911
3747.277
3748.675
3750.046
3751.426
3752.799
3754.035
3755.31
3756.647
3758.032
3759.405
3760.789
3762.188
3763.558
3764.941
3766.348
3767.703
3769.097
3770.495
3771.864
3773.237
3774.609
3775.818
3777.091
3778.452
3779.838
3781.243
3782.618
3783.981
3785.181
3786.446
3787.831
3789.036
3790.316
3791.686
3793.038
3794.445
3795.822
3797.209
3798.587
3799.962
3801.36
3802.726
3804.119
3805.491
3806.874
3808.26
3809.645
3811.02
3812.407
3813.804
3815.19
3816.554
3817.947
3819.31
3820.719
3822.09
3823.467
3824.866
3826.223
3827.618
3829.001
3830.391
3831.763
3833.135
3834.58
3836.3
3837.929
3839.914
3841.311
3842.746
3844.346
3845.779
3847.243
3849.117
3850.848
3852.506
3854.197
3855.866
3857.425
3859.015
3860.631
3862.314
3864.015
3865.509
3867.084
3868.794
3870.462
3871.955
3873.556
3875.244
3876.924
3878.45
3880.02
3881.453
3883.073
3885.07
3886.594
3888.127
3889.599
3891.21
3892.886
3894.593
3896.274
3897.971
3899.661
3901.358
3903.028
3904.855
3906.707
3908.209
3909.792
3911.495
3913.305
3915.159
3916.986
3918.585
3920.231
3921.938
3923.622
3925.32
3927.005
3928.501
3930.06
3931.819
3933.447
3934.831
3936.649
3938.233
3939.731
3941.326
3942.959
3944.672
3946.337
3948.036
3949.555
3951.187
3952.789
3954.316
3955.868
3957.328
3958.734
3960.35
3962.017
3963.54
3965.206
3967.086
3968.862
3970.768
3972.494
3974.471
3976.215
3977.965
3979.594
3981.212
3982.912
3984.364
3985.983
3987.675
3989.357
3990.819
3992.442
3993.964
3995.49
3997.201
3998.909
4000.56
4002.259
4003.755
4005.343
4007.027
4008.726
4010.251
4011.79
4013.468
4014.992
4016.641
4018.232
4019.915
4021.631
4023.317
4025.006
4026.671
4028.372
4030.053
4031.748
4033.45
4035.179
4037.142
4038.639
4040.195
4041.658
4043.277
4044.962
4046.661
4048.36
4050.043
4051.726
4053.41
4055.108
4056.793
4058.494
4060.181
4061.855
4063.243
4064.622
4065.999
4067.377
4068.771
4070.169
4071.544
4072.936
4074.3
4075.702
4077.088
4078.466
4079.857
4081.213
4082.597
4083.981
4085.382
4086.73
4087.929
4089.198
4090.596
4091.791
4093.095
4094.428
4096.41
4098.126
4099.874
4101.575
4103.18
4104.876
4106.629
4108.308
4109.947
4111.941
4113.926
4115.742
4117.436
4119.313
4121.106
4122.984
4124.682
4126.433
4128.359
4130.234
4132.064
4134.064
4135.881
4137.747
4139.747
4141.495
4143.228
4145.126
4147.122
4148.908
4150.842
4152.61
4154.792
4156.488
4158.16
4160.158
4161.676
4163.251
4164.758
4166.337
4168.118
4170.132
4171.78
4173.702
4175.696
4177.362
4179.131
4180.757
4182.275
4183.82
4185.5
4187.017
4188.575
4190.272
4191.82
4193.376
4194.851
4196.502
4198.095
4199.619
4201.326
4203.173
4204.914
4206.856
4208.607
4210.271
4211.738
4212.992
4214.225
4215.465
4216.838
4218.221
4219.623
4220.995
4222.385
4223.775
4225.152
4226.549
4227.892
4229.288
4230.674
4232.061
4233.463
4234.832
4236.2
4237.579
4238.97
4240.345
4241.745
4243.127
4244.486
4245.877
4247.278
4248.664
4250.011
4251.425
4252.825
4254.191
4255.541
4256.942
4258.325
4259.695
4261.071
4262.472
4263.837
4265.23
4266.62
4267.983
4269.381
4270.758
4272.15
4273.521
4274.901
4276.126
4277.383
4278.752
4280.149
4281.519
4282.898
4284.281
4285.669
4287.038
4288.419
4289.796
4291.196
4292.561
4293.956
4295.352
4296.737
4298.108
4299.474
4300.866
4302.252
4303.712
4305.121
4306.478
4307.789
4309.155
4310.556
4311.925
4313.328
4314.717
4316.072
4317.471
4318.838
4320.223
4321.59
4322.994
4324.369
4325.739
4326.956
4328.235
4329.583
4330.98
4332.365
4333.732
4335.137
4336.521
4337.908
4339.282
4340.645
4341.864
4343.131
4344.495
4345.86
4347.247
4348.646
4350.036
4351.39
4352.8
4354.157
4355.563
4356.939
4358.317
4359.686
4361.085
4362.488
4363.845
4365.238
4366.608
4367.987
4369.218
4370.451
4371.694
4372.917
4374.3
4375.674
4376.885
4378.148
4379.517
4380.897
4382.284
4383.498
4384.763
4386.118
4387.347
4388.663
4389.979
4391.178
4392.411
4393.604
4394.879
4396.243
4397.443
4398.744
4400.108
4401.474
4402.852
4404.258
4405.633
4407.021
4408.404
4409.771
4410.976
4412.237
4413.619
4414.986
4416.22
4417.475
4418.838
4420.217
4421.717
4422.984
4424.199
4425.432
4426.668
4427.902
4429.099
4430.365
4431.73
4433.138
4434.339
4435.578
4436.774
4438.031
4439.261
4440.523
4441.867
4443.259
4444.628
4445.879
4447.092
4448.49
4449.882
4451.239
4452.456
4453.8
4455.083
4456.489
4457.841
4459.244
4460.619
4461.827
4463.096
4464.444
4465.825
4467.053
4468.286
4469.688
4470.903
4472.135
4473.516
4474.751
4476.008
4477.384
4478.733
4479.963
4481.205
4482.598
4483.961
4485.188
4486.532
4487.801
4489.027
4490.295
4491.631
4493.041
4494.415
4495.808
4497.161
4498.393
4499.645
4501.012
4502.397
4503.641
4504.864
4506.266
4507.623
4509.013
4510.377
4511.759
4513.15
4514.554
4515.924
4517.303
4518.678
4520.06
4521.283
4522.531
4523.918
4525.3
4526.666
4528.366
4530.047
4531.732
4533.422
4534.935
4536.591
4538.511
4540.196
4541.96
4543.587
4544.761
4546.036
4547.398
4548.775
4550.154
4551.542
4552.932
4554.31
4555.688
4557.708
4559.131
4560.604
4562.153
4563.853
4565.569
4567.523
4569.534
4571.201
4572.893
4574.587
4576.297
4578.114
4579.982
4581.981
4583.764
4585.662
4587.645
4589.333
4591.393
4593.412
4595.326
4597.326
4599.143
4601.041
4603.306
4605.106
4606.851
4608.539
4610.372
4612.07
4614.074
4616.069
4617.749
4619.537
4621.734
4623.751
4625.749
4627.515
4629.498
4631.412
4633.13
4634.616
4636.247
4638.195
4640.187
4641.888
4643.29
4644.938
4646.473
4648.338
4649.72
4651.14
4652.816
4654.479
4656.156
4657.922
4659.529
4661.22
4662.754
4664.296
4665.986
4667.669
4669.368
4671.115
4672.818
4674.434
4676.133
4677.897
4679.648
4681.515
4683.347
4685.313
4687.211
4688.929
4691.178
4693.177
4694.944
4697.176
4699.009
4700.858
4702.857
4705.154
4707.206
4709.456
4711.471
4713.454
4715.437
4717.235
4718.866
4720.518
4721.732
4722.988
4724.382
4725.734
4727.12
4728.515
4729.888
4731.282
4732.638
4734.022
4735.426
4736.8
4738.167
4739.409
4740.655
4742.028
4743.413
4744.791
4745.993
4747.256
4748.658
4750.026
4751.4
4752.786
4754.16
4755.532
4756.909
4758.291
4759.522
4760.809
4762.148
4763.537
4764.914
4766.305
4767.688
4769.069
4770.431
4771.82
4773.051
4774.267
4775.659
4777.05
4778.433
4779.813
4781.179
4782.415
4783.653
4785.049
4786.43
4787.813
4789.165
4790.406
4791.644
4793.014
4794.407
4795.778
4797.157
4798.365
4799.726
4801.064
4802.389
4803.759
4805.023
4806.275
4807.609
4809.011
4810.394
4811.744
4812.959
4814.226
4815.603
4816.988
4818.357
4819.747
4820.988
4822.208
4823.584
4824.768
4826.036
4827.252
4828.519
4829.885
4831.267
4832.65
4834.027
4835.264
4836.518
4837.857
4839.249
4840.632
4842.023
4843.396
4844.612
4845.86
4847.259
4848.626
4850.009
4851.218
4852.465
4853.852
4855.233
4856.604
4858
4859.42
4860.789
4862.451
4864.303
4866.151
4868.136
4870.155
4871.939
4873.8
4875.8
4877.583
4879.503
4881.264
4883.195
4885.014
4886.88
4888.588
4890.348
4891.929
4893.635
4895.331
4897.024
4898.496
4900.094
4901.786
4903.446
4904.908
4906.537
4908.056
4909.594
4911.287
4912.991
4914.685
4916.419
4918.051
4919.733
4921.45
4923.204
4924.935
4926.632
4928.488
4930.032
4931.616
4933.364
4934.959
4936.633
4938.393
4940.331
4942.145
4944.028
4945.777
4947.693
4949.448
4951.105
4952.875
4954.616
4956.773
4958.458
4960.434
4962.143
4963.825
4965.837
4967.519
4969.207
4970.892
4972.431
4973.971
4976.332
4979.021
4981.332
4983.231
4985.645
4987.627
4989.494
4991.512
4993.826
4996.099
4998.116
5000.381
5002.191
5004.673
5006.989
5008.997
5011.287
5013.337
5015.586
5017.59
5019.585
5021.438
5023.273
5025.282
5027.252
5029.88
5032.283
5034.479
5037.101
5039.162
5041.512
5044.011
5046.375
5048.611
5050.925
5053.314
5055.37
5057.338
5059.514
5061.96
5064.137
5066.423
5068.435
5070.435
5072.482
5074.721
5076.715
5078.723
5080.723
5082.746
5085.018
5087.028
5089.031
5091.076
5093.031
5094.998
5097.039
5099.106
5101.291
5103.294
5105.296
5107.295
5109.903
5112.293
5114.599
5116.818
5118.835
5121.132
5123.248
5125.13
5127.416
5130.041
5132.347
5134.025
5135.706
5137.396
5139.195
5141.113
5142.912
5144.776
5146.492
5148.459
5149.976
5151.658
5153.358
5155.03
5156.64
5158.304
5159.989
5161.804
5163.653
5165.387
5166.851
5168.469
5170.112
5171.918
5173.807
5175.841
5177.799
5179.494
5181.232
5182.862
5185.835
5187.794
5189.928
5191.765
5193.766
5195.767
5197.825
5199.804
5201.574
5203.44
5205.136
5206.986
5209.135
5211.127
5212.836
5214.522
5216.5
5218.201
5219.896
5221.569
5223.565
5225.059
5226.639
5228.641
5230.334
5232.041
5233.865
5235.528
5237.41
5239.072
5240.781
5242.253
5243.84
5245.259
5246.624
5248.121
5249.756
5251.471
5253.06
5255.685
5257.988
5260.42
5262.335
5264.584
5266.06
5267.66
5269.184
5270.809
5272.717
5274.717
5276.715
5278.515
5280.432
5282.147
5284.097
5285.896
5287.768
5289.473
5291.231
5292.944
5295.159
5296.592
5298.038
5299.36
5300.741
5302.074
5303.458
5304.844
5306.217
5307.589
5308.985
5310.372
5311.756
5313.12
5314.519
5315.905
5317.285
5318.638
5320.021
5321.403
5322.803
5324.186
5325.551
5326.959
5328.333
5329.699
5331.082
5332.489
5333.868
5335.235
5336.622
5337.996
5339.397
5340.782
5342.156
5343.542
5344.916
5346.326
5347.685
5349.088
5350.441
5351.84
5353.202
5354.608
5355.986
5357.372
5358.75
5360.123
5361.511
5362.909
5364.288
5365.674
5367.085
5368.423
5369.802
5371.198
5372.554
5373.956
5375.321
5376.726
5378.098
5379.479
5380.848
5382.233
5383.616
5385.004
5386.38
5387.784
5389.162
5390.546
5391.936
5393.314
5394.687
5396.076
5397.468
5398.819
5400.205
5401.594
5402.993
5404.362
5405.737
5407.14
5408.504
5409.889
5411.284
5412.706
5414.05
5415.452
5416.898
5418.2
5419.57
5420.958
5422.35
5423.713
5425.116
5426.494
5427.882
5429.26
5430.624
5432.006
5433.399
5434.768
5436.296
5437.656
5438.978
5440.302
5441.687
5443.085
5444.444
5445.846
5447.22
5448.591
5449.974
5451.373
5452.74
5454.123
5455.508
5456.922
5458.265
5459.671
5461.044
5462.421
5463.798
5465.203
5466.586
5468.001
5469.356
5470.799
5472.108
5473.482
5474.862
5476.298
5477.63
5479.02
5480.406
5481.792
5483.778
5485.561
5487.464
5489.147
5491.153
5493.159
5494.981
5496.822
5498.82
5500.822
5502.838
5504.623
5506.519
5508.186
5509.905
5511.684
5513.583
5515.384
5517.087
5518.938
5520.953
5522.648
5524.463
5526.014
5528.034
5529.834
5531.711
5533.695
5535.378
5537.693
5539.459
5541.369
5543.392
5545.432
5547.677
5549.757
5551.714
5553.68
5555.436
5557.348
5559.055
5561.057
5562.746
5564.418
5566.136
5567.79
5569.487
5571.481
5573.182
5574.87
5576.551
5578.239
5579.93
5581.78
5583.029
5584.382
5585.778
5587.171
5588.528
5589.92
5591.31
5592.691
5594.069
5595.443
5596.825
5598.225
5599.672
5600.968
5602.377
5603.755
5605.131
5606.493
5607.992
5609.894
5611.591
5613.259
5614.944
5616.666
5618.45
5620.346
5622.332
5624.022
5625.847
5627.697
5629.712
5631.382
5633.078
5635.077
5636.509
5638.454
5640.235
5641.864
5643.525
5645.06
5646.691
5648.285
5649.967
5651.672
5653.354
5654.874
5656.489
5657.948
5659.195
5660.568
5661.953
5663.352
5664.718
5666.201
5668.132
5669.885
5671.799
5673.789
5675.5
5677.183
5678.862
5680.588
5682.22
5683.783
5685.443
5687.312
5688.989
5690.689
5692.69
5694.362
5696.065
5698.041
5699.775
5701.49
5703.205
5704.803
5706.491
5708.289
5710.187
5711.952
5713.918
5715.562
5717.25
5718.651
5720.01
5721.4
5722.778
5724.154
5725.535
5726.947
5728.32
5729.691
5731.092
5732.448
5733.861
5735.256
5736.61
5737.991
5739.393
5740.771
5742.141
5743.517
5744.892
5746.28
5747.674
5749.042
5750.426
5751.825
5753.189
5754.623
5755.971
5757.354
5758.775
5760.103
5761.499
5762.869
5764.265
5765.649
5767.034
5768.401
5769.794
5771.183
5772.56
5773.933
5775.315
5776.7
5778.07
5779.472
5780.851
5782.224
5783.63
5784.987
5786.395
5787.766
5789.192
5790.532
5791.91
5793.322
5794.691
5796.059
5797.425
5798.816
5800.206
5801.577
5802.958
5804.337
5805.72
5807.134
5808.493
5809.887
5811.277
5812.645
5814.02
5815.417
5816.805
5818.183
5819.543
5820.94
5822.334
5823.716
5825.07
5826.48
5827.877
5829.231
5830.618
5832
5833.398
5834.753
5836.162
5837.532
5838.921
5840.296
5841.692
5843.077
5844.439
5845.808
5847.208
5848.596
5849.97
5851.368
5852.739
5854.121
5855.486
5856.871
5858.271
5859.631
5861.031
5862.417
5863.796
5865.167
5866.568
5867.951
5869.32
5870.699
5872.08
5873.464
5874.861
5876.247
5877.631
5878.987
5880.398
5881.764
5883.141
5884.544
5885.916
5887.286
5888.691
5890.067
5891.443
5892.845
5894.21
5895.582
5896.991
5898.349
5899.739
5901.12
5902.506
5903.882
5905.271
5906.639
5908.019
5909.413
5910.788
5912.17
5913.584
5914.944
5916.33
5917.71
5919.092
5920.466
5921.871
5923.231
5924.632
5925.996
5927.381
5928.778
5930.153
5931.656
5933.026
5934.345
5935.671
5937.058
5938.438
5939.843
5941.218
5942.583
5943.965
5945.36
5946.74
5948.108
5949.506
5950.905
5952.286
5953.661
5955.037
5956.413
5957.803
5959.196
5960.553
5961.953
5963.344
5964.711
5966.151
5967.471
5968.856
5970.233
5971.615
5973.015
5974.401
5975.767
5977.148
5978.529
5979.935
5981.311
5982.678
5984.092
5985.447
5986.827
5988.211
5989.592
5990.994
5992.359
5993.755
5995.158
5996.525
5997.88
5999.274
6000.692
6002.06
6003.413
6004.803
6006.17
6007.568
6008.94
6010.347
6011.743
6013.115
6014.486
6015.851
6017.258
6018.616
6019.998
6021.399
6022.784
6024.153
6025.537
6026.927
6028.329
6029.7
6031.061
6032.463
6033.826
6035.225
6036.609
6037.995
6039.367
6040.734
6042.149
6043.523
6044.907
6046.274
6047.675
6049.04
6050.409
6051.812
6053.19
6054.582
6055.941
6057.325
6058.728
6060.084
6061.496
6062.866
6064.235
6065.616
6066.997
6068.541
6070.107
6071.475
6072.848
6074.248
6075.632
6077.019
6078.363
6079.748
6081.132
6082.534
6083.894
6085.278
6086.677
6088.041
6089.443
6090.809
6092.226
6093.591
6094.989
6096.34
6097.73
6099.127
6100.492
6101.869
6103.271
6104.655
6106.024
6107.418
6108.805
6110.185
6111.545
6112.934
6114.315
6115.699
6117.087
6118.471
6119.849
6121.226
6122.614
6123.984
6125.396
6126.753
6128.146
6129.513
6130.927
6132.282
6133.676
6135.055
6136.435
6137.841
6139.296
6140.602
6141.973
6143.343
6144.739
6146.123
6147.498
6148.881
6150.26
6151.632
6153.035
6154.405
6155.808
6157.169
6158.559
6159.934
6161.336
6162.717
6164.092
6165.465
6166.88
6168.232
6169.608
6170.997
6172.398
6173.845
6175.162
6176.548
6177.904
6179.315
6180.696
6182.05
6183.446
6184.843
6186.224
6187.603
6188.974
6190.364
6191.723
6193.108
6194.511
6195.884
6197.255
6198.657
6200.039
6201.403
6202.82
6204.171
6205.551
6206.945
6208.347
6209.703
6211.113
6212.479
6213.851
6215.227
6216.607
6218.015
6219.389
6220.776
6222.148
6223.55
6224.905
6226.312
6227.683
6229.062
6230.436
6231.814
6233.225
6234.59
6235.973
6237.347
6238.734
6240.112
6241.508
6242.917
6244.272
6245.642
6247.022
6248.412
6249.805
6251.186
6252.571
6253.955
6255.337
6256.719
6258.083
6259.477
6260.85
6262.234
6263.622
6265.006
6266.382
6267.769
6269.141
6270.547
6271.923
6273.296
6274.67
6276.062
6277.461
6278.83
6280.22
6281.593
6282.963
6284.35
6285.744
6287.133
6288.525
6289.876
6291.292
6292.653
6294.034
6295.437
6296.821
6298.178
6299.553
6300.939
6302.352
6303.72
6305.118
6306.473
6307.871
6309.273
6310.636
6312.053
6313.388
6314.781
6316.168
6317.554
6318.939
6320.294
6321.695
6323.062
6324.464
6325.848
6327.214
6328.609
6329.978
6331.361
6332.761
6334.142
6335.513
6336.891
6338.286
6339.66
6341.054
6342.413
6343.792
6345.177
6346.578
6347.948
6349.322
6350.725
6352.086
6353.489
6354.868
6356.252
6357.634
6359.013
6360.384
6361.764
6363.197
6364.551
6365.916
6367.31
6368.748
6370.094
6371.479
6372.94
6374.345
6375.68
6376.997
6378.379
6379.758
6381.159
6382.532
6383.907
6385.273
6386.654
6388.058
6389.422
6390.823
6392.206
6393.594
6394.959
6396.344
6397.717
6399.105
6400.48
6401.869
6403.245
6404.632
6406.004
6407.383
6408.774
6410.166
6411.545
6412.915
6414.308
6415.765
6417.106
6418.466
6419.828
6421.229
6422.596
6423.977
6425.361
6426.771
6428.128
6429.529
6430.915
6432.296
6433.664
6435.049
6436.423
6437.807
6439.206
6440.574
6441.973
6443.329
6444.729
6446.164
6447.506
6448.871
6450.326
6451.644
6453.009
6454.405
6455.777
6457.184
6458.534
6459.917
6461.323
6462.698
6464.062
6465.447
6466.84
6468.228
6469.618
6470.995
6472.372
6473.745
6475.14
6476.511
6477.895
6479.293
6480.684
6482.053
6483.426
6484.829
6486.207
6487.569
6488.987
6490.333
6491.74
6493.106
6494.487
6495.864
6497.27
6498.642
6500.037
6501.393
6502.794
6504.153
6505.535
6506.919
6508.304
6509.686
6511.081
6512.466
6513.848
6515.217
6516.619
6517.997
6519.431
6520.745
6522.151
6523.511
6524.917
6526.293
6527.662
6529.051
6530.427
6531.829
6533.187
6534.575
6535.958
6537.373
6538.731
6540.116
6541.49
6542.867
6544.272
6545.638
6547.019
6548.41
6549.786
6551.169
6552.585
6553.99
6555.316
6556.686
6558.085
6559.476
6560.84
6562.249
6563.612
6565.016
6566.382
6567.752
6569.138
6570.524
6571.929
6573.295
6574.671
6576.06
6577.43
6578.843
6580.19
6581.577
6582.985
6584.352
6585.732
6587.125
6588.524
6589.891
6591.264
6592.633
6594.042
6595.411
6596.808
6598.182
6599.551
6600.945
6602.319
6603.691
6605.075
6606.477
6607.849
6609.25
6610.617
6611.999
6613.41
6614.778
6616.149
6617.517
6618.916
6620.306
6621.675
6623.113
6624.447
6625.816
6627.204
6628.577
6629.969
6631.343
6632.749
6634.142
6635.521
6636.876
6638.288
6639.64
6641.033
6642.407
6643.808
6645.206
6646.562
6647.965
6649.322
6650.703
6652.078
6653.476
6654.872
6656.24
6657.776
6659.09
6660.384
6661.786
6663.158
6664.538
6665.916
6667.284
6668.666
6670.065
6671.433
6672.823
6674.204
6675.621
6676.969
6678.358
6679.73
6681.11
6682.494
6683.875
6685.283
6686.658
6688.044
6689.407
6690.792
6692.244
6693.55
6694.941
6696.317
6697.706
6699.085
6700.471
6701.88
6703.25
6704.638
6706.008
6707.377
6708.78
6710.171
6711.536
6712.974
6714.3
6715.682
6717.084
6718.451
6719.853
6721.216
6722.597
6723.981
6725.35
6726.781
6728.116
6729.521
6730.888
6732.26
6733.644
6735.042
6736.411
6737.817
6739.175
6740.556
6741.957
6743.346
6744.723
6746.091
6747.49
6748.848
6750.257
6751.623
6753.005
6754.398
6755.786
6757.149
6758.536
6759.936
6761.369
6762.709
6764.085
6765.469
6766.843
6768.216
6769.597
6770.998
6772.372
6773.756
6775.148
6776.498
6777.899
6779.279
6780.646
6782.033
6783.444
6784.817
6786.195
6787.56
6788.943
6790.343
6791.709
6793.115
6794.474
6795.966
6797.244
6798.642
6800.01
6801.389
6802.79
6804.175
6805.538
6806.931
6808.319
6809.687
6811.074
6812.442
6813.835
6815.216
6816.61
6817.971
6819.371
6820.749
6822.141
6823.514
6824.909
6826.297
6827.652
6829.039
6830.462
6831.817
6833.185
6834.578
6835.943
6837.326
6838.726
6840.104
6841.492
6842.889
6844.25
6845.627
6847.007
6848.416
6849.789
6851.173
6852.555
6853.925
6855.329
6856.699
6858.071
6859.481
6860.836
6862.291
6863.62
6865.037
6866.401
6867.756
6869.121
6870.543
6871.921
6873.299
6874.652
6876.055
6877.457
6878.829
6880.217
6881.572
6882.964
6884.328
6885.735
6887.148
6888.497
6889.861
6891.271
6892.645
6894.024
6895.399
6896.884
6898.257
6899.651
6900.976
6902.305
6903.691
6905.087
6906.452
6907.837
6909.222
6910.62
6911.988
6913.375
6914.777
6916.134
6917.535
6918.893
6920.281
6921.683
6923.056
6924.42
6925.824
6927.195
6928.582
6929.976
6931.364
6932.736
6934.208
6935.604
6936.946
6938.267
6939.643
6941.01
6942.392
6943.793
6945.176
6946.549
6947.957
6949.335
6950.704
6952.089
6953.458
6954.854
6956.242
6957.604
6958.998
6960.369
6961.747
6963.149
6964.535
6965.908
6967.276
6968.787
6970.171
6971.551
6972.883
6974.215
6975.589
6976.964
6978.35
6979.726
6981.105
6982.489
6983.878
6985.261
6986.66
6988.013
6989.425
6990.78
6992.193
6993.554
6994.924
6996.335
6997.823
6999.406
7000.771
7002.173
7003.619
7004.963
7006.308
7007.994
7009.999
7012.059
7014.017
7015.969
7017.783
7019.684
7021.682
7023.667
7025.409
7027.354
7029.164
7031.037
7032.811
7034.736
7036.466
7038.114
7040.086
7041.87
7043.795
7045.601
7047.473
7049.472
7051.458
7053.471
7055.471
7057.176
7058.824
7060.551
7062.223
7063.899
7065.6
7067.382
7069.143
7070.966
7072.664
7074.479
7076.35
7078.049
7080.045
7081.728
7083.535
7085.427
7087.423
7089.107
7090.863
7092.513
7094.308
7096.189
7098.168
7100.206
7102.262
7104.187
7105.986
7107.85
7109.647
7111.351
7113.213
7115.033
7116.733
7118.587
7120.324
7122.275
7123.959
7125.733
7127.665
7129.395
7131.143
7132.763
7134.712
7136.454
7138.417
7140.42
7142.208
7143.928
7145.806
7147.79
7149.79
7151.576
7153.188
7154.837
7156.221
7157.622
7158.985
7160.367
7161.753
7163.125
7164.524
7165.9
7167.302
7168.651
7170.066
7171.431
7172.798
7174.182
7175.578
7176.98
7178.363
7179.738
7181.109
7182.48
7183.879
7185.269
7186.638
7188.011
7189.402
7190.787
7192.175
7193.547
7194.945
7196.312
7197.689
7199.088
7200.465
7201.838
7203.22
7204.614
7206.017
7207.372
7208.761
7210.154
7211.518
7212.917
7214.284
7215.653
7217.052
7218.422
7219.819
7221.217
7222.578
7223.955
7225.36
7226.735
7228.096
7229.505
7230.863
7232.255
7233.645
7235.035
7236.393
7237.798
7239.159
7240.537
7241.942
7243.308
7244.691
7246.093
7247.504
7248.841
7250.246
7251.607
7252.994
7254.39
7255.76
7257.136
7258.528
7259.896
7261.312
7262.669
7264.05
7265.466
7266.82
7268.199
7269.598
7270.981
7272.364
7273.716
7275.109
7276.506
7277.864
7279.246
7280.647
7282.062
7283.394
7284.838
7286.176
7287.566
7288.932
7290.337
7291.709
7293.101
7294.474
7295.849
7297.222
7298.606
7300.006
7301.387
7302.765
7304.141
7305.53
7306.899
7308.291
7309.686
7311.047
7312.433
7313.821
7315.196
7316.616
7317.955
7319.364
7320.739
7322.114
7323.514
7324.88
7326.253
7327.631
7329.025
7330.4
7331.795
7333.193
7334.56
7335.945
7337.327
7338.692
7340.077
7341.474
7342.866
7344.226
7345.624
7347.017
7348.389
7349.773
7351.204
7352.52
7353.905
7355.285
7356.677
7358.087
7359.457
7360.825
7362.208
7363.617
7364.979
7366.363
7367.731
7369.138
7370.498
7371.89
7373.28
7374.673
7376.035
7377.404
7378.812
7380.196
7381.547
7382.934
7384.315
7385.831
7387.118
7388.475
7389.862
7391.24
7392.624
7394.006
7395.39
7396.758
7398.155
7399.538
7400.929
7402.3
7403.67
7405.068
7406.438
7407.838
7409.213
7410.603
7411.968
7413.369
7414.727
7416.137
7417.497
7418.89
7420.282
7421.648
7423.032
7424.426
7425.813
7427.201
7428.579
7429.932
7431.344
7432.699
7434.102
7435.476
7436.844
7438.229
7439.642
7440.998
7442.378
7443.775
7445.14
7446.522
7447.933
7449.305
7450.676
7452.053
7453.464
7454.887
7456.211
7457.592
7458.972
7460.37
7461.736
7463.118
7464.5
7465.899
7467.275
7468.667
7470.037
7471.415
7472.814
7474.179
7475.57
7476.942
7478.327
7479.727
7481.094
7482.469
7483.862
7485.234
7486.625
7488.001
7489.397
7490.776
7492.142
7493.539
7494.911
7496.308
7497.694
7499.074
7500.452
7501.84
7503.208
7504.603
7505.975
7507.351
7508.746
7510.152
7511.523
7512.883
7514.289
7515.651
7517.049
7518.442
7519.816
7521.183
7522.568
7523.997
7525.332
7526.729
7528.085
7529.494
7530.862
7532.245
7533.626
7535.014
7536.409
7537.769
7539.159
7540.54
7541.94
7543.309
7544.692
7546.067
7547.456
7548.824
7550.238
7551.605
7552.975
7554.369
7555.747
7557.119
7558.557
7559.915
7561.285
7562.666
7564.033
7565.433
7566.803
7568.188
7569.567
7570.949
7572.346
7573.713
7575.096
7576.496
7577.879
7579.25
7580.645
7582.027
7583.414
7584.764
7586.159
7587.535
7588.923
7590.332
7591.703
7593.093
7594.446
7595.852
7597.22
7598.599
7599.973
7601.354
7602.743
7604.146
7605.522
7606.907
7608.274
7609.669
7611.06
7612.443
7613.815
7615.199
7616.582
7617.948
7619.348
7620.731
7622.119
7623.483
7624.865
7626.245
7627.661
7629.027
7630.393
7631.794
7633.178
7634.543
7635.946
7637.3
7638.712
7640.075
7641.458
7642.848
7644.222
7645.61
7646.987
7648.378
7649.765
7651.124
7652.503
7653.9
7655.303
7656.678
7658.052
7659.424
7660.813
7662.2
7663.567
7664.956
7666.361
7667.732
7669.119
7670.505
7671.885
7673.255
7674.631
7676.028
7677.397
7678.795
7680.183
7681.543
7682.946
7684.311
7685.701
7687.075
7688.459
7689.861
7691.223
7692.628
7694.008
7695.375
7696.776
7698.129
7699.538
7700.89
7702.272
7703.654
7705.038
7706.42
7707.804
7709.204
7710.568
7711.956
7713.35
7714.72
7716.108
7717.48
7718.865
7720.265
7721.663
7723.03
7724.418
7725.78
7727.16
7728.544
7729.943
7731.36
7732.687
7734.092
7735.453
7736.858
7738.258
7739.606
7740.989
7742.375
7743.777
7745.139
7746.524
7747.908
7749.294
7750.674
7752.053
7753.437
7754.818
7756.201
7757.578
7758.955
7760.334
7761.729
7763.12
7764.485
7765.899
7767.25
7768.648
7770.033
7771.408
7772.782
7774.17
7775.547
7776.932
7778.328
7779.694
7781.076
7782.461
7783.843
7785.218
7786.624
7787.99
7789.385
7790.791
7792.139
7793.533
7794.905
7796.301
7797.66
7799.045
7800.504
7801.881
7803.225
7804.622
7805.989
7807.36
7808.73
7810.137
7811.516
7812.882
7814.276
7815.651
7817.017
7818.416
7819.789
7821.164
7822.573
7823.946
7825.315
7826.713
7828.102
7829.461
7830.862
7832.243
7833.61
7835.018
7836.39
7837.773
7839.14
7840.547
7841.924
7843.296
7844.674
7846.063
7847.448
7848.811
7850.222
7851.619
7852.969
7854.355
7855.725
7857.123
7858.494
7859.898
7861.283
7862.669
7864.017
7865.415
7866.81
7868.18
7869.612
7871.016
7872.373
7873.745
7875.114
7876.497
7877.86
7879.245
7880.671
7882.011
7883.384
7884.779
7886.159
7887.545
7889.002
7890.344
7891.69
7893.059
7894.452
7895.905
7897.237
7898.605
7899.978
7901.373
7902.737
7904.204
7905.563
7906.92
7908.268
7909.649
7911.025
7912.411
7913.82
7915.167
7916.559
7917.947
7919.347
7920.729
7922.104
7923.478
7924.845
7926.229
7927.616
7929.007
7930.383
7931.76
7933.16
7934.625
7935.994
7937.356
7938.989
7940.384
7941.76
7943.133
7944.528
7945.889
7947.27
7948.686
7950.055
7951.436
7952.806
7954.204
7955.584
7956.953
7958.347
7959.717
7961.109
7962.482
7963.865
7965.248
7966.644
7968.03
7969.413
7970.779
7972.179
7973.612
7974.966
7976.328
7977.699
7979.084
7980.459
7981.844
7983.227
7984.614
7985.993
7987.391
7988.757
7990.146
7991.521
7992.921
7994.273
7995.659
7997.055
7998.43
7999.821
8001.204
8002.608
8003.982
8005.369
8006.736
8008.233
8009.57
8010.912
8012.25
8013.638
8015.023
8016.403
8017.78
8019.174
8020.562
8021.931
8023.332
8024.73
8026.101
8027.503
8028.843
8030.249
8031.626
8033.012
8034.38
8035.748
8037.135
8038.544
8040.005
8041.592
8043.033
8044.393
8045.731
8047.115
8048.509
8049.904
8051.267
8052.719
8054.096
8055.469
8056.819
8058.182
8059.587
8060.96
8062.348
8063.771
8065.13
8066.533
8067.867
8069.239
8070.648
8072.001
8073.395
8074.779
8076.211
8077.693
8079.06
8080.403
8081.779
8083.11
8084.486
8085.834
8087.324
8088.923
8090.292
8091.69
8093.055
8094.426
8095.809
8097.212
8098.57
8099.973
8101.335
8102.745
8104.117
8105.506
8106.868
8108.266
8109.649
8111.035
8112.708
8114.099
8115.49
8116.865
8118.256
8119.628
8120.997
8122.396
8123.763
8125.164
8126.549
8127.927
8129.298
8130.682
8132.058
8133.448
8134.858
8136.231
8137.617
8139
8140.357
8141.756
8143.143
8144.522
8145.886
8147.325
8148.652
8150.027
8151.425
8152.805
8154.205
8155.587
8156.999
8158.349
8159.733
8161.117
8162.485
8163.874
8165.258
8166.632
8168.011
8169.407
8170.766
8172.164
8173.536
8174.911
8176.328
8177.695
8179.079
8180.442
8181.871
8183.208
8184.598
8185.975
8187.377
8188.757
8190.181
8191.555
8192.912
8194.268
8195.654
8197.056
8198.421
8199.795
8201.202
8202.581
8203.967
8205.342
8206.734
8208.1
8209.499
8210.901
8212.264
8213.619
8215.015
8216.455
8217.783
8219.167
8220.536
8221.939
8223.362
8224.728
8226.101
8227.484
8228.84
8230.208
8231.597
8232.977
8234.36
8235.742
8237.123
8238.534
8239.895
8241.273
8242.657
8244.055
8245.443
8246.832
8248.188
8249.594
8251.063
8252.418
8253.752
8255.122
8256.482
8257.862
8259.265
8260.636
8262.024
8263.39
8264.779
8266.165
8267.546
8268.929
8270.312
8271.699
8273.095
8274.456
8275.862
8277.239
8278.607
8280.008
8281.405
8282.803
8284.133
8285.558
8286.922
8288.289
8289.68
8291.213
8292.56
8293.949
8295.318
8296.652
8298.037
8299.4
8300.758
8302.11
8303.5
8304.863
8306.268
8307.641
8309.015
8310.404
8311.819
8313.161
8314.563
8315.946
8317.329
8318.7
8320.149
8321.493
8322.861
8324.254
8325.61
8327.012
8328.386
8329.769
8331.144
8332.513
8333.891
8335.273
8336.657
8338.039
8339.443
8340.837
8342.213
8343.587
8344.979
8346.348
8347.721
8349.119
8350.49
8351.868
8353.246
8354.749
8356.093
8357.466
8358.8
8360.187
8361.566
8362.923
8364.318
8365.687
8367.096
8368.468
8369.834
8371.23
8372.605
8373.982
8375.406
8376.777
8378.159
8379.535
8380.924
8382.294
8383.665
8385.051
8386.455
8387.808
8389.256
8390.634
8392.04
8393.65
8395.042
8396.436
8397.817
8399.195
8400.584
8401.946
8403.329
8404.715
8406.101
8407.488
8408.865
8410.244
8411.63
8413.013
8414.396
8415.797
8417.212
8418.532
8419.946
8421.323
8422.694
8424.145
8425.492
8426.83
8428.214
8429.603
8430.99
8432.427
8433.841
8435.214
8436.546
8437.904
8439.29
8440.653
8442.043
8443.435
8444.805
8446.188
8447.572
8448.975
8450.324
8451.734
8453.104
8454.483
8455.867
8457.27
8458.736
8460.082
8461.44
8462.774
8464.181
8465.531
8466.913
8468.296
8469.711
8471.076
8472.493
8473.895
8475.224
8476.619
8477.976
8479.377
8480.774
8482.138
8483.574
8484.987
8486.356
8487.712
8489.155
8490.523
8491.902
8493.505
8494.877
8496.286
8497.65
8499.031
8500.401
8501.818
8503.23
8504.605
8506
8507.354
8508.733
8510.084
8511.463
8512.854
8514.263
8515.625
8516.996
8518.37
8519.761
8521.137
8522.527
8523.908
8525.31
8526.694
8528.208
8529.567
8530.907
8532.293
8533.724
8535.113
8536.456
8537.826
8539.144
8540.504
8541.887
8543.253
8544.657
8546.037
8547.44
8548.785
8550.176
8551.552
8553.021
8554.385
8555.725
8557.082
8558.465
8559.878
8561.248
8562.746
8564.078
8565.389
8566.778
8568.157
8569.543
8570.919
8572.326
8573.704
8575.125
8576.527
8577.876
8579.207
8580.589
8581.984
8583.359
8584.76
8586.128
8587.498
8588.9
8590.268
8591.656
8593.035
8594.431
8595.804
8597.27
8598.616
8600.056
8601.435
8602.807
8604.166
8605.548
8606.881
8608.266
8609.665
8611.003
8612.405
8613.829
8615.193
8616.528
8617.928
8619.294
8620.698
8622.076
8623.454
8624.845
8626.211
8627.616
8628.987
8630.358
8631.824
8633.24
8634.64
8636.204
8637.588
8638.955
8640.338
8641.738
8643.154
8644.536
8645.87
8647.259
8648.645
8650.026
8651.428
8652.798
8654.188
8655.567
8656.957
8658.315
8659.688
8661.097
8662.506
8663.897
8665.23
8666.713
8668.115
8669.497
8670.871
8672.211
8673.63
8675.008
8676.366
8677.759
8679.126
8680.474
8681.834
8683.231
8684.592
8685.956
8687.337
8688.743
8690.125
8691.486
8692.872
8694.284
8695.662
8697.03
8698.426
8699.802
8701.266
8702.651
8703.984
8705.356
8706.749
8708.101
8709.457
8710.864
8712.287
8713.631
8714.999
8716.377
8717.773
8719.142
8720.545
8721.912
8723.285
8724.666
8726.048
8727.426
8728.809
8730.197
8731.584
8732.963
8734.373
8735.872
8737.269
8738.654
8740.215
8741.59
8743.007
8744.369
8745.751
8747.118
8748.49
8749.911
8751.247
8752.729
8754.321
8756.01
8757.409
8758.826
8760.2
8761.548
8762.915
8764.348
8765.729
8767.091
8768.511
8769.896
8771.526
8772.935
8774.332
8775.659
8777.078
8778.54
8779.916
8781.32
8782.693
8784.289
8785.658
8787.047
8788.468
8789.809
8791.201
8792.603
8793.965
8795.379
8796.773
8798.114
8799.47
8800.869
8802.255
8803.643
8805.033
8806.479
8807.817
8809.216
8810.565
8811.934
8813.401
8814.996
8816.439
8817.811
8819.214
8820.586
8821.929
8823.294
8824.668
8826.077
8827.425
8828.816
8830.21
8831.578
8832.994
8834.348
8835.757
8837.12
8838.488
8839.873
8841.388
8842.758
8844.106
8845.495
8846.835
8848.209
8849.601
8851.003
8852.351
8853.704
8855.182
8856.551
8857.916
8859.252
8860.64
8862.032
8863.414
8864.809
8866.492
8867.847
8869.216
8870.594
8871.998
8873.365
8874.759
8876.21
8877.581
8878.944
8880.326
8881.708
8883.091
8884.739
8886.112
8887.507
8888.889
8890.255
8891.645
8893.05
8894.406
8895.786
8897.178
8898.552
8899.953
8901.351
8902.738
8904.133
8905.496
8906.882
8908.243
8909.604
8911.052
8912.414
8913.814
8915.263
8916.648
8917.981
8919.313
8920.721
8922.096
8923.461
8924.827
8926.229
8927.644
8929.11
8930.442
8931.816
8933.174
8934.54
8935.922
8937.295
8938.674
8940.041
8941.428
8942.815
8944.191
8945.667
8947.004
8948.37
8949.744
8951.084
8952.484
8953.935
8955.353
8956.716
8958.078
8959.447
8960.8
8962.169
8963.532
8964.914
8966.301
8967.687
8969.078
8970.452
8971.811
8973.196
8974.577
8976.268
8977.66
8979.062
8980.542
8981.936
8983.325
8984.701
8986.024
8987.391
8988.789
8990.179
8991.548
8992.971
8994.354
8995.727
8997.079
8998.402
8999.792
9001.472
9002.874
9004.301
9005.708
9007.083
9008.434
9009.82
9011.205
9012.623
9014.209
9015.926
9017.59
9019.013
9020.669
9022.101
9023.477
9024.847
9026.242
9027.636
9029.014
9030.362
9031.742
9033.138
9034.485
9035.891
9037.278
9038.691
9040.012
9041.396
9042.784
9044.169
9045.607
9046.991
9048.437
9049.801
9051.401
9052.778
9054.166
9055.577
9056.955
9058.295
9059.681
9061.083
9062.486
9063.871
9065.535
9066.913
9068.301
9069.671
9071.047
9072.497
9073.886
9075.287
9076.637
9078.009
9079.396
9080.812
9082.194
9083.557
9084.959
9086.406
9087.956
9089.341
9090.72
9092.09
9093.487
9094.858
9096.372
9097.758
9099.136
9100.475
9101.909
9103.48
9104.882
9106.268
9107.637
9109.088
9110.458
9111.867
9113.246
9114.655
9116.213
9117.889
9119.279
9120.681
9122.144
9123.496
9124.879
9126.236
9127.611
9128.97
9130.363
9131.744
9133.149
9134.508
9135.893
9137.29
9138.694
9140.08
9141.444
9142.821
9144.171
9145.556
9146.939
9148.319
9149.705
9151.071
9152.459
9153.862
9155.263
9156.919
9158.317
9159.683
9161.066
9162.45
9163.866
9165.238
9166.614
9167.98
9169.367
9170.749
9172.116
9173.497
9174.883
9176.277
9177.65
9179.101
9180.441
9181.824
9183.202
9184.591
9186.008
9187.406
9188.779
9190.106
9191.535
9192.915
9194.32
9195.705
9197.072
9198.454
9199.852
9201.253
9202.639
9203.989
9205.353
9206.734
9208.082
9209.441
9210.848
9212.249
9213.623
9214.997
9216.4
9217.831
9219.246
9220.623
9221.979
9223.344
9224.729
9226.342
9227.743
9229.415
9230.811
9232.202
9233.558
9234.959
9236.378
9237.853
9239.16
9240.539
9241.922
9243.284
9244.648
9246.067
9247.504
9248.91
9250.302
9251.835
9253.225
9254.617
9256.024
9257.4
9258.762
9260.148
9261.608
9263.015
9264.402
9265.746
9267.131
9268.514
9269.933
9271.267
9272.638
9273.987
9275.374
9276.765
9278.216
9279.591
9280.976
9282.391
9283.742
9285.112
9286.717
9288.089
9289.495
9290.855
9292.24
9293.638
9295.308
9297.012
9298.421
9299.806
9301.184
9302.542
9303.993
9305.383
9306.75
9308.15
9309.553
9310.935
9312.567
9313.966
9315.299
9316.679
9318.069
9319.462
9320.823
9322.21
9323.621
9325
9326.37
9327.777
9329.2
9330.551
9332.011
9333.359
9334.73
9336.108
9337.499
9338.852
9340.231
9341.64
9343.04
9344.398
9345.797
9347.138
9348.553
9349.926
9351.301
9352.685
9354.039
9355.534
9357.09
9358.465
9359.825
9361.232
9362.67
9364.064
9365.424
9366.896
9368.43
9369.851
9371.194
9372.58
9373.977
9375.376
9376.725
9378.108
9379.509
9380.904
9382.307
9383.779
9385.157
9386.513
9387.935
9389.475
9390.874
9392.242
9393.646
9395.025
9396.387
9397.778
9399.155
9400.552
9402.028
9403.395
9404.768
9406.171
9407.511
9408.9
9410.265
9411.617
9413.003
9414.409
9415.816
9417.153
9418.562
9419.912
9421.279
9422.694
9424.08
9425.525
9426.946
9428.33
9429.733
9431.258
9432.669
9434.073
9435.447
9436.878
9438.317
9439.855
9441.256
9442.63
9444.037
9445.431
9446.815
9448.257
9449.669
9451.041
9452.392
9453.762
9455.214
9456.583
9458.154
9459.567
9460.953
9462.298
9463.687
9465.064
9466.439
9467.831
9469.205
9470.579
9472.067
9473.671
9475.06
9476.426
9477.81
9479.248
9480.599
9481.976
9483.376
9484.761
9486.132
9487.555
9488.921
9490.288
9491.655
9493.051
9494.455
9495.857
9497.22
9498.582
9499.978
9501.311
9502.687
9504.067
9505.434
9506.917
9508.326
9509.699
9511.075
9512.464
9513.872
9515.28
9516.831
9518.221
9519.665
9521.032
9522.377
9523.768
9525.16
9526.575
9527.91
9529.297
9530.691
9532.045
9533.44
9534.888
9536.248
9537.645
9539.054
9540.406
9542.023
9543.404
9544.807
9546.195
9547.586
9549.018
9550.41
9551.788
9553.164
9554.552
9555.944
9557.301
9558.677
9560.082
9561.483
9562.849
9564.283
9565.833
9567.273
9568.679
9570.013
9571.389
9572.773
9574.156
9575.63
9577.498
9578.858
9580.274
9581.625
9583.029
9584.399
9585.784
9587.176
9588.574
9589.921
9591.316
9592.704
9594.075
9595.456
9596.875
9598.228
9599.637
9601.007
9602.375
9603.751
9605.174
9606.556
9607.968
9609.355
9610.789
9612.351
9613.737
9615.13
9616.496
9617.88
9619.284
9620.661
9622.028
9623.464
9624.854
9626.262
9627.653
9629.043
9630.409
9631.791
9633.176
9634.536
9636.003
9637.548
9638.955
9640.411
9641.814
9643.217
9644.588
9645.959
9647.535
9648.911
9650.306
9651.667
9653.067
9654.433
9655.916
9657.316
9658.712
9660.083
9661.487
9662.864
9664.27
9665.811
9667.219
9668.651
9670.051
9671.435
9672.826
9674.222
9675.595
9676.975
9678.559
9679.96
9681.334
9682.776
9684.177
9685.598
9686.989
9688.391
9689.918
9691.295
9692.706
9694.108
9695.581
9696.988
9698.37
9699.737
9701.29
9702.669
9704.07
9705.432
9706.814
9708.22
9709.666
9711.098
9712.464
9714.047
9715.503
9716.862
9718.512
9719.918
9721.341
9722.769
9724.149
9725.726
9727.176
9728.552
9729.958
9731.377
9732.943
9734.308
9735.693
9737.071
9738.473
9739.876
9741.243
9742.628
9743.986
9745.403
9746.824
9748.25
9749.652
9751.052
9752.595
9754.119
9755.655
9757.104
9758.507
9759.91
9761.498
9762.895
9764.263
9765.658
9767.046
9768.414
9769.834
9771.218
9772.639
9774.044
9775.409
9776.8
9778.222
9779.593
9780.993
9782.54
9783.946
9785.322
9786.7
9788.075
9789.622
9791.14
9792.539
9793.939
9795.338
9796.708
9798.093
9799.475
9800.885
9802.312
9803.715
9805.118
9806.654
9808.066
9809.531
9810.917
9812.266
9813.686
9815.096
9816.474
9817.88
9819.423
9820.827
9822.229
9823.616
9825.268
9826.644
9828.112
9829.457
9830.884
9832.256
9833.646
9835.057
9836.623
9838.057
9839.438
9840.826
9842.237
9843.637
9845.036
9846.436
9847.819
9849.369
9850.754
9852.149
9853.511
9854.916
9856.295
9857.704
9859.091
9860.548
9861.926
9863.312
9864.697
9866.089
9867.458
9868.841
9870.238
9871.804
9873.177
9874.561
9876.042
9877.432
9878.824
9880.202
9881.771
9883.189
9884.559
9885.962
9887.354
9888.771
9890.196
9891.587
9893.152
9894.558
9896.232
9897.643
9899.035
9900.479
9902.052
9903.451
9904.865
9906.367
9907.896
9909.365
9910.798
9912.35
9913.765
9915.181
9916.565
9917.994
9919.411
9920.762
9922.145
9923.729
9925.168
9926.559
9927.925
9929.293
9930.709
9932.333
9933.719
9935.099
9936.522
9937.963
9939.55
9940.922
9942.436
9943.983
9945.386
9946.786
9948.153
9949.842
9951.269
9952.658
9954.029
9955.47
9956.867
9958.425
9959.813
9961.244
9962.68
9964.024
9965.42
9966.831
9968.4
9969.786
9971.188
9972.591
9974.093
9975.639
9977.009
9978.409
9979.792
9981.2
9982.608
9984.024
9985.423
9986.785
9988.124
9989.565
9990.937
9992.339
9993.759
9995.137
9996.669
9998.073
9999.486
10000.838
10002.319
10003.899
10005.332
10006.729
10008.148
10009.564
10010.963
10012.496
10013.901
10015.429
10016.961
10018.442
10020.077
10021.713
10023.115
10024.544
10025.912
10027.316
10028.724
10030.126
10031.507
10033.085
10034.488
10035.924
10037.322
10038.692
10040.289
10041.686
10043.119
10044.558
10045.935
10047.375
10048.909
10050.3
10051.672
10053.066
10054.49
10055.965
10057.527
10058.93
10060.298
10061.655
10063.159
10064.561
10066.114
10067.501
10068.927
10070.544
10071.945
10073.358
10074.734
10076.382
10077.806
10079.25
10080.708
10082.245
10083.623
10085.055
10086.473
10087.866
10089.253
10090.627
10092.052
10093.603
10094.988
10096.404
10097.779
10099.234
10100.62
10102.016
10103.422
10104.815
10106.356
10107.748
10109.161
10110.548
10112.188
10113.614
10115.006
10116.47
10118.013
10119.399
10120.777
10122.176
10123.621
10125.044
10126.612
10128.025
10129.427
10130.825
10132.239
10133.635
10135.072
10136.621
10138.012
10139.419
10140.803
10142.185
10143.578
10144.985
10146.401
10147.979
10149.367
10150.809
10152.217
10153.665
10155.203
10156.633
10158.05
10159.451
10160.813
10162.197
10163.615
10164.997
10166.337
10167.764
10169.331
10170.696
10172.12
10173.526
10174.914
10176.535
10177.956
10179.299
10180.69
10182.091
10183.757
10185.201
10186.61
10188.007
10189.412
10190.813
10192.205
10193.609
10195.118
10196.574
10197.986
10199.406
10200.983
10202.37
10203.766
10205.133
10206.511
10207.93
10209.322
10210.699
10212.113
10213.539
10215.096
10216.52
10217.971
10219.562
10220.936
10222.317
10223.776
10225.135
10226.524
10227.908
10229.306
10230.693
10232.089
10233.489
10234.871
10236.45
10237.911
10239.302
10240.67
10242.069
10243.443
10244.835
10246.273
10247.849
10249.524
10251.265
10253.019
10254.698
10256.613
10258.083
10259.673
10261.355
10263.029
10264.726
10266.407
10268.082
10269.801
10271.158
10272.544
10273.946
10275.375
10276.819
10278.413
10279.839
10281.23
10282.629
10284.247
10285.647
10287.02
10288.458
10289.861
10291.286
10292.829
10294.53
10295.943
10297.369
10298.766
10300.115
10301.587
10303.109
10304.549
10305.922
10307.332
10308.752
10310.329
10311.755
10313.162
10314.594
10316.011
10317.56
10319.002
10320.463
10322.026
10323.428
10324.846
10326.232
10327.662
10329.009
10330.626
10332.017
10333.439
10334.838
10336.239
10337.656
10339.209
10340.62
10342.001
10343.385
10344.822
10346.224
10347.823
10349.226
10350.666
10352.07
10353.484
10355.035
10356.439
10357.847
10359.214
10360.63
10362.08
10363.478
10365.014
10366.527
10367.93
10369.311
10370.859
10372.246
10373.686
10375.078
10376.49
10377.902
10379.461
10380.848
10382.259
10383.623
10385.022
10386.471
10387.898
10389.454
10390.853
10392.261
10393.654
10395.056
10396.477
10397.844
10399.256
10400.636
10402.207
10403.666
10405.095
10406.652
10408.048
10409.446
10410.899
10412.296
10413.722
10415.261
10416.701
10418.12
10419.528
10421.08
10422.516
10423.915
10425.357
10426.753
10428.305
10429.673
10431.094
10432.506
10433.907
10435.343
10436.906
10438.422
10439.82
10441.352
10442.775
10444.154
10445.594
10447.016
10448.584
10450.017
10451.466
10453.035
10454.487
10455.911
10457.321
10458.862
10460.318
10461.736
10463.136
10464.504
10465.871
10467.265
10468.636
10470.039
10471.425
10472.991
10474.477
10476.085
10477.506
10478.952
10480.534
10481.938
10483.336
10484.74
10486.221
10487.753
10489.201
10490.603
10492.015
10493.585
10494.984
10496.367
10497.749
10499.187
10500.566
10501.966
10503.348
10504.769
10506.165
10507.712
10509.132
10510.777
10512.194
10513.633
10515.03
10516.436
10517.81
10519.4
10520.798
10522.211
10523.584
10524.994
10526.442
10527.83
10529.189
10530.769
10532.189
10533.606
10535.027
10536.604
10538.07
10539.669
10541.076
10542.467
10543.903
10545.304
10546.879
10548.258
10549.653
10551.039
10552.435
10553.842
10555.256
10556.883
10558.298
10559.741
10561.146
10562.711
10564.137
10565.573
10566.978
10568.548
10570.001
10571.614
10573.297
10574.759
10576.202
10577.745
10579.439
10580.89
10582.288
10583.892
10585.322
10586.763
10588.147
10589.55
10591.112
10592.533
10593.914
10595.349
10596.968
10598.432
10599.883
10601.401
10602.816
10604.204
10605.612
10607.076
10608.63
10610.045
10611.479
10612.909
10614.478
10615.886
10617.242
10618.642
10620.309
10621.742
10623.126
10624.543
10625.99
10627.532
10628.937
10630.32
10631.706
10633.12
10634.52
10635.92
10637.308
10638.719
10640.267
10641.73
10643.167
10644.717
10646.167
10647.555
10648.966
10650.372
10651.748
10653.156
10654.565
10656.147
10657.581
10658.95
10660.374
10661.94
10663.378
10664.795
10666.208
10667.759
10669.195
10670.615
10672.024
10673.608
10675.025
10676.472
10677.899
10679.457
10680.875
10682.279
10683.73
10685.286
10686.692
10688.117
10689.553
10691.118
10692.819
10694.205
10695.634
10697.091
10698.636
10700.056
10701.465
10702.934
10704.502
10705.881
10707.274
10708.681
10710.113
10711.527
10713.093
10714.453
10715.956
10717.357
10718.744
10720.313
10721.712
10723.124
10724.585
10726.134
10727.633
10729.208
10730.604
10732.024
10733.452
10735.057
10736.472
10737.915
10739.33
10740.904
10742.303
10743.685
10745.101
10746.516
10747.943
10749.492
10750.913
10752.336
10753.731
10755.314
10756.821
10758.392
10759.828
10761.279
10762.662
10764.062
10765.61
10767.05
10768.494
10769.908
10771.462
10772.875
10774.29
10775.7
10777.108
10778.508
10780.067
10781.501
10782.935
10784.336
10785.888
10787.3
10788.754
10790.144
10791.572
10793.1
10794.523
10795.935
10797.366
10798.95
10800.358
10802.015
10803.466
10804.929
10806.487
10808.178
10809.665
10811.069
10812.634
10814.007
10815.442
10816.792
10818.194
10819.62
10821.02
10822.6
10824.076
10825.694
10827.383
10828.794
10830.17
10831.621
10833.038
10834.59
10836.033
10837.454
10839.027
10840.472
10841.91
10843.302
10844.872
10846.301
10847.782
10849.357
10850.781
10852.247
10853.818
10855.221
10856.63
10858.23
10859.733
10861.145
10862.689
10864.089
10865.493
10866.948
10868.519
10869.961
10871.393
10872.974
10874.385
10875.907
10877.437
10878.842
10880.287
10881.678
10883.129
10884.671
10886.076
10887.476
10888.886
10890.305
10891.867
10893.303
10894.751
10896.356
10897.795
10899.188
10900.608
10902.034
10903.577
10905.025
10906.647
10908.045
10909.473
10911.067
10912.554
10913.962
10915.545
10916.934
10918.392
10919.825
10921.366
10922.757
10924.23
10925.633
10927.225
10928.657
10930.099
10931.666
10933.136
10934.563
10936.131
10937.556
10938.971
10940.371
10941.942
10943.412
10944.851
10946.408
10947.849
10949.468
10950.857
10952.288
10953.748
10955.31
10956.771
10958.204
10959.604
10961.166
10962.595
10964.049
10965.601
10967.004
10968.441
10969.846
10971.225
10972.824
10974.235
10975.689
10977.105
10978.661
10980.072
10981.474
10982.854
10984.288
10985.876
10987.287
10988.736
10990.168
10991.738
10993.159
10994.585
10996.174
10997.55
10999.02
11000.449
11001.834
11003.387
11004.786
11006.187
11007.565
11009.029
11010.429
11012.006
11013.429
11014.869
11016.294
11017.83
11019.223
11020.684
11022.292
11023.727
11025.18
11026.751
11028.19
11029.804
11031.193
11032.622
11034.265
11035.719
11037.351
11038.779
11040.205
11041.621
11043.195
11044.626
11046.017
11047.367
11048.798
11050.217
11051.787
11053.234
11054.662
11056.063
11057.454
11059.037
11060.479
11061.917
11063.468
11064.898
11066.363
11067.909
11069.314
11070.743
11072.15
11073.557
11075.156
11076.583
11077.975
11079.413
11080.789
11082.353
11083.757
11085.209
11086.805
11088.285
11089.868
11091.326
11092.769
11094.324
11096.027
11097.479
11099.094
11100.644
11102.246
11103.855
11105.317
11106.928
11108.434
11110.015
11111.692
11113.174
11114.825
11116.539
11118.158
11119.819
11121.531
11123.197
11124.739
11126.35
11128.005
11129.653
11131.349
11133.044
11134.721
11136.529
11138.233
11139.788
11141.244
11142.674
11144.111
11145.651
11147.099
11148.54
11150.084
11151.497
11152.955
11154.345
11155.756
11157.3
11158.695
11160.135
11161.587
11163.162
11164.593
11166.046
11167.6
11168.992
11170.42
11171.824
11173.423
11174.891
11176.341
11177.892
11179.291
11180.754
11182.171
11183.72
11185.229
11186.813
11188.274
11189.735
11191.251
11192.66
11194.116
11195.527
11197.111
11198.533
11199.916
11201.387
11202.924
11204.333
11205.798
11207.229
11208.78
11210.445
11211.907
11213.351
11214.728
11216.309
11217.73
11219.143
11220.549
11221.975
11223.54
11224.99
11226.572
11227.995
11229.454
11230.859
11232.436
11233.856
11235.243
11236.647
11238.268
11239.705
11241.124
11242.545
11244.083
11245.522
11247.182
11248.615
11250.069
11251.614
11253.067
11254.498
11256.066
11257.471
11258.878
11260.273
11261.744
11263.3
11264.724
11266.125
11267.549
11268.967
11270.536
11271.938
11273.359
11274.806
11276.374
11277.772
11279.206
11280.808
11282.213
11283.868
11285.572
11287.043
11288.465
11290.037
11291.437
11292.89
11294.475
11295.884
11297.318
11298.783
11300.33
11301.732
11303.198
11304.598
11306.156
11307.559
11309.021
11310.464
11311.997
11313.378
11314.796
11316.223
11317.825
11319.237
11320.734
11322.293
11323.723
11325.134
11326.729
11328.143
11329.583
11331.256
11333
11334.716
11336.566
11338.274
11339.987
11341.706
11343.393
11345.08
11346.797
11348.509
11350.397
11352.091
11353.804
11355.512
11357.211
11358.921
11360.638
11362.519
11364.223
11365.911
11367.672
11369.394
11371.112
11372.974
11374.769
11376.34
11377.773
11379.249
11380.804
11382.266
11383.726
11385.261
11386.703
11388.335
11389.769
11391.401
11392.819
11394.243
11395.685
11397.233
11398.71
11400.136
11401.694
11403.096