0.08487
0.01624
0.0088
0.01824
0.02623
0.0262
0.02304
0.01527
0.00821
0
-0.00305
-0.0064
-0.01029
-0.01719
-0.02197
-0.02577
-0.03077
-0.0322
-0.03282
-0.0334
-0.03468
-0.03508
-0.03539
-0.03565
-0.03568
-0.03476
-0.03355
-0.03089
-0.02962
-0.02571
-0.02148
-0.01787
-0.01393
-0.00831
-0.00354
3.42858E-4
0.0031
0.00598
0.00693
0.00907
0.00984
0.01227
0.01472
0.01639
0.01519
0.01418
0.01363
0.01363
0.01298
0.01248
0.01205
0.00998
0.0081
0.00676
0.00408
0.00266
6.86826E-4
-0.00186
-0.00585
-0.0077
-0.01122
-0.0156
-0.01758
-0.02144
-0.02634
-0.03042
-0.03447
-0.03809
-0.04065
-0.04156
-0.04348
-0.04314
-0.04092
-0.03947
-0.03725
-0.03292
-0.02818
-0.02392
-0.02087
-0.01768
-0.01641
-0.0159
-0.01429
-0.01472
-0.01655
-0.01698
-0.0189
-0.02062
-0.02135
-0.0208
-0.02207
-0.02019
-0.01809
-0.01889
-0.01732
-0.01509
-0.01428
-0.01341
-0.01214
-0.0104
-0.00793
-0.00494
-0.00374
-0.00381
-0.00191
-9.46131E-4
3.05335E-4
0.00247
0.00533
0.0066
0.00763
0.00867
0.01013
0.00976
0.01
0.01011
0.00897
0.00772
0.0059
0.00423
0.00376
0.00314
0.00122
3.46674E-4
7.48116E-4
0.00122
0.00102
0.0031
0.00481
0.00483
0.00229
-4.10311E-4
-0.0032
-0.0057
-0.00923
-0.01254
-0.01639
-0.02025
-0.02567
-0.02971
-0.03007
-0.02949
-0.02835
-0.02603
-0.02235
-0.0173
-0.01255
-0.00684
-6.27975E-4
0.0061
0.01062
0.01216
0.01447
0.01564
0.01553
0.01461
0.01166
0.01012
0.00867
0.00749
0.00738
0.0109
0.01314
0.01436
0.01578
0.01632
0.01635
0.01801
0.01812
0.01672
0.01452
0.01028
0.00429
0.00187
-3.5869E-4
-0.00258
-0.00462
-0.00606
-0.00643
-0.00608
-0.00664
-0.0063
-0.00488
-0.00431
-0.0049
-0.00574
-0.00561
-0.004
-0.00379
-0.0071
-0.01013
-0.01124
-0.01376
-0.01566
-0.01621
-0.01513
-0.01131
-0.00893
-0.00772
-0.005
5.73365E-4
0.00556
0.01007
0.01666
0.02081
0.02398
0.02443
0.02214
0.02114
0.01881
0.01568
0.01328
0.01063
0.00854
0.00586
0.00469
0.00494
0.00644
0.0091
0.01204
0.01698
0.02197
0.0248
0.02726
0.03005
0.03273
0.03384
0.03343
0.03302
0.03375
0.03323
0.03177
0.03073
0.03034
0.02899
0.02826
0.02791
0.02893
0.03038
0.03132
0.03071
0.03156
0.03325
0.03573
0.03831
0.04269
0.04556
0.0463
0.04638
0.04587
0.04586
0.04683
0.04637
0.04515
0.04421
0.04329
0.04187
0.0408
0.03992
0.03946
0.03741
0.03525
0.03203
0.02941
0.02732
0.02333
0.01812
0.01212
0.00679
0.00276
-0.00158
-0.00394
-0.00685
-0.01118
-0.01629
-0.0223
-0.02924
-0.03452
-0.03728
-0.0424
-0.04829
-0.05316
-0.05825
-0.06171
-0.06239
-0.06335
-0.06293
-0.06165
-0.06219
-0.06305
-0.06061
-0.05836
-0.05645
-0.05408
-0.05346
-0.05366
-0.05176
-0.05018
-0.04725
-0.04311
-0.03924
-0.03433
-0.02949
-0.02515
-0.01873
-0.01192
-0.00463
0.00213
0.00819
0.01134
0.01613
0.0193
0.01798
0.01677
0.01465
0.00953
0.00256
-0.00496
-0.01371
-0.02209
-0.02757
-0.03511
-0.04094
-0.04431
-0.04696
-0.04951
-0.05129
-0.05136
-0.05194
-0.0518
-0.05108
-0.05186
-0.0543
-0.05601
-0.05816
-0.06117
-0.06241
-0.06249
-0.06209
-0.062
-0.06101
-0.05959
-0.05662
-0.04963
-0.04359
-0.03675
-0.02965
-0.02129
-0.01588
-0.00981
-4.69742E-4
0.00601
0.01201
0.01819
0.02252
0.02555
0.02916
0.03387
0.03654
0.04141
0.045
0.04618
0.04924
0.05254
0.05425
0.05726
0.06071
0.06181
0.06137
0.05993
0.05875
0.05864
0.05788
0.05751
0.05527
0.05428
0.05206
0.05074
0.05052
0.05178
0.0534
0.05428
0.05541
0.05556
0.05579
0.05574
0.0565
0.05646
0.05473
0.05363
0.05142
0.04927
0.04658
0.0428
0.04021
0.03573
0.03116
0.02467
0.01907
0.01542
0.01187
0.00987
0.00817
0.00652
0.00469
0.0032
0.0028
0.00362
0.00512
0.00562
0.00606
0.0067
0.00533
0.00289
6.2481E-4
-0.00178
-0.00342
-0.00428
-0.00438
-0.00179
0.00375
0.01013
0.0179
0.02782
0.03719
0.04576
0.05578
0.06594
0.07588
0.08705
0.09474
0.10181
0.107
0.10886
0.11116
0.11457
0.12042
0.12349
0.12653
0.12951
0.1304
0.1315
0.13235
0.13281
0.13483
0.13665
0.13911
0.14091
0.1424
0.14226
0.13931
0.13551
0.1311
0.12393
0.11656
0.10803
0.09652
0.0857
0.07253
0.06044
0.04979
0.04124
0.03336
0.02654
0.02288
0.01797
0.01269
0.00526
-0.00164
-0.00717
-0.0121
-0.01577
-0.01917
-0.02119
-0.02165
-0.0191
-0.01209
-0.00358
0.00858
0.02386
0.04228
0.06574
0.0931
0.12406
0.15572
0.19021
0.22544
0.26046
0.29543
0.33364
0.36971
0.40379
0.43571
0.46569
0.49491
0.52517
0.55415
0.581
0.61045
0.64125
0.66759
0.69378
0.72261
0.75051
0.77838
0.80625
0.8295
0.8495
0.86817
0.88302
0.89681
0.91171
0.9221
0.92592
0.92939
0.93063
0.92569
0.92105
0.91606
0.9112
0.906
0.90126
0.89414
0.89004
0.89045
0.88832
0.88467
0.88467
0.8856
0.88649
0.88861
0.89206
0.89591
0.89971
0.90313
0.90639
0.91047
0.91538
0.91803
0.91978
0.92184
0.92108
0.91807
0.91403
0.91001
0.90256
0.8924
0.8844
0.87804
0.87421
0.869
0.86325
0.85899
0.85593
0.84928
0.84106
0.83439
0.82767
0.8173
0.80579
0.79416
0.78413
0.77622
0.76874
0.76121
0.75797
0.75297
0.74651
0.7423
0.74076
0.73756
0.73371
0.72808
0.72135
0.71481
0.70995
0.70525
0.70469
0.7051
0.70316
0.70058
0.69849
0.69724
0.69663
0.69718
0.69953
0.7029
0.70868
0.71455
0.72431
0.73805
0.74959
0.76405
0.7776
0.79224
0.80725
0.82149
0.83757
0.85386
0.86832
0.88096
0.893
0.90761
0.92157
0.93559
0.94936
0.95951
0.96778
0.97392
0.97971
0.98819
0.99532
1.00358
1.00951
1.01517
1.02065
1.0277
1.03575
1.04189
1.04786
1.04926
1.04713
1.04654
1.04027
1.03624
1.02983
1.0243
1.01645
1.00708
0.99902
0.99033
0.98366
0.97929
0.97558
0.9755
0.97544
0.97787
0.98108
0.98662
0.99388
1.00049
1.00633
1.01192
1.01765
1.02192
1.02867
1.03434
1.03793
1.04198
1.0457
1.04884
1.05459
1.06197
1.06896
1.07809
1.08528
1.09021
1.09247
1.09459
1.09462
1.09234
1.08972
1.0844
1.0767
1.06921
1.0602
1.05444
1.04822
1.04453
1.03987
1.03583
1.03545
1.03445
1.03868
1.04444
1.05275
1.05848
1.06423
1.07092
1.07524
1.0813
1.08806
1.09153
1.09715
1.10043
1.10227
1.10154
1.10318
1.10408
1.1046
1.10709
1.111
1.1158
1.12549
1.13635
1.14533
1.15505
1.16063
1.16303
1.1666
1.16937
1.17176
1.17059
1.16924
1.16083
1.14983
1.13933
1.12686
1.11784
1.10973
1.10034
1.09122
1.08566
1.08365
1.07769
1.07367
1.07237
1.0725
1.07289
1.07453
1.07841
1.08322
1.08551
1.08395
1.0785
1.07591
1.07492
1.07342
1.0732
1.0764
1.07846
1.08126
1.08546
1.09369
1.10312
1.11642
1.1287
1.13928
1.14849
1.15592
1.16238
1.17192
1.18003
1.18305
1.1828
1.182
1.18047
1.17731
1.17588
1.17555
1.17306
1.16831
1.16154
1.15633
1.15445
1.15707
1.1587
1.15878
1.15974
1.16034
1.16062
1.16264
1.16489
1.16474
1.1596
1.15054
1.13581
1.1216
1.10699
1.0944
1.08315
1.07158
1.05672
1.04374
1.03266
1.02661
1.02458
1.026
1.0276
1.02894
1.02751
1.02539
1.02254
1.0219
1.02085
1.0197
1.01362
1.00565
0.99491
0.98247
0.97012
0.95671
0.94249
0.92856
0.91435
0.90065
0.88767
0.87822
0.87076
0.86767
0.86703
0.86496
0.86441
0.86441
0.86387
0.86468
0.8649
0.86599
0.86687
0.86691
0.86537
0.86433
0.86617
0.87105
0.8772
0.88237
0.88618
0.88914
0.89127
0.89531
0.90102
0.90685
0.91356
0.91807
0.92034
0.92073
0.92396
0.93074
0.94018
0.94869
0.95308
0.95474
0.95552
0.95474
0.957
0.95882
0.9597
0.95781
0.95092
0.93871
0.92462
0.9091
0.89263
0.87563
0.85657
0.83526
0.81654
0.80039
0.7867
0.77469
0.76549
0.75757
0.75183
0.74672
0.74421
0.74481
0.74836
0.74994
0.74865
0.74567
0.74329
0.7429
0.74561
0.74918
0.75545
0.76138
0.76831
0.77257
0.777
0.78303
0.79238
0.80448
0.81992
0.83651
0.8519
0.86742
0.88189
0.89296
0.90331
0.91343
0.92655
0.93842
0.94889
0.95657
0.96167
0.96731
0.97096
0.97359
0.97598
0.98001
0.98553
0.9893
0.99179
0.99261
0.99193
0.98801
0.98123
0.97442
0.96779
0.96295
0.96179
0.96091
0.95894
0.95434
0.94818
0.94166
0.93599
0.93203
0.93012
0.92964
0.9304
0.92561
0.91809
0.9088
0.89956
0.89036
0.87966
0.86868
0.85669
0.84098
0.8213
0.79673
0.76989
0.74021
0.71085
0.68191
0.65491
0.62995
0.6035
0.58069
0.56047
0.53798
0.51596
0.49742
0.48294
0.46876
0.45717
0.44475
0.42995
0.41521
0.39664
0.37419
0.35414
0.33478
0.31527
0.29454
0.2743
0.25362
0.23347
0.21428
0.19998
0.18809
0.1787
0.17185
0.16872
0.16521
0.16224
0.15797
0.15175
0.14576
0.13794
0.12618
0.11573
0.10465
0.09027
0.0735
0.05948
0.04594
0.03262
0.02137
0.00996
9.18717E-4
-0.00628
-0.01344
-0.02111
-0.02597
-0.02926
-0.03212
-0.03467
-0.03628
-0.03704
-0.03957
-0.04099
-0.04082
-0.03988
-0.03769
-0.0351
-0.0329
-0.03011
-0.02803
-0.0259
-0.02404
-0.02019
-0.01646
-0.01449
-0.01305
-0.01049
-0.00841
-0.00797
-0.00808
-0.00673
-0.00453
-0.00225
9.45244E-4
0.003
0.00512
0.00696
0.00748
0.00823
0.01037
0.01158
0.01118
0.01095
0.0098
0.00662
0.00328
0.00154
1.28592E-5
-5.31204E-4
3.28632E-4
0.00181
0.00289
0.00433
0.00452
0.0035
0.00354
0.00603
0.00755
0.01026
0.01324
0.0177
0.02209
0.02651
0.03194
0.03654
0.04262
0.04929
0.05028
0.0503
0.04934
0.04672
0.04375
0.04165
0.04074
0.04004
0.03985
0.03831
0.03539
0.03249
0.03094
0.0286
0.02811
0.0269
0.02676
0.02701
0.02761
0.02865
0.03041
0.03161
0.03202
0.03002
0.02955
0.02719
0.02457
0.02068
0.01868
0.01636
0.01344
0.01049
0.00962
0.01061
0.01252
0.01508
0.01808
0.02044
0.02254
0.02555
0.03061
0.03562
0.04209
0.04581
0.04853
0.05019
0.05216
0.05299
0.05371
0.05459
0.05444
0.05165
0.04984
0.04845
0.04756
0.04532
0.04459
0.04271
0.04044
0.03642
0.0323
0.02802
0.0243
0.01806
0.00921
0.00129
-0.00513
-0.01038
-0.01531
-0.01873
-0.02087
-0.02428
-0.02691
-0.03039
-0.03185
-0.0305
-0.02832
-0.02743
-0.02696
-0.02573
-0.02387
-0.02402
-0.02204
-0.02117
-0.02096
-0.02041
-0.02105
-0.02348
-0.02637
-0.02806
-0.03186
-0.03611
-0.03791
-0.03922
-0.03806
-0.03568
-0.03333
-0.03224
-0.03159
-0.03163
-0.03293
-0.03329
-0.03378
-0.03429
-0.03461
-0.03695
-0.0386
-0.04109
-0.04384
-0.04596
-0.04737
-0.05031
-0.05113
-0.05244
-0.05509
-0.05817
-0.05971
-0.06168
-0.06242
-0.06102
-0.06008
-0.0559
-0.05085
-0.04651
-0.04241
-0.03809
-0.03289
-0.0286
-0.02382
-0.01861
-0.01191
-0.0057
-7.5256E-4
0.00517
0.00993
0.0153
0.02197
0.02647
0.02995
0.0339
0.03447
0.03151
0.02906
0.02522
0.02188
0.02077
0.02084
0.02017
0.02111
0.02153
0.02082
0.01971
0.01784
0.01579
0.01226
0.00816
0.00304
-0.00294
-0.01092
-0.01992
-0.02959
-0.03988
-0.04714
-0.05283
-0.05971
-0.0652
-0.07083
-0.07777
-0.0841
-0.08759
-0.08905
-0.08755
-0.08388
-0.08013
-0.0759
-0.07237
-0.07014
-0.06989
-0.06922
-0.06771
-0.06527
-0.06273
-0.06041
-0.05822
-0.05639
-0.05406
-0.05051
-0.0479
-0.04299
-0.03639
-0.03021
-0.02531
-0.02031
-0.01665
-0.01411
-0.01091
-0.00728
-0.00328
0.00227
0.00606
0.00906
0.00996
0.01265
0.0145
0.01644
0.01883
0.0206
0.02212
0.02417
0.02586
0.02596
0.02613
0.0271
0.02793
0.02956
0.0317
0.0344
0.03571
0.03757
0.03823
0.03887
0.03977
0.04091
0.04059
0.03852
0.03528
0.03355
0.03119
0.02886
0.02686
0.02626
0.02434
0.024
0.02118
0.01998
0.01955
0.01986
0.01922
0.01856
0.01807
0.0152
0.01109
0.00691
0.00121
-0.00254
-0.00717
-0.01246
-0.01792
-0.02521
-0.03306
-0.04153
-0.04915
-0.0553
-0.06103
-0.06393
-0.06766
-0.07058
-0.0752
-0.08184
-0.08635
-0.09186
-0.09802
-0.10441
-0.11326
-0.12165
-0.13202
-0.14293
-0.14704
-0.16446
-0.17382
-0.17805
-0.17362
-0.15878
-0.14457
-0.13007
-0.10916
-0.07547
-0.03968
-0.00457
0.05503
0.15066
0.2532
0.35395
0.4587
0.54748
0.62375
0.69979
0.77576
0.85331
0.93357
1.01063
1.09019
1.16758
1.24604
1.32705
1.40964
1.49139
1.57278
1.64681
1.71316
1.771
1.82286
1.86874
1.90943
1.93891
1.9593
1.97165
1.9793
1.9834
1.98941
1.99529
2.00123
2.00432
2.00601
2.0059
2.00896
2.01481
2.01953
2.0237
2.02639
2.02734
2.02905
2.03182
2.03619
2.04011
2.04432
2.0471
2.04916
2.0524
2.0566
2.05926
2.06224
2.06659
2.07133
2.07619
2.08122
2.08794
2.09607
2.10269
2.10788
2.11177
2.1173
2.12551
2.13399
2.14018
2.14876
2.15679
2.1606
2.16567
2.174
2.18464
2.19637
2.20719
2.21378
2.21928
2.22705
2.23356
2.24074
2.24951
2.25617
2.25901
2.26307
2.26776
2.27352
2.2781
2.28109
2.28486
2.28637
2.28725
2.28873
2.29085
2.29458
2.29532
2.29414
2.28903
2.28596
2.28081
2.27404
2.26844
2.26226
2.25526
2.24738
2.23949
2.23326
2.22661
2.22186
2.21496
2.21018
2.20199
2.19533
2.18898
2.18328
2.17591
2.16683
2.1568
2.14809
2.14267
2.1375
2.13467
2.13296
2.12986
2.12777
2.12521
2.12704
2.12952
2.13192
2.13626
2.141
2.1487
2.15416
2.16213
2.16721
2.16946
2.17045
2.16714
2.16835
2.17051
2.17157
2.17068
2.16991
2.16978
2.16938
2.17015
2.17313
2.17809
2.18132
2.18106
2.17788
2.17492
2.17007
2.16464
2.16026
2.15525
2.15309
2.14911
2.14498
2.14667
2.14578
2.14536
2.14441
2.14559
2.1459
2.1473
2.14849
2.15003
2.15297
2.15087
2.14778
2.14505
2.1412
2.13917
2.13655
2.1368
2.13733
2.13771
2.13428
2.1302
2.13005
2.12952
2.13107
2.13477
2.13715
2.1382
2.13608
2.13103
2.12678
2.12326
2.11732
2.11136
2.10351
2.09402
2.08357
2.07377
2.0664
2.0631
2.06036
2.05661
2.05562
2.05609
2.05697
2.0588
2.0634
2.06977
2.07337
2.07472
2.07419
2.07545
2.07797
2.07944
2.08377
2.08865
2.0959
2.10081
2.1067
2.1132
2.11949
2.1216
2.12313
2.12599
2.12911
2.1319
2.13336
2.13313
2.13119
2.12525
2.11713
2.1108
2.10962
2.10817
2.1071
2.10595
2.10497
2.10161
2.09731
2.0961
2.09976
2.10797
2.11611
2.12251
2.12837
2.1286
2.12809
2.1254
2.12737
2.12901
2.13075
2.13054
2.12906
2.12807
2.12599
2.12325
2.12254
2.12083
2.12227
2.12304
2.1253
2.13001
2.13321
2.13739
2.14173
2.14512
2.15027
2.15864
2.16957
2.17701
2.18381
2.18888
2.18924
2.18994
2.1919
2.19262
2.19645
2.19842
2.19616
2.19173
2.18576
2.18095
2.17616
2.17543
2.1756
2.17287
2.17053
2.16855
2.17023
2.17397
2.17841
2.18538
2.18742
2.19103
2.18956
2.18764
2.18528
2.18353
2.178
2.16971
2.16292
2.15487
2.14717
2.13995
2.13389
2.1265
2.11872
2.11356
2.10693
2.10481
2.10177
2.09835
2.09505
2.09201
2.09107
2.0876
2.09
2.09411
2.09656
2.09928
2.0971
2.09616
2.09425
2.09622
2.09897
2.10377
2.10951
2.11477
2.11905
2.12255
2.12449
2.1303
2.13526
2.14095
2.14604
2.15038
2.15541
2.15958
2.16118
2.16251
2.16271
2.16606
2.17002
2.1763
2.1822
2.18638
2.19056
2.19113
2.18992
2.18729
2.18278
2.18069
2.17759
2.17249
2.16487
2.15605
2.14583
2.13283
2.12113
2.111
2.10503
2.1046
2.10191
2.09906
2.09602
2.09455
2.09185
2.08944
2.08954
2.09038
2.09221
2.09411
2.09138
2.08962
2.08741
2.08671
2.08507
2.08476
2.08585
2.08875
2.0913
2.09681
2.1018
2.10763
2.11163
2.11603
2.11861
2.12118
2.12736
2.13222
2.13525
2.13769
2.13473
2.13193
2.13087
2.13023
2.12888
2.13079
2.13515
2.13941
2.14248
2.14746
2.1523
2.15973
2.1665
2.17123
2.17647
2.18196
2.18413
2.1826
2.17987
2.17964
2.17491
2.16963
2.16665
2.16716
2.16508
2.16209
2.15434
2.14073
2.12247
2.09637
2.06142
2.02336
1.97788
1.92191
1.85513
1.78461
1.70576
1.6228
1.53627
1.44826
1.3585
1.26904
1.17718
1.08478
0.9928
0.9007
0.80737
0.7174
0.65054
0.58804
0.5281
0.46687
0.40783
0.34779
0.28826
0.23122
0.17944
0.14062
0.10757
0.08116
0.04893
0.01725
-0.00918
-0.0293
-0.0377
-0.03745
-0.03036
-0.01633
-0.0019
0.01619
0.03605
0.05797
0.08009
0.1036
0.12766
0.14801
0.16652
0.18416
0.20209
0.22127
0.23782
0.25636
0.26574
0.27199
0.2764
0.27874
0.28098
0.28306
0.28662
0.28951
0.28926
0.28691
0.28129
0.27327
0.26598
0.25869
0.25161
0.24452
0.23697
0.22772
0.22026
0.21542
0.21208
0.20766
0.2058
0.20682
0.20851
0.21209
0.21734
0.22416
0.23209
0.23897
0.24245
0.24619
0.25145
0.25663
0.26148
0.27015
0.27538
0.27779
0.28159
0.28487
0.2891
0.29463
0.30027
0.30707
0.31295
0.31632
0.31731
0.31926
0.32221
0.32354
0.32096
0.31789
0.31553
0.31146
0.30475
0.30008
0.29665
0.29421
0.29122
0.28721
0.28385
0.28438
0.28384
0.2833
0.28361
0.28421
0.28152
0.27846
0.27207
0.26423
0.25659
0.24905
0.24191
0.2357
0.22979
0.22487
0.221
0.21718
0.21337
0.21032
0.20851
0.20907
0.20801
0.2058
0.20445
0.20302
0.20028
0.19579
0.19122
0.1857
0.18141
0.1783
0.17361
0.17008
0.16583
0.15964
0.1534
0.14736
0.14221
0.13914
0.13602
0.13315
0.1287
0.12201
0.11614
0.11065
0.1054
0.09916
0.09375
0.08875
0.08395
0.07899
0.07331
0.06892
0.06603
0.06259
0.05939
0.05619
0.05465
0.05252
0.05085
0.04759
0.04328
0.03808
0.03171
0.02612
0.02159
0.01782
0.01527
0.01318
0.01176
0.01179
0.0126
0.01633
0.02095
0.0257
0.02992
0.03341
0.03731
0.04058
0.04237
0.04178
0.04008
0.03979
0.03795
0.03675
0.03597
0.03484
0.03425
0.03414
0.0331
0.03144
0.03113
0.03092
0.03219
0.03463
0.03667
0.03806
0.03991
0.03969
0.03707
0.03536
0.03514
0.03359
0.03102
0.02768
0.02244
0.0153
0.00857
0.00133
-0.0058
-0.01069
-0.01401
-0.01811
-0.02163
-0.02395
-0.02703
-0.02839
-0.02815
-0.0288
-0.03112
-0.03164
-0.03279
-0.03677
-0.03919
-0.04311
-0.04572
-0.0488
-0.05312
-0.05857
-0.06174
-0.06128
-0.06246
-0.06453
-0.06468
-0.06654
-0.06652
-0.06842
-0.06849
-0.06808
-0.06632
-0.06586
-0.06848
-0.07124
-0.07217
-0.07257
-0.07199
-0.07152
-0.07064
-0.06975
-0.06755
-0.06518
-0.06467
-0.06169
-0.05622
-0.05256
-0.04958
-0.04877
-0.0461
-0.04219
-0.04104
-0.04151
-0.04361
-0.04367
-0.04463
-0.04689
-0.04898
-0.05021
-0.0484
-0.04862
-0.04837
-0.04657
-0.0439
-0.03915
-0.03441
-0.03006
-0.0259
-0.02109
-0.01608
-0.01286
-0.00961
-0.00747
-0.00441
8.86096E-4
0.00581
0.01272
0.02072
0.02794
0.03396
0.03806
0.04381
0.05109
0.05785
0.06304
0.06639
0.06823
0.06783
0.0659
0.06386
0.06201
0.06111
0.05755
0.05283
0.04782
0.04203
0.03518
0.02732
0.01886
0.01012
0.00186
-0.00596
-0.01481
-0.02183
-0.02966
-0.03811
-0.04649
-0.0555
-0.06461
-0.07063
-0.074
-0.07743
-0.0813
-0.08349
-0.08725
-0.09047
-0.09324
-0.09489
-0.09517
-0.09275
-0.09125
-0.09062
-0.08967
-0.0893
-0.08939
-0.08744
-0.08235
-0.07641
-0.06877
-0.06161
-0.05427
-0.04858
-0.04298
-0.03675
-0.0297
-0.02222
-0.01488
-0.00868
-0.00303
0.00203
0.00538
0.00734
0.00995
0.01271
0.01514
0.01776
0.02006
0.02015
0.02021
0.02049
0.02072
0.02181
0.02447
0.02767
0.03137
0.03507
0.03896
0.04068
0.04228
0.04309
0.04573
0.0449
0.04476
0.04289
0.03992
0.03674
0.03343
0.02777
0.02225
0.01677
0.01143
0.0059
0.00302
2.00858E-4
-0.00239
-0.00444
-0.00658
-0.00862
-0.00698
-0.00435
-9.8371E-4
0.00183
0.0044
0.00577
0.01438
0.0313
0.04653
0.06267
0.07738
0.09129
0.10443
0.11629
0.1301
0.14186
0.14201
0.13597
0.12793
0.12046
0.11474
0.1101
0.1047
0.10042
0.09551
0.09017
0.08348
0.07491
0.06561
0.05868
0.05247
0.04658
0.03809
0.03053
0.02345
0.00488
-0.02998
-0.05304
-0.07035
-0.07708
-0.07461
-0.05445
-0.0177
0.03159
0.08771
0.15559
0.23436
0.31968
0.40407
0.49017
0.58276
0.6763
0.76762
0.87682
0.98695
1.0985
1.2089
1.31802
1.42669
1.53657
1.64619
1.75308
1.85978
1.96845
2.07707
2.18709
2.29734
2.40672
2.5078
2.60307
2.6904
2.76687
2.83568
2.89376
2.94319
2.98438
3.01593
3.03813
3.05199
3.06893
3.08319
3.09375
3.10456
3.1153
3.12482
3.13277
3.14205
3.15108
3.16134
3.1731
3.18021
3.19038
3.19993
3.20945
3.21643
3.22155
3.22818
3.22937
3.23074
3.22762
3.22227
3.22026
3.21604
3.21424
3.21382
3.2133
3.21378
3.2119
3.21016
3.20768
3.20705
3.20808
3.20653
3.20425
3.20151
3.19916
3.20054
3.20035
3.20043
3.20126
3.20275
3.20532
3.20585
3.20775
3.21103
3.2157
3.22134
3.22562
3.23494
3.24403
3.25586
3.26819
3.27889
3.28939
3.29552
3.30211
3.30618
3.3077
3.3056
3.30127
3.29776
3.28902
3.27853
3.26907
3.2601
3.25194
3.24262
3.23334
3.22162
3.21263
3.20319
3.19243
3.18445
3.17508
3.16905
3.1641
3.16133
3.15667
3.15135
3.14906
3.1487
3.14823
3.14728
3.14434
3.14481
3.14495
3.14366
3.14166
3.14193
3.1443
3.14726
3.15055
3.15331
3.15723
3.16372
3.16839
3.17272
3.17732
3.18365
3.19272
3.20035
3.2075
3.21386
3.2207
3.22876
3.23322
3.23689
3.24104
3.24693
3.24906
3.24516
3.24045
3.23743
3.2346
3.23272
3.23029
3.22973
3.22747
3.22446
3.21961
3.21834
3.22146
3.22338
3.22558
3.22588
3.22479
3.22606
3.22878
3.23262
3.23348
3.23249
3.22988
3.22612
3.22354
3.22155
3.22206
3.22323
3.22254
3.2187
3.21536
3.21557
3.21911
3.22231
3.22266
3.223
3.22193
3.21813
3.21587
3.21492
3.21581
3.21815
3.21848
3.21597
3.21349
3.21242
3.21233
3.21155
3.21017
3.20747
3.20171
3.19792
3.1966
3.19489
3.19535
3.19693
3.19784
3.19797
3.19862
3.19842
3.2006
3.20481
3.20719
3.21196
3.216
3.22183
3.22733
3.23488
3.24362
3.2513
3.26028
3.26478
3.27118
3.28009
3.28397
3.28954
3.29591
3.30368
3.30931
3.31313
3.31621
3.32166
3.32989
3.33346
3.33689
3.34116
3.34581
3.34613
3.34373
3.34231
3.34332
3.34191
3.33915
3.33542
3.33055
3.3241
3.31663
3.30636
3.2941
3.28202
3.26819
3.25563
3.24884
3.23849
3.22731
3.22063
3.21308
3.20309
3.19401
3.18931
3.18626
3.18689
3.18584
3.17855
3.17759
3.17748
3.17297
3.16668
3.16475
3.16195
3.15897
3.15614
3.15273
3.15
3.15061
3.14869
3.14866
3.15109
3.15648
3.16221
3.16968
3.17788
3.18297
3.18839
3.19344
3.19961
3.20261
3.20531
3.20779
3.20805
3.20553
3.20267
3.19691
3.19552
3.19655
3.19716
3.19829
3.20578
3.21663
3.22803
3.24296
3.25848
3.27507
3.29271
3.30451
3.31306
3.32013
3.32515
3.32447
3.32152
3.3185
3.31467
3.31194
3.30938
3.30306
3.29872
3.29267
3.28844
3.28673
3.28907
3.29121
3.29346
3.29472
3.29384
3.29005
3.28923
3.28767
3.28767
3.28481
3.27842
3.26878
3.25764
3.2466
3.233
3.22004
3.21181
3.20489
3.20027
3.19686
3.19623
3.19697
3.1971
3.19823
3.19774
3.19812
3.19994
3.20161
3.20201
3.20363
3.2034
3.20207
3.20209
3.20306
3.20394
3.20798
3.21193
3.21454
3.2135
3.21228
3.21016
3.20859
3.2092
3.20732
3.20678
3.20649
3.2055
3.20511
3.20459
3.2061
3.20568
3.20802
3.21077
3.21437
3.2186
3.22227
3.22602
3.22937
3.23222
3.23815
3.24007
3.2443
3.2435
3.24037
3.23651
3.23355
3.23101
3.23104
3.23057
3.23321
3.23519
3.23841
3.24198
3.24655
3.25308
3.25857
3.26344
3.26885
3.2715
3.27364
3.27247
3.27289
3.27407
3.27467
3.27481
3.27435
3.27572
3.27705
3.27257
3.26148
3.24107
3.21711
3.18141
3.13977
3.09008
3.0341
2.96927
2.89024
2.80008
2.7032
2.60004
2.49545
2.38686
2.27637
2.16414
2.0524
1.93614
1.81977
1.70442
1.58913
1.47637
1.36714
1.25813
1.14673
1.03699
0.93073
0.82308
0.71534
0.60828
0.50775
0.41448
0.32955
0.24927
0.17798
0.11932
0.07209
0.0286
-0.00685
-0.02899
-0.04258
-0.05231
-0.05645
-0.06048
-0.05999
-0.05799
-0.05618
-0.05388
-0.04916
-0.04317
-0.03748
-0.03027
-0.0222
-0.01612
-0.00808
-1.30671E-4
0.00915
0.01844
0.03048
0.04111
0.05089
0.05706
0.0606
0.06351
0.06793
0.07146
0.07524
0.07916
0.08752
0.09472
0.10178
0.10926
0.1186
0.12819
0.13659
0.14441
0.15176
0.1601
0.16708
0.16982
0.17072
0.17129
0.17198
0.17013
0.16839
0.16638
0.16306
0.15865
0.1521
0.14282
0.13514
0.12994
0.12568
0.12218
0.12006
0.1185
0.11896
0.11874
0.1183
0.11644
0.1161
0.11554
0.11426
0.11338
0.11212
0.11374
0.11011
0.10435
0.10003
0.09533
0.09299
0.09337
0.0925
0.09238
0.09328
0.09424
0.0933
0.09488
0.09681
0.09826
0.10202
0.10407
0.10365
0.10566
0.10775
0.10727
0.1063
0.10384
0.10012
0.09805
0.09506
0.09178
0.08862
0.08614
0.08265
0.0779
0.07104
0.06498
0.05994
0.05351
0.04655
0.03975
0.03123
0.0251
0.01915
0.01213
0.00551
0.00128
-0.00495
-0.00992
-0.01437
-0.01955
-0.02173
-0.02281
-0.02603
-0.02936
-0.03062
-0.03118
-0.02981
-0.02436
-0.02129
-0.01694
-0.0127
-0.00806
-0.00265
0.00426
0.0121
0.02067
0.02872
0.03687
0.0438
0.05115
0.05777
0.06409
0.06871
0.07063
0.0721
0.073
0.07221
0.07045
0.06712
0.06537
0.06239
0.05839
0.05433
0.04905
0.04348
0.03621
0.02936
0.02223
0.01477
0.01042
0.00566
0.00287
-0.0014
-0.00462
-0.00835
-0.01147
-0.01311
-0.01617
-0.01772
-0.01731
-0.01733
-0.01783
-0.0181
-0.01849
-0.01865
-0.01789
-0.01674
-0.01581
-0.01317
-0.01173
-0.01144
-0.01078
-0.00983
-0.00962
-0.00755
-0.00538
-0.00314
-0.00126
0.00104
0.00162
0.0018
0.00154
-8.75399E-4
-0.00298
-0.00604
-0.00997
-0.01357
-0.01717
-0.01964
-0.02415
-0.029
-0.03332
-0.03656
-0.04018
-0.04366
-0.04622
-0.04658
-0.04751
-0.04815
-0.05021
-0.05075
-0.05007
-0.04926
-0.04906
-0.04886
-0.04846
-0.0472
-0.04505
-0.04395
-0.04397
-0.04271
-0.04299
-0.04289
-0.04184
-0.03981
-0.03649
-0.03418
-0.03302
-0.03373
-0.03338
-0.03146
-0.0298
-0.02844
-0.02715
-0.02627
-0.02558
-0.02611
-0.02777
-0.02736
-0.0236
-0.019
-0.01462
-0.01237
-0.00811
-0.00401
-3.34923E-4
0.0022
0.00434
0.00632
0.00841
0.0091
0.00995
0.01133
0.01394
0.01488
0.01351
0.01068
0.00784
0.0059
0.00508
0.00413
0.00225
-5.10291E-4
-0.00264
-0.00588
-0.00811
-0.00949
-0.00975
-0.00995
-0.01156
-0.01527
-0.0194
-0.02361
-0.02725
-0.03284
-0.03805
-0.04383
-0.04885
-0.05391
-0.05793
-0.06114
-0.06147
-0.06216
-0.06195
-0.06393
-0.06553
-0.06655
-0.0667
-0.06524
-0.06382
-0.06297
-0.06325
-0.06575
-0.06723
-0.06832
-0.06819
-0.06718
-0.0654
-0.06364
-0.06122
-0.05731
-0.05358
-0.04921
-0.04283
-0.03661
-0.03078
-0.02477
-0.01895
-0.01354
-0.00788
-0.00311
-2.47947E-4
0.00124
0.00341
0.00495
0.00752
0.011
0.01482
0.02023
0.02598
0.03086
0.03453
0.04097
0.05059
0.05926
0.06683
0.07267
0.07097
0.06603
0.059
0.05022
0.04195
0.03345
0.0227
0.01089
4.96658E-4
-0.00842
-0.01674
-0.02345
-0.02869
-0.03407
-0.03724
-0.04001
-0.04396
-0.04643
-0.05013
-0.05498
-0.06037
-0.06563
-0.07401
-0.08141
-0.08958
-0.09549
-0.10304
-0.11092
-0.11709
-0.12244
-0.12619
-0.1301
-0.13374
-0.13567
-0.13609
-0.13919
-0.14057
-0.12561
-0.10024
-0.06437
-0.01655
0.04263
0.11403
0.19771
0.29234
0.39968
0.5224
0.65711
0.79216
0.92897
1.06582
1.20315
1.34086
1.4797
1.61559
1.75887
1.90253
2.0452
2.18686
2.3286
2.46842
2.60865
2.75054
2.89135
3.0288
3.17098
3.31498
3.45548
3.58384
3.70207
3.80873
3.9029
3.98666
4.05724
4.11652
4.16514
4.19792
4.21833
4.22836
4.23595
4.24193
4.24597
4.25085
4.25435
4.25647
4.25978
4.26346
4.26938
4.2719
4.27657
4.28398
4.29445
4.304
4.31075
4.31793
4.3277
4.33107
4.33185
4.33314
4.33489
4.33057
4.32657
4.32003
4.31309
4.30933
4.30408
4.29708
4.29474
4.29238
4.29063
4.29008
4.29193
4.29325
4.29217
4.29127
4.28913
4.28639
4.28228
4.2768
4.2743
4.26786
4.26233
4.25674
4.2499
4.24467
4.24014
4.23689
4.23838
4.24251
4.24762
4.25037
4.25823
4.26367
4.26869
4.27392
4.27781
4.28112
4.28328
4.28193
4.27794
4.27169
4.26653
4.25936
4.25408
4.25066
4.24832
4.24496
4.2438
4.2454
4.24643
4.24868
4.25489
4.26146
4.26657
4.27114
4.2776
4.28361
4.29034
4.29505
4.2961
4.29864
4.3023
4.30233
4.30328
4.30584
4.30782
4.30926
4.31053
4.31168
4.31378
4.31845
4.32385
4.32869
4.3347
4.33866
4.3425
4.3462
4.35081
4.354
4.35703
4.35966
4.36279
4.3625
4.35969
4.35739
4.35704
4.35668
4.3576
4.35646
4.35542
4.35577
4.35594
4.35443
4.35532
4.35651
4.35845
4.35953
4.35527
4.34761
4.34273
4.33896
4.33502
4.33211
4.32915
4.3244
4.32383
4.32288
4.32035
4.32104
4.3234
4.32018
4.31756
4.31207
4.30356
4.29415
4.28548
4.2732
4.25771
4.24226
4.22824
4.21726
4.20956
4.20077
4.19215
4.18517
4.17936
4.17314
4.16727
4.16502
4.1671
4.16818
4.16884
4.16643
4.16421
4.16254
4.16218
4.15987
4.15928
4.15966
4.16178
4.16324
4.16609
4.16731
4.1732
4.1807
4.19094
4.19993
4.21202
4.22567
4.23683
4.24541
4.25262
4.25854
4.26323
4.2684
4.27399
4.27599
4.27932
4.28018
4.27833
4.27608
4.27499
4.27215
4.27232
4.27176
4.26959
4.26836
4.27052
4.27059
4.27204
4.2725
4.27483
4.27845
4.28056
4.27845
4.27856
4.27376
4.26585
4.25786
4.24929
4.24356
4.24047
4.23651
4.23199
4.23251
4.23421
4.23494
4.24286
4.24935
4.25539
4.26413
4.27233
4.27693
4.28263
4.28732
4.288
4.28979
4.29115
4.29094
4.29352
4.29745
4.29997
4.29963
4.29899
4.30067
4.30098
4.30252
4.30736
4.31515
4.32132
4.32869
4.33314
4.33583
4.33865
4.34324
4.34431
4.34635
4.3477
4.34543
4.34253
4.34054
4.3381
4.33634
4.33932
4.3411
4.34178
4.34694
4.35019
4.35367
4.35332
4.35319
4.34992
4.34491
4.34117
4.33398
4.32803
4.32447
4.3171
4.31098
4.30505
4.30139
4.29372
4.28869
4.28277
4.27702
4.27243
4.26827
4.2626
4.25877
4.25585
4.25154
4.24761
4.2463
4.24342
4.24213
4.24126
4.24231
4.24328
4.24806
4.2522
4.25765
4.26225
4.26967
4.27569
4.28336
4.29388
4.30315
4.31157
4.32379
4.33345
4.34133
4.34778
4.35579
4.36103
4.36977
4.37684
4.38003
4.38296
4.38396
4.38114
4.37598
4.37407
4.37292
4.37081
4.37114
4.36475
4.3594
4.35277
4.34533
4.33657
4.32768
4.32054
4.31495
4.30908
4.30631
4.30295
4.30188
4.30064
4.30172
4.30043
4.30025
4.3006
4.3026
4.30509
4.30816
4.30769
4.30747
4.31096
4.31357
4.31787
4.32655
4.33773
4.34892
4.35863
4.36573
4.37153
4.38179
4.39163
4.40042
4.40973
4.41854
4.42604
4.42994
4.43088
4.43058
4.42959
4.42543
4.4229
4.42216
4.42081
4.41904
4.41514
4.41381
4.41481
4.41318
4.41213
4.41252
4.41502
4.41116
4.40652
4.40202
4.39822
4.39549
4.38974
4.38063
4.36886
4.34815
4.31452
4.26999
4.21599
4.15069
4.07236
3.98176
3.87916
3.76482
3.64104
3.51234
3.38189
3.2469
3.10914
2.96987
2.82937
2.68941
2.54752
2.40229
2.25899
2.11517
1.97055
1.82407
1.68044
1.5386
1.3966
1.25302
1.10662
0.96221
0.82235
0.68665
0.56237
0.43371
0.30456
0.18393
0.07562
-0.0228
-0.10877
-0.16053
-0.18444
-0.19875
-0.20812
-0.21436
-0.21932
-0.21952
-0.21661
-0.21035
-0.20259
-0.19466
-0.18583
-0.1792
-0.17216
-0.16261
-0.15118
-0.13957
-0.13119
-0.12213
-0.1114
-0.10026
-0.08935
-0.07844
-0.06428
-0.04928
-0.03178
-0.02182
-0.0202
-0.01649
-0.01421
-0.00979
-0.00348
0.00207
0.00792
0.01124
0.01564
0.02184
0.02543
0.02838
0.02997
0.03121
0.03203
0.03021
0.03077
0.03118
0.03228
0.03107
0.03003
0.02945
0.02726
0.02422
0.02098
0.01787
0.01489
0.01003
0.00453
6.83871E-4
-0.00323
-0.00933
-0.01492
-0.01685
-0.01887
-0.02092
-0.02418
-0.02627
-0.0257
-0.0255
-0.0289
-0.03184
-0.03388
-0.03432
-0.03532
-0.03657
-0.03652
-0.03565
-0.03423
-0.03477
-0.03483
-0.03579
-0.03699
-0.03681
-0.03776
-0.03671
-0.03496
-0.03299
-0.03124
-0.03036
-0.02999
-0.02872
-0.02469
-0.02078
-0.01802
-0.01658
-0.01872
-0.02061
-0.02473
-0.03025
-0.03584
-0.04016
-0.04474
-0.05021
-0.05755
-0.065
-0.07059
-0.07519
-0.07988
-0.08378
-0.08594
-0.08733
-0.0866
-0.08599
-0.08524
-0.08292
-0.08237
-0.08235
-0.08282
-0.08427
-0.08392
-0.08298
-0.08316
-0.08508
-0.08696
-0.08857
-0.08879
-0.08604
-0.08171
-0.07575
-0.06825
-0.06141
-0.05585
-0.04912
-0.04145
-0.03243
-0.02241
-0.01327
-0.00493
0.00155
0.00729
0.01264
0.01804
0.02299
0.02725
0.03139
0.03461
0.03842
0.04235
0.04734
0.05383
0.05947
0.06351
0.06833
0.07364
0.07895
0.0828
0.08734
0.09131
0.09368
0.09423
0.09315
0.09204
0.09208
0.09159
0.0892
0.08592
0.08171
0.07676
0.07223
0.06906
0.06596
0.06229
0.0583
0.05545
0.05266
0.05053
0.04854
0.04729
0.04734
0.04545
0.04257
0.03991
0.03856
0.03598
0.03269
0.02793
0.02498
0.02105
0.01741
0.01371
0.01159
0.01068
0.01168
0.01135
0.01131
0.01191
0.01465
0.01642
0.01994
0.02405
0.02722
0.03095
0.03583
0.03997
0.04493
0.05135
0.05714
0.06124
0.06591
0.06883
0.07296
0.07664
0.07989
0.0819
0.08487
0.08872
0.09404
0.09914
0.10473
0.10869
0.11626
0.12193
0.12799
0.13218
0.13752
0.14189
0.14515
0.14539
0.14591
0.14651
0.14717
0.14998
0.15186
0.15526
0.15876
0.1607
0.16097
0.16118
0.16229
0.162
0.16193
0.16221
0.16254
0.16348
0.16477
0.16468
0.16585
0.16597
0.16635
0.16535
0.16595
0.16702
0.16964
0.17406
0.17987
0.18512
0.19196
0.19762
0.20427
0.21273
0.22072
0.22957
0.23641
0.2431
0.24984
0.25513
0.26072
0.26353
0.26762
0.27126
0.27481
0.27877
0.28253
0.28862
0.29466
0.29886
0.30377
0.30584
0.31017
0.31478
0.32023
0.32675
0.33193
0.33515
0.33436
0.33349
0.33292
0.33168
0.33225
0.33297
0.33211
0.33116
0.32856
0.32708
0.327
0.32717
0.32767
0.32712
0.32901
0.331
0.33181
0.33435
0.33621
0.33881
0.34103
0.344
0.34835
0.35273
0.35858
0.36305
0.3612
0.30002
0.23938
0.17751
0.11678
0.05657
-0.00545
-0.01906
-0.01724
-0.01403
-0.02252
-0.04723
-0.05367
-0.04384
-0.02147
0.01518
0.0654
0.13131
0.21437
0.31381
0.42599
0.56278
0.72953
0.89598
1.05954
1.22321
1.38441
1.54918
1.71782
1.88437
2.05083
2.21892
2.38846
2.56067
2.73448
2.91219
3.09063
3.27553
3.46017
3.64251
3.82397
4.00498
4.18055
4.33739
4.47563
4.59784
4.70556
4.80177
4.88176
4.94365
4.98989
5.02494
5.04504
5.0533
5.06327
5.07614
5.08553
5.09519
5.10202
5.10545
5.11036
5.11399
5.11191
5.11027
5.10767
5.10381
5.09938
5.09765
5.09194
5.08506
5.08111
5.07668
5.07313
5.0747
5.07615
5.07892
5.08294
5.0842
5.08419
5.08391
5.086
5.0873
5.08832
5.08961
5.09206
5.09389
5.09604
5.10032
5.10643
5.11227
5.11862
5.12436
5.13269
5.1435
5.15178
5.15863
5.16421
5.16585
5.16431
5.16415
5.1637
5.16181
5.16117
5.15745
5.15347
5.1526
5.15072
5.15187
5.15854
5.1659
5.17386
5.18019
5.18643
5.189
5.19291
5.19564
5.19769
5.19824
5.19769
5.19639
5.19459
5.19148
5.18978
5.18693
5.18428
5.18092
5.17418
5.16756
5.1649
5.16089
5.15442
5.14857
5.14318
5.13687
5.13161
5.12866
5.12519
5.12313
5.12043
5.11258
5.10519
5.09774
5.09141
5.08758
5.08723
5.08746
5.08456
5.08145
5.07899
5.07598
5.07363
5.07176
5.07031
5.06955
5.06888
5.06637
5.06459
5.06601
5.06904
5.07304
5.07977
5.08841
5.09681
5.10618
5.1159
5.12677
5.13723
5.14744
5.1558
5.1611
5.16737
5.17255
5.17794
5.18492
5.18788
5.187
5.18334
5.18005
5.17675
5.17678
5.17648
5.17499
5.17274
5.16983
5.16449
5.16052
5.16033
5.16044
5.161
5.16249
5.16153
5.16226
5.16237
5.1621
5.16243
5.16147
5.16046
5.15824
5.15548
5.15441
5.15492
5.15526
5.15496
5.15615
5.15681
5.15895
5.16163
5.16528
5.16866
5.17018
5.16766
5.16511
5.16322
5.16461
5.16615
5.17001
5.17291
5.17758
5.18258
5.18748
5.19239
5.1986
5.20117
5.20313
5.20357
5.20343
5.19961
5.19496
5.18806
5.18222
5.17737
5.17374
5.17138
5.17113
5.16974
5.16677
5.16309
5.1631
5.1646
5.16443
5.16538
5.16541
5.16402
5.16092
5.15494
5.14701
5.13979
5.1314
5.12284
5.11314
5.10635
5.09783
5.08934
5.08436
5.0806
5.08108
5.08426
5.09201
5.10224
5.11122
5.11838
5.12425
5.13059
5.13544
5.13929
5.14093
5.1415
5.14289
5.14329
5.14216
5.14496
5.14962
5.1582
5.16955
5.18558
5.20049
5.21969
5.23636
5.25392
5.26574
5.27618
5.28377
5.29063
5.29477
5.29505
5.29162
5.2845
5.27358
5.26323
5.25163
5.24421
5.24014
5.23645
5.23141
5.22632
5.22173
5.21851
5.21747
5.21606
5.21293
5.20932
5.20258
5.19176
5.17698
5.16251
5.14706
5.13109
5.1161
5.1034
5.09236
5.08569
5.0819
5.07947
5.08213
5.0855
5.09118
5.0985
5.10506
5.10859
5.11116
5.11232
5.11309
5.11242
5.11106
5.10616
5.10421
5.10175
5.10173
5.10447
5.1118
5.12015
5.13041
5.13946
5.15045
5.16257
5.17231
5.18082
5.18999
5.19448
5.19757
5.19625
5.1909
5.18343
5.1749
5.16203
5.14973
5.14063
5.13108
5.12146
5.11441
5.10889
5.10558
5.10509
5.10467
5.10341
5.10399
5.10108
5.09611
5.09179
5.08465
5.07629
5.06361
5.05084
5.03923
5.0275
5.01812
5.01035
5.00468
5.00285
5.00256
5.00411
5.00679
5.01427
5.02219
5.03033
5.03895
5.04893
5.05764
5.06559
5.07491
5.08359
5.09015
5.0961
5.10115
5.1029
5.10525
5.10837
5.11275
5.1195
5.12654
5.13296
5.13817
5.14729
5.15644
5.1629
5.17035
5.17737
5.18634
5.19072
5.19031
5.18935
5.18502
5.18094
5.17605
5.1714
5.16503
5.15144
5.12471
5.08329
5.03099
4.96681
4.89039
4.8025
4.70021
4.5799
4.4464
4.30269
4.15091
3.99571
3.83621
3.6739
3.50923
3.34142
3.17122
2.99917
2.83172
2.66444
2.49459
2.32488
2.15729
1.99198
1.82566
1.6619
1.49837
1.33321
1.16801
1.00387
0.8457
0.69853
0.56461
0.44217
0.33313
0.23921
0.15682
0.08961
0.03659
-0.00296
-0.03217
-0.052
-0.06656
-0.08
-0.09176
-0.10107
-0.10725
-0.11181
-0.11574
-0.11012
-0.0965
-0.08262
-0.07045
-0.05923
-0.04804
-0.03555
-0.02361
-0.01201
0
0.00758
0.0142
0.02197
0.03022
0.03788
0.0472
0.05536
0.06281
0.05622
0.04866
0.04325
0.0403
0.03789
0.03502
0.03114
0.02897
0.02628
0.02337
0.01991
0.01584
0.01421
0.01003
0.00446
0.00103
-0.00235
-0.00557
-0.0085
-0.0112
-0.01303
-0.01134
-0.00915
-0.00841
-0.0063
-0.00496
-0.00488
-0.00406
-0.00295
-0.00207
9.38048E-4
0.00231
0.00202
0.0014
3.87535E-4
-7.7048E-4
-0.00278
-0.00407
-0.00369
-0.0024
-0.00218
-0.00266
-0.00137
-0.00216
-0.00147
-4.15033E-4
1.12596E-4
9.15738E-4
0.00214
0.00163
5.81318E-4
-7.23567E-4
-0.00459
-0.00831
-0.01012
-0.01347
-0.01686
-0.0184
-0.01662
-0.01372
-0.01086
-0.00883
-0.00511
-0.00132
0.00107
0.00279
0.0056
0.00784
0.00864
0.00543
5.17573E-4
-0.00368
-0.00793
-0.01403
-0.01844
-0.02268
-0.02654
-0.03065
-0.03238
-0.03329
-0.03116
-0.02811
-0.0263
-0.02181
-0.0171
-0.01325
-0.00722
-8.05355E-4
0.00587
0.00946
0.01085
0.01063
0.01184
0.01173
0.01092
0.01178
0.01185
0.00813
0.00439
-9.98003E-4
-0.00397
-0.00602
-0.00716
-0.00909
-0.00893
-0.0107
-0.01257
-0.01363
-0.01218
-0.01207
-0.01085
-0.01096
-0.01146
-0.01031
-0.01333
-0.01659
-0.01846
-0.02253
-0.0257
-0.0288
-0.03175
-0.03342
-0.03533
-0.03885
-0.0415
-0.04114
-0.04134
-0.03956
-0.0362
-0.03219
-0.02711
-0.02089
-0.01705
-0.01359
-0.00788
-0.00494
-4.54998E-4
0.00416
0.00635
0.00816
0.00916
0.00769
0.00525
0.00486
0.00387
0.00371
0.00307
7.94968E-5
-0.00129
-0.00291
-0.00459
-0.00679
-0.00899
-0.01026
-0.01177
-0.01289
-0.01442
-0.01555
-0.01653
-0.01634
-0.01587
-0.01454
-0.01251
-0.00784
-0.00283
0.00134
0.00597
0.00865
0.01133
0.01522
0.0167
0.01769
0.01984
0.02018
0.01695
0.01348
0.01068
0.0098
0.01093
0.01056
0.00906
0.00688
0.00584
0.00438
0.00501
0.00779
0.00987
0.01089
0.01098
0.01129
0.0134
0.01519
0.01614
0.01504
0.01171
0.00789
0.00329
-5.93103E-4
-0.00474
-0.00959
-0.0145
-0.0186
-0.02101
-0.02187
-0.02
-0.01633
-0.01383
-0.01005
-0.00669
-0.00198
0.00438
0.01121
0.0185
0.02535
0.03126
0.03657
0.04151
0.04742
0.05181
0.05539
0.05659
0.05616
0.05368
0.05134
0.04825
0.04609
0.04405
0.04331
0.04376
0.04686
0.04929
0.05286
0.05581
0.05975
0.06219
0.06478
0.06667
0.06865
0.06865
0.06591
0.06069
0.05542
0.05081
0.04658
0.04137
0.0366
0.03227
0.02666
0.02014
0.01598
0.01424
0.01364
0.01316
0.01391
0.0147
0.01658
0.01808
0.01872
0.02077
0.02217
0.02112
0.0205
0.01932
0.02049
0.02039
0.0196
0.01771
0.01665
0.01559
0.01474
0.01519
0.01691
0.01851
0.01994
0.02004
0.02136
0.02372
0.02695
0.03123
0.03635
0.03979
0.04324
0.04638
0.04997
0.05407
0.05805
0.05931
0.06084
0.06222
0.06254
0.06319
0.0652
0.06592
0.06632
0.06527
0.06333
0.06311
0.06568
0.06881
0.0726
0.07565
0.0788
0.08224
0.08602
0.08972
0.09295
0.096
0.0971
0.0959
0.09307
0.08987
0.08797
0.08456
0.08152
0.0788
0.07546
0.07352
0.0741
0.07416
0.07563
0.07701
0.07751
0.07652
0.07683
0.07729
0.07553
0.07412
0.07103
0.06552
0.06126
0.05872
0.05232
0.04371
0.0368
0.03014
0.02322
0.02028
0.01836
0.01864
0.01991
0.02093
0.01975
0.01985
0.01976
0.01775
0.0142
0.01088
0.00546
-7.6797E-4
-0.008
-0.01622
-0.0234
-0.03026
-0.0382
-0.04589
-0.05303
-0.05862
-0.06305
-0.0667
-0.06875
-0.0716
-0.07606
-0.08177
-0.10248
-0.12612
-0.13963
-0.14018
-0.13106
-0.1105
-0.07689
-0.03132
0.02693
0.10176
0.1903
0.29139
0.40598
0.5384
0.66987
0.80337
0.93748
1.07298
1.20828
1.34824
1.48796
1.62967
1.77327
1.91882
2.06529
2.2137
2.36166
2.50789
2.65177
2.79652
2.94231
3.08736
3.22833
3.35774
3.47553
3.581
3.67247
3.75034
3.81463
3.86815
3.90827
3.93455
3.94986
3.95642
3.96056
3.96434
3.96456
3.9679
3.97346
3.979
3.98509
3.99215
3.99978
4.00533
4.00919
4.01334
4.01465
4.01739
4.01975
4.02392
4.02809
4.0323
4.03513
4.03878
4.04596
4.05429
4.06149
4.07079
4.08001
4.09096
4.09942
4.10797
4.11624
4.12592
4.13347
4.13786
4.14283
4.15014
4.15491
4.15849
4.1609
4.16214
4.16551
4.16868
4.17342
4.17905
4.18558
4.19129
4.19506
4.19948
4.20456
4.20839
4.21117
4.21489
4.21825
4.21493
4.20894
4.20245
4.19636
4.19184
4.18687
4.18169
4.17587
4.17016
4.16136
4.15473
4.15063
4.14856
4.14629
4.143
4.13641
4.13133
4.12647
4.12024
4.11329
4.1058
4.09784
4.09082
4.08473
4.08107
4.07838
4.07553
4.07334
4.07318
4.07474
4.07883
4.08662
4.09388
4.10202
4.10837
4.1147
4.11977
4.12919
4.13734
4.14427
4.15244
4.15947
4.16628
4.1731
4.18034
4.18941
4.19966
4.20942
4.21713
4.22537
4.23505
4.24231
4.24799
4.25093
4.2531
4.25297
4.25053
4.24712
4.24275
4.23792
4.23234
4.22457
4.2167
4.21095
4.20743
4.20305
4.1964
4.19127
4.18267
4.17517
4.16926
4.16277
4.15683
4.15203
4.14533
4.13814
4.13089
4.12494
4.11811
4.11443
4.11103
4.1049
4.10264
4.10046
4.09886
4.09896
4.09673
4.09495
4.09598
4.09948
4.1015
4.10253
4.10572
4.10653
4.10674
4.10335
4.10255
4.10736
4.11332
4.11991
4.12856
4.13834
4.14941
4.16271
4.17541
4.18897
4.20443
4.21827
4.22764
4.23601
4.24161
4.24455
4.2489
4.25064
4.25135
4.25331
4.25601
4.26186
4.26923
4.27456
4.28049
4.28693
4.29277
4.295
4.30116
4.306
4.31024
4.30966
4.30336
4.29316
4.28539
4.27496
4.26247
4.25041
4.23648
4.22296
4.20999
4.19706
4.185
4.17815
4.17498
4.17182
4.16858
4.16713
4.16605
4.16544
4.15982
4.15146
4.14331
4.13585
4.12869
4.1197
4.11122
4.1057
4.10236
4.0982
4.0981
4.10286
4.11241
4.12457
4.14149
4.15553
4.17009
4.18598
4.20173
4.2166
4.23179
4.24511
4.25743
4.26753
4.2756
4.28107
4.28876
4.29673
4.30114
4.30558
4.3112
4.31942
4.32911
4.33645
4.34462
4.35106
4.35537
4.35818
4.35984
4.36245
4.36077
4.35559
4.3487
4.34084
4.33367
4.32288
4.31374
4.30482
4.29598
4.28705
4.28023
4.2745
4.27124
4.26526
4.25955
4.25327
4.24774
4.23968
4.23609
4.23564
4.23505
4.23196
4.23053
4.22882
4.23062
4.23107
4.23165
4.23558
4.24161
4.24552
4.24662
4.24974
4.25649
4.26303
4.26898
4.27313
4.27672
4.27925
4.28064
4.28069
4.27733
4.27345
4.26964
4.26266
4.25688
4.25123
4.24694
4.24579
4.24754
4.24804
4.24797
4.25082
4.25458
4.2562
4.25916
4.26031
4.26236
4.26317
4.26014
4.25378
4.24712
4.24299
4.23927
4.23528
4.23151
4.22642
4.22298
4.22107
4.2198
4.22095
4.22524
4.23139
4.23478
4.23573
4.23577
4.23482
4.23636
4.23786
4.23735
4.23693
4.23665
4.23583
4.23408
4.23405
4.23622
4.23891
4.24485
4.24867
4.2535
4.26096
4.27227
4.28566
4.29994
4.31565
4.32947
4.34235
4.35612
4.36634
4.37718
4.38585
4.39089
4.39147
4.39105
4.38931
4.38729
4.38918
4.39383
4.39794
4.4014
4.40519
4.41075
4.41549
4.41992
4.42255
4.42516
4.42614
4.42416
4.41749
4.4108
4.40422
4.39571
4.3841
4.37275
4.35853
4.34127
4.32205
4.30502
4.28798
4.27422
4.2603
4.24944
4.2412
4.23022
4.21133
4.18616
4.15273
4.10906
4.0502
3.97932
3.89649
3.79961
3.6872
3.56118
3.42722
3.28842
3.14651
3.00278
2.85731
2.71305
2.56866
2.42369
2.27968
2.13706
1.99361
1.85217
1.71345
1.57748
1.44074
1.30451
1.16657
1.02721
0.88484
0.74182
0.60162
0.47048
0.35607
0.25254
0.15746
0.08088
0.02918
-0.0108
-0.03553
-0.04517
-0.03961
-0.02174
8.20016E-4
0.01563
0.03047
0.04702
0.06322
0.08106
0.09787
0.11374
0.1299
0.14471
0.15688
0.16921
0.17746
0.17228
0.16802
0.16348
0.16115
0.15928
0.15799
0.15739
0.1586
0.16157
0.16176
0.1624
0.16354
0.16489
0.16669
0.16674
0.16465
0.16149
0.15384
0.14575
0.13959
0.13755
0.13714
0.13721
0.13707
0.13681
0.13666
0.13636
0.13665
0.14002
0.14274
0.14369
0.14325
0.14196
0.14039
0.13786
0.13664
0.13477
0.13397
0.13266
0.13225
0.13246
0.13336
0.1339
0.13474
0.1374
0.14074
0.14379
0.14766
0.15309
0.15703
0.15977
0.16068
0.16145
0.16111
0.15904
0.1549
0.14989
0.14471
0.13941
0.13163
0.12688
0.12133
0.11577
0.10922
0.10425
0.09996
0.09585
0.09196
0.08773
0.08414
0.08098
0.07614
0.07088
0.06612
0.05973
0.0517
0.04363
0.03502
0.02465
0.01337
0.0017
-0.01072
-0.02082
-0.03081
-0.03924
-0.04512
-0.04987
-0.05358
-0.05572
-0.05695
-0.05718
-0.06043
-0.06185
-0.06179
-0.06093
-0.06137
-0.06239
-0.06261
-0.06431
-0.06769
-0.07106
-0.07399
-0.07342
-0.07249
-0.07197
-0.06848
-0.06436
-0.06178
-0.05968
-0.05591
-0.05148
-0.0466
-0.04126
-0.03534
-0.02976
-0.02413
-0.02057
-0.01842
-0.01465
-0.01161
-0.00798
-0.00313
0.00239
0.00659
0.00889
0.01179
0.01358
0.01514
0.01734
0.02013
0.0244
0.02715
0.02866
0.03024
0.03295
0.03533
0.03619
0.03631
0.03822
0.04057
0.04153
0.04136
0.04268
0.04341
0.04257
0.04223
0.04144
0.04179
0.04494
0.04708
0.04708
0.04698
0.04654
0.04493
0.04312
0.0415
0.03873
0.03773
0.03747
0.03671
0.03457
0.03378
0.03405
0.03349
0.03221
0.03086
0.0327
0.03541
0.03794
0.03887
0.03736
0.03733
0.03883
0.04015
0.04295
0.04625
0.04917
0.05103
0.05149
0.05064
0.04915
0.05025
0.04985
0.04904
0.04983
0.05043
0.05142
0.05284
0.05419
0.05503
0.05597
0.05883
0.06131
0.06443
0.0674
0.06734
0.06776
0.06653
0.06515
0.06289
0.06062
0.06005
0.05764
0.05481
0.05006
0.04362
0.03821
0.03298
0.02735
0.02258
0.018
0.01493
0.01081
0.00801
0.00462
0.00131
2.05187E-4
-0.00122
-0.00267
-0.00308
-0.00476
-0.00715
-0.01095
-0.01515
-0.02118
-0.02672
-0.02928
-0.03492
-0.0401
-0.04545
-0.05133
-0.05579
-0.0616
-0.06738
-0.07199
-0.07438
-0.07574
-0.07749
-0.07684
-0.07538
-0.07553
-0.0739
-0.07272
-0.06918
-0.06474
-0.06285
-0.06203
-0.0623
-0.06224
-0.06218
-0.06255
-0.06072
-0.06042
-0.05868
-0.0575
-0.056
-0.05285
-0.05115
-0.04748
-0.04426
-0.04267
-0.03948
-0.03573
-0.02915
-0.02182
-0.01635
-0.01025
-0.00521
0.00108
0.00412
0.00667
0.01236
0.01618
0.01817
0.01685
0.01348
0.0132
0.01291
0.01253
0.01206
0.01105
0.00947
0.00622
0.00309
-1.48299E-4
-0.00158
-0.00202
-0.00347
-0.00465
-0.00581
-0.00639
-0.00471
-0.0026
-0.00149
-4.97983E-4
0
6.7041E-4
-8.64628E-4
-0.00148
-0.00357
-0.0048
-0.00612
-0.00815
-0.01016
-0.0097
-0.00767
-0.00442
-0.00129
0.00215
0.00344
0.00505
0.00719
0.00892
0.01033
0.01298
0.01405
0.01293
0.0109
0.00939
0.00965
0.01095
0.01182
0.01269
0.01341
0.01391
0.01155
0.00805
0.00624
0.00476
0.00195
-0.00237
-0.00674
-0.01239
-0.01809
-0.02441
-0.03003
-0.03498
-0.03775
-0.04061
-0.04351
-0.0424
-0.04071
-0.03837
-0.0334
-0.0297
-0.02649
-0.02394
-0.02045
-0.0176
-0.01444
-0.01126
-0.00916
-0.00876
-0.01069
-0.0136
-0.01487
-0.01376
-0.00946
-0.00587
-0.00232
9.42985E-4
0.00623
0.01039
0.01674
0.02096
0.02493
0.02647
0.02665
0.02392
0.0216
0.02098
0.01769
0.01458
0.01111
0.00646
0.00446
0.00184
0.00139
-3.07443E-7
-2.93432E-4
-7.63913E-4
-0.00352
-0.00405
-0.00324
0.00236
0.01096
0.02214
0.01457
0.00905
0.01109
0.01673
0.02752
0.04483
0.0659
0.09227
0.11964
0.14735
0.17585
0.20469
0.23828
0.28971
0.33817
0.39197
0.44405
0.49885
0.55252
0.60832
0.66897
0.73299
0.80008
0.87215
0.94801
1.02721
1.1037
1.1833
1.25703
1.33008
1.3993
1.46646
1.52683
1.58301
1.63301
1.6785
1.72023
1.75697
1.78682
1.81315
1.83396
1.85195
1.86436
1.88124
1.8968
1.92038
1.94042
1.96267
1.98371
2.00446
2.02569
2.04545
2.06319
2.08032
2.09406
2.10157
2.10478
2.10638
2.10519
2.10692
2.10569
2.10503
2.10196
2.10048
2.09404
2.08672
2.07987
2.07004
2.06198
2.05709
2.05292
2.05993
2.06753
2.08419
2.09881
2.11612
2.12753
2.14019
2.14888
2.15725
2.16113
2.16331
2.1591
2.15673
2.14901
2.14234
2.13921
2.1341
2.133
2.13197
2.12806
2.12731
2.12321
2.11617
2.10871
2.1019
2.0972
2.09464
2.09874
2.10123
2.10075
2.1053
2.10424
2.10471
2.10616
2.10449
2.10706
2.1061
2.1052
2.10344
2.09739
2.10045
2.09843
2.10211
2.10316
2.11027
2.11519
2.11695
2.1243
2.12956
2.13688
2.14839
2.15731
2.1694
2.18281
2.19625
2.20905
2.22219
2.23562
2.24224
2.25279
2.26396
2.27491
2.28563
2.29805
2.30473
2.31556
2.32029
2.32762
2.33242
2.34021
2.34892
2.35217
2.35895
2.36186
2.36581
2.36685
2.37065
2.37601
2.38494
2.39228
2.40227
2.40822
2.41813
2.42545
2.43436
2.44187
2.4547
2.46519
2.47263
2.47815
2.48112
2.47958
2.47534
2.46789
2.4595
2.45152
2.44487
2.43561
2.42916
2.42518
2.42344
2.42282
2.42636
2.42696
2.43239
2.43318
2.43738
2.43524
2.43821
2.43382
2.43233
2.42518
2.4236
2.41743
2.41681
2.41341
2.4116
2.40597
2.40301
2.40161
2.40339
2.4059
2.41346
2.41836
2.42835
2.43464
2.44202
2.44848
2.45664
2.46288
2.4636
2.46502
2.46607
2.46552
2.46727
2.46637
2.46968
2.4719
2.47874
2.48386
2.48872
2.49322
2.49565
2.49606
2.49497
2.49357
2.49229
2.49408
2.49479
2.49661
2.49688
2.50019
2.50022
2.50251
2.50196
2.50073
2.49706
2.49427
2.48726
2.48371
2.47556
2.47274
2.46587
2.46302
2.4577
2.45457
2.44869
2.44286
2.43263
2.42267
2.40803
2.39825
2.38654
2.37993
2.3718
2.36437
2.35931
2.3563
2.35431
2.35432
2.35478
2.35744
2.35861
2.36104
2.3629
2.3692
2.38016
2.39074
2.40007
2.41096
2.42011
2.43096
2.43789
2.44496
2.44922
2.45314
2.45359
2.45366
2.45172
2.45277
2.45059
2.45136
2.44959
2.44996
2.45126
2.4528
2.45784
2.45852
2.4569
2.45541
2.45414
2.45409
2.45429
2.45503
2.45707
2.45231
2.4497
2.43617
2.4296
2.42273
2.41627
2.41051
2.40729
2.40619
2.40584
2.40612
2.41068
2.41569
2.42514
2.43666
2.44806
2.46407
2.47846
2.49225
2.5045
2.51317
2.52207
2.52703
2.53189
2.536
2.53508
2.53182
2.52195
2.51153
2.49813
2.48546
2.47806
2.47021
2.46963
2.46855
2.47314
2.47875
2.48641
2.49464
2.50278
2.51354
2.52321
2.53073
2.53685
2.54294
2.54468
2.54657
2.54323
2.53953
2.53547
2.5319
2.52504
2.52098
2.51733
2.51286
2.51236
2.51298
2.51477
2.52038
2.52315
2.52884
2.53404
2.53815
2.53503
2.52711
2.51999
2.50718
2.49519
2.4822
2.46817
2.46142
2.45133
2.44115
2.43347
2.42815
2.422
2.41954
2.41426
2.41296
2.40859
2.40636
2.40202
2.40012
2.39381
2.39055
2.38997
2.39144
2.39049
2.3861
2.38145
2.37855
2.3727
2.36443
2.35987
2.36426
2.37327
2.37965
2.38798
2.39604
2.40374
2.40991
2.40949
2.4136
2.42113
2.4248
2.43129
2.43263
2.43718
2.44117
2.44504
2.45416
2.46198
2.47204
2.48094
2.48992
2.49733
2.50262
2.50358
2.50716
2.5148
2.52401
2.53394
2.54478
2.5574
2.5684
2.57613
2.58508
2.59062
2.59703
2.59914
2.60167
2.60244
2.61617
2.62847
2.63651
2.64035
2.6351
2.62465
2.60407
2.57876
2.54524
2.5022
2.45456
2.38892
2.31755
2.2443
2.1687
2.09169
2.01305
1.93468
1.85655
1.77767
1.69806
1.61717
1.53513
1.45096
1.36594
1.27813
1.19459
1.11011
1.02855
0.94603
0.86768
0.7784
0.68832
0.59941
0.51528
0.43656
0.3668
0.30282
0.24619
0.19619
0.1513
0.10929
0.08236
0.06281
0.04662
0.03514
0.02498
0.01739
0.00936
0.00114
-0.007
-0.01138
-0.0124
-0.0097
-0.00515
0.00677
0.02232
0.03639
0.04924
0.06287
0.07513
0.08334
0.087
0.08839
0.08806
0.08452
0.07577
0.05983
0.04393
0.0274
0.01952
0.01328
0.00789
0.00523
0.00242
7.07832E-5
-0.00236
-0.00277
0.00104
0.00713
0.01323
0.02025
0.02597
0.02852
0.02882
0.03121
0.03183
0.03447
0.03448
0.02815
0.02037
0.01346
0.00628
-7.1402E-4
-0.00721
-0.01393
-0.018
-0.02092
-0.02085
-0.02031
-0.01509
-0.00537
0.00656
0.02089
0.03826
0.05626
0.07314
0.08841
0.10139
0.10939
0.11591
0.1205
0.12171
0.12162
0.12135
0.11962
0.11829
0.11714
0.11342
0.11106
0.11129
0.11123
0.11076
0.112
0.11489
0.11789
0.12256
0.1256
0.12745
0.12806
0.12712
0.12296
0.11649
0.10892
0.09938
0.08824
0.07712
0.06417
0.05158
0.03853
0.02743
0.016
0.00551
-0.00319
-0.0099
-0.01501
-0.01974
-0.02582
-0.03147
-0.03591
-0.03908
-0.04326
-0.04489
-0.04338
-0.04114
-0.03773
-0.03398
-0.02912
-0.02229
-0.01426
-0.00391
0.00733
0.02103
0.03467
0.04696
0.05966
0.07127
0.08208
0.0933
0.10482
0.11623
0.12469
0.13242
0.13937
0.14562
0.15108
0.15521
0.15542
0.15209
0.14857
0.14495
0.14031
0.13807
0.13504
0.13076
0.12599
0.12194
0.1178
0.11289
0.11055
0.10805
0.10357
0.0984
0.09143
0.08429
0.08011
0.07636
0.07444
0.07297
0.07192
0.06829
0.06433
0.06281
0.06317
0.06306
0.06373
0.0627
0.06343
0.06478
0.06674
0.06709
0.06849
0.07067
0.07006
0.06927
0.06965
0.07036
0.06933
0.06833
0.06587
0.06249
0.06181
0.06074
0.06041
0.06104
0.06194
0.05992
0.05961
0.05939
0.05833
0.05826
0.05972
0.06037
0.0618
0.06123
0.06216
0.06341
0.06656
0.06826
0.07166
0.0756
0.07937
0.08163
0.08362
0.0853
0.08793
0.08843
0.08824
0.08794
0.08807
0.08749
0.08532
0.08146
0.07771
0.07356
0.06848
0.06229
0.05762
0.05242
0.04891
0.04459
0.04194
0.04029
0.0409
0.0411
0.04223
0.04378
0.04406
0.04332
0.04206
0.0389
0.03511
0.03157
0.02796
0.02213
0.01716
0.01078
0.00571
3.4175E-4
-0.00447
-0.00847
-0.0112
-0.01278
-0.0169
-0.02046
-0.02378
-0.02483
-0.0248
-0.02679
-0.02754
-0.02965
-0.0285
-0.02789
-0.02715
-0.02523
-0.02361
-0.02143
-0.02046
-0.01896
-0.01587
-0.01207
-0.00615
-0.0034
-6.17741E-4
0.00258
0.00576
0.00992
0.01439
0.01743
0.0216
0.026
0.0307
0.03257
0.0345
0.03877
0.04261
0.04551
0.04586
0.04585
0.04754
0.04889
0.04901
0.04594
0.04306
0.04001
0.03398
0.02511
0.01588
0.00627
-0.00308
-0.01447
-0.02689
-0.039
-0.047
-0.05333
-0.06002
-0.06332
-0.0645
-0.06408
-0.06146
-0.05948
-0.05785
-0.05672
-0.05381
-0.05186
-0.04959
-0.04613
-0.04215
-0.03721
-0.03259
-0.02814
-0.0241
-0.0182
-0.01275
-0.00831
-0.00363
8.7316E-4
0.00668
0.01072
0.01555
0.0207
0.02652
0.03386
0.0402
0.04706
0.05336
0.05865
0.06164
0.06266
0.063
0.06205
0.06102
0.05962
0.05792
0.0558
0.05253
0.04892
0.04562
0.04267
0.03971
0.03885
0.03815
0.03643
0.03426
0.03177
0.02981
0.02766
0.02705
0.02698
0.02973
0.03143
0.03033
0.02847
0.02616
0.02282
0.01913
0.01556
0.01424
0.01194
0.0098
0.00681
0.00546
0.00422
0.00278
0.00261
0.00378
0.00534
0.00689
0.0075
0.00896
0.00877
0.00722
0.00524
0.00696
0.00898
0.01232
0.01494
0.01737
0.01935
0.02207
0.02202
0.02359
0.02675
0.03168
0.03625
0.04276
0.04913
0.05731
0.06521
0.07359
0.08032
0.08695
0.09345
0.09893
0.1053
0.11138
0.11444
0.11786
0.12044
0.12272
0.12494
0.12859
0.11757
0.10796
0.09743
0.08571
0.07422
0.06496
0.05496
0.04471
0.03257
0.02489
0.01654
0.00883
0
-0.00828
-0.01777
-0.02756
-0.03943
-0.05324
-0.05793
-0.05176
-0.04605
-0.03904
-0.03072
1.3987
1.40809
1.41873
1.43093
1.44393
1.45687
1.47184
1.48193
1.4976
1.51678
1.53351
1.54985
1.56596
1.58178
1.59455
1.60639
1.61227
1.61679
1.62315
1.62625
1.62624
1.3987
1.40809
1.41873
1.43093
1.44393
1.45687
1.47184
1.48193
1.4976
1.51678
1.53351
1.54985
1.56596
1.3987
1.40809
1.41873
1.43093
1.44393
1.45687
1.47184
1.48193
1.4976
1.51678
1.53351
1.54985
1.56596
1.58178
1.59455
1.60639
1.61227
1.61679
1.62315
1.62625
1.62624
1.62357
1.62026
1.61678
1.60895
1.60269
1.60088
1.60277
1.60394
1.60745
1.60731
1.60638
1.61037
1.30828
1.30428
1.30569
1.3011
1.2705
1.28125
1.28636
1.28665
1.28887
1.29535
1.30349
1.30563
1.30948
1.31294
1.31444
1.31029
1.30846
1.30776
1.30791
1.30515
1.30349
1.30662
1.30689
1.30268
1.3055
1.31374
1.31844
1.3155
1.31692
1.32202
1.3292
1.32796
1.32335
1.32428
1.3987
1.40809
1.41873
1.43093
1.44393
1.45687
1.47184
1.48193
1.4976
1.51678
1.53351
1.54985
1.56596
1.58178
1.59455
1.60639
1.61227
1.61679
1.62315
1.62625
1.62624
1.62357
1.62026
1.61678
1.60895
1.60269
1.60088
1.60277
1.60394
1.60745
1.60731
1.60638
1.61037
1.27375
1.27429
1.27262
1.27478
1.27498
1.27415
1.2724
1.27054
1.26876
1.26864
1.26924
1.26599
1.26787
1.27331
1.27863
1.28039
1.28614
1.29516
1.30769
1.3191
1.32779
1.33615
1.346
1.357
1.36492
1.37088
1.38506
1.3987
1.40809
1.41873
1.43093
1.44393
1.45687
1.47184
1.48193
1.4976
1.51678
1.53351
1.54985
1.56596
1.58178
1.59455
1.60639
1.61227
1.61679
1.62315
1.62625
1.62624
1.62357
1.62026
1.61678
1.60895
1.60269
1.60088
1.60277
1.60394
1.60745
1.60731
1.60638
1.61037
1.60971
1.60927
1.60896
1.60955
1.60566
1.60265
1.59826
1.59159
1.5856
1.57887
1.5724
1.56444
1.55804
1.55282
1.55093
1.54836
1.54401
1.54231
1.53924
1.53998
1.54042
1.53569
1.53877
1.54086
1.54107
1.53629
1.5332
1.52993
1.52869
1.52812
1.5207
1.51326
1.50605
1.49788
1.48797
1.47919
1.47079
1.46645
1.46435
1.45899
1.44967
1.44484
1.44204
1.44052
1.43414
1.42648
1.42284
1.42198
1.41608
1.40627
1.39819
1.39196
1.38589
1.37597
1.37056
1.36888
1.37012
1.36561
1.36158
1.35652
1.35434
1.35232
1.35477
1.35866
1.36353
1.36303
1.35871
1.35987
1.36118
1.35669
1.35146
1.35355
1.35238
1.34644
1.33949
1.3425
1.3469
1.34938
1.34434
1.34611
1.35221
1.35586
1.35344
1.35564
1.35935
1.35698
1.34738
1.3397
1.33861
1.33642
1.33364
1.33196
1.33578
1.33667
1.33928
1.34378
1.35458
1.36836
1.38047
1.39262
1.40947
1.42877
1.44313
1.45444
1.46943
1.47928
1.48662
1.49547
1.50219
1.51284
1.51935
1.52555
1.5256
1.53197
1.54001
1.54601
1.55419
1.56431
1.57094
1.57706
1.57786
1.57963
1.58059
1.58034
1.57708
1.57424
1.57307
1.57205
1.56849
1.566
1.56202
1.56101
1.55865
1.55727
1.55877
1.55786
1.55764
1.55749
1.55691
1.558
1.55891
1.56064
1.55963
1.56068
1.55701
1.55149
1.54899
1.54532
1.53952
1.53544
1.53062
1.52979
1.52919
1.52779
1.53077
1.53947
1.54412
1.54539
1.5509
1.56252
1.56906
1.57832
1.58312
1.58602
1.58738
1.58918
1.59424
1.60323
1.61455
1.62152
1.62401
1.62725
1.63047
1.63569
1.64429
1.65616
1.66411
1.66756
1.67256
1.67534
1.67774
1.68071
1.68339
1.67783
1.67276
1.66278
1.64923
1.63296
1.61526
1.59238
1.56819
1.54344
1.51519
1.49112
1.472
1.45103
1.4268
1.40317
1.38354
1.36078
1.35075
1.35564
1.3655
1.37599
1.38192
1.38698
1.39115
1.39834
1.40733
1.41153
1.4195
1.4132
1.39166
1.36405
1.33753
1.30908
1.27697
1.24327
1.21329
1.18231
1.15028
1.11647
1.08726
1.05809
1.02829
0.99992
0.97658
0.95684
0.93654
0.91314
0.88966
0.85621
0.80884
0.75497
0.69931
0.64387
0.58721
0.52805
0.46665
0.40508
0.34631
0.28555
0.23746
0.20489
0.17941
0.15826
0.13868
0.12068
0.10406
0.08998
0.07934
0.06939
0.06228
0.05301
0.04272
0.02808
0.01037
-0.0088
-0.02282
-0.03765
-0.04593
-0.05504
-0.06456
-0.07235
-0.07608
-0.07999
-0.07827
-0.07306
-0.06351
-0.05068
-0.03654
-0.02156
-0.00232
0.02022
0.03885
0.05725
0.06803
0.07499
0.08213
0.08902
0.09479
0.102
0.10755
0.10826
0.1074
0.1078
0.10922
0.11115
0.115
0.11912
0.1232
0.12739
0.13095
0.13612
0.14277
0.14508
0.14713
0.14812
0.14708
0.14515
0.14238
0.13857
0.13539
0.13125
0.12458
0.11809
0.10918
0.09994
0.09257
0.08626
0.0802
0.07418
0.0672
0.06085
0.05511
0.05216
0.04819
0.04597
0.04236
0.03567
0.02961
0.0236
0.01708
0.00964
-0.00109
-0.01204
-0.0238
-0.03623
-0.04903
-0.05949
-0.06868
-0.07865
-0.08813
-0.09679
-0.10565
-0.10979
-0.11347
-0.1165
-0.11708
-0.11734
-0.11874
-0.12001
-0.12036
-0.12217
-0.12478
-0.12552
-0.12684
-0.12758
-0.13048
-0.1322
-0.13272
-0.13209
-0.13198
-0.13165
-0.12831
-0.12342
-0.11939
-0.11686
-0.1134
-0.10951
-0.10642
-0.10536
-0.10492
-0.10375
-0.10379
-0.10386
-0.10374
-0.10393
-0.1024
-0.10213
-0.10178
-0.10029
-0.09806
-0.09802
-0.09746
-0.09743
-0.09923
-0.10196
-0.10556
-0.10673
-0.10812
-0.10885
-0.11159
-0.11433
-0.11495
-0.11589
-0.11507
-0.11437
-0.11269
-0.10883
-0.10637
-0.1037
-0.09981
-0.09506
-0.09127
-0.08796
-0.08594
-0.08547
-0.08408
-0.08336
-0.08349
-0.08378
-0.08434
-0.08553
-0.08544
-0.08333
-0.07926
-0.07361
-0.06685
-0.06032
-0.05581
-0.05127
-0.04665
-0.04156
-0.03517
-0.03035
-0.026
-0.02507
-0.02383
-0.02284
-0.02314
-0.02241
-0.02197
-0.02141
-0.02142
-0.02127
-0.01999
-0.01948
-0.01725
-0.01561
-0.01387
-0.0099
-0.00651
-0.00453
-0.00346
-3.97705E-4
0.00126
0.00128
5.8731E-4
4.17049E-4
9.35441E-4
-5.8037E-4
-0.00252
-0.00623
-0.00833
-0.01054
-0.01438
-0.01855
-0.02066
-0.02238
-0.02541
-0.02843
-0.02973
-0.03236
-0.03407
-0.03542
-0.03704
-0.03917
-0.0413
-0.04365
-0.0445
-0.0442
-0.04584
-0.04765
-0.04839
-0.04965
-0.05279
-0.05655
-0.05979
-0.06259
-0.06784
-0.07454
-0.08116
-0.08725
-0.09102
-0.09654
-0.10115
-0.10464
-0.10656
-0.10711
-0.10693
-0.10461
-0.10293
-0.10054
-0.09822
-0.09903
-0.09917
-0.09983
-0.099
-0.09765
-0.09815
-0.09975
-0.10417
-0.10755
-0.1119
-0.11438
-0.11518
-0.1155
-0.11506
-0.11549
-0.11691
-0.11601
-0.11564
-0.11208
-0.10833
-0.10603
-0.10382
-0.10239
-0.09914
-0.09763
-0.09787
-0.11564
-0.11208
-0.10833
-0.10239
-0.09914
-0.09763
-0.09787
-0.11564
-0.11208
-0.10833
-0.10603
-0.10382
-0.10239
-0.10239
-0.09914
-0.09763
-0.09787
-0.11564
-0.11208
-0.10833
-0.10603
-0.10382
-0.10239
-0.09914
-0.09763
-0.09787
-0.01387
-0.0099
-0.00651
-0.00453
-0.00346
-3.97705E-4
0.00126
0.00128
5.8731E-4
4.17049E-4
9.35441E-4
-5.8037E-4
-0.01387
-0.0099
-0.00651
-0.00453
-0.00346
-3.97705E-4
0.00126
0.00128
5.8731E-4
4.17049E-4
9.35441E-4
-5.8037E-4
-0.00252
-0.01387
-0.0099
-0.00651
-0.00453
-0.00346
-3.97705E-4
0.00126
0.00128
5.8731E-4
4.17049E-4
9.35441E-4
-5.8037E-4
-0.00252
-0.00623
-0.00833
-0.09506
-0.09127
-0.08796
-0.08594
-0.08547
-0.08408
-0.08336
-0.08349
-0.08378
-0.08434
-0.08553
-0.08544
-0.08333
-0.07926
-0.07361
-0.06685
-0.06032
-0.05581
-0.05127
-0.04665
-0.04156
-0.03517
-0.03035
-0.026
-0.02507
-0.02383
-0.02284
-0.02314
-0.02241
-0.04665
-0.04156
-0.03517
-0.03035
-0.026
-0.02507
-0.02383
-0.02284
-0.02314
-0.02241
-0.00623
-0.00833
-0.01054
-0.01438
-0.01855
-0.02066
-0.02238
-0.02541
-0.02843
-0.02973
-0.03236
-0.03407
-0.03542
-0.03704
-0.03917
-0.0413
-0.04365
-0.0445
-0.06468
-0.03271
-8.53583E-4
0.03137
0.06389
0.10012
0.13784
0.17348
0.20777
0.24309
0.28189
0.3202
0.36081
0.40175
0.44442
0.48707
0.52889
0.57112
0.61019
0.64621
0.68221
0.71727
0.75584
0.79205
0.82843
0.8655
0.90459
0.94362
0.98186
1.02193
1.05995
1.0636
1.06805
1.07182
1.07561
1.07943
1.08296
1.08385
1.0904
1.09586
1.10041
1.10511
1.10916
1.1112
1.1129
1.11237
1.11085
1.11019
1.10813
1.10702
1.10934
1.1115
1.11156
1.10932
1.10675
1.10147
1.09382
1.08638
1.07742
1.0717
1.06553
1.06187
1.05727
1.05329
1.05296
1.05199
1.05626
1.06206
1.07041
1.07618
1.082
1.08873
1.09311
1.0992
1.10601
1.10951
1.11519
1.1185
1.1204
1.11578
1.11295
1.11004
1.1093
1.11028
1.11285
1.11675
1.12412
1.13438
1.14208
1.15173
1.15568
1.15896
1.16325
1.16737
1.17212
1.17353
1.17458
1.1687
1.16346
1.1567
1.14834
1.14323
1.13702
1.13032
1.12321
1.11589
1.11178
1.10623
1.10306
1.09895
1.10124
1.10381
1.10854
1.1123
1.11622
1.12031
1.12115
1.12029
1.11915
1.11756
1.1165
1.11776
1.11969
1.11869
1.12166
1.12148
1.12079
1.12119
1.12264
1.12017
1.119
1.11862
1.11615
1.11537
1.11538
1.11339
1.11158
1.10952
1.10475
1.09959
1.09543
1.08987
1.08223
1.07478
1.06582
1.0601
1.05394
1.05028
1.04569
1.04171
1.04138
1.04043
1.04469
1.05049
1.05884
1.06463
1.07044
1.07718
1.07475
1.07353
1.07355
1.07346
1.07173
1.06994
1.06743
1.06264
1.05941
1.05535
1.05006
1.04509
1.04267
1.0406
1.04286
1.04802
1.05071
1.05328
1.0543
1.05716
1.06168
1.07153
1.0826
1.09117
1.09573
1.09764
1.09508
1.09427
1.09277
1.0838
1.07574
1.07318
1.07139
1.07266
1.07427
1.07574
1.07683
1.07996
1.08419
1.08958
1.09624
1.11168
1.12788
1.14177
1.14755
1.15128
1.15248
1.15477
1.1612
1.16669
1.16734
1.1662
1.16215
1.15446
1.14724
1.14307
1.13847
1.1365
1.13099
1.12177
1.12165
1.12273
1.12635
1.12879
1.12916
1.12635
1.12585
1.12649
1.12451
1.12561
1.1238
1.12003
1.10975
1.10413
1.09898
1.10045
1.10068
1.10427
1.10593
1.10487
1.10385
1.10647
1.1102
1.11066
1.10844
1.10587
1.10493
1.10333
1.10068
1.10095
1.10221
1.10329
1.10308
1.10107
1.1014
1.09978
1.10196
1.10162
1.10371
1.10545
1.1042
1.10717
1.11049
1.11226
1.11063
1.10839
1.10818
1.10887
1.10779
1.10597
1.10329
1.09998
1.0928
1.08458
1.07697
1.07171
1.06405
1.0566
1.04764
1.04192
1.03574
1.03208
1.02749
1.02351
1.02317
1.02221
1.10221
1.10329
1.10308
1.10107
1.1014
1.09978
1.10196
1.10162
1.10371
1.10545
1.1042
1.10717
1.11049
1.11226
1.11063
1.10839
1.10818
1.10887
1.06994
1.06743
1.06264
1.05941
1.05535
1.05006
1.04509
1.04267
1.0406
1.04286
1.04802
1.05071
1.05328
1.0543
1.05716
1.06168
1.07153
1.0826
1.09117
1.09573
1.09764
1.09508
1.09427
1.09277
1.0838
1.07574
1.07318
1.06994
1.06743
1.06264
1.05941
1.05535
1.05006
1.04509
1.04267
1.0406
1.04286
1.04802
1.09427
1.09277
1.0838
1.07574
1.11178
1.10623
1.10306
1.09895
1.10124
1.10381
1.10854
1.1123
1.11622
1.12031
1.09895
1.10124
1.10381
1.10854
1.1123
1.11622
1.12031
1.12115
1.12029
1.11915
1.11756
1.1165
1.11776
1.11969
1.03005
1.02624
1.02383
1.02324
1.02295
1.02491
1.02605
0.99262
0.98033
0.96249
0.94143
0.92147
0.90409
0.88957
0.87557
0.87516
0.87526
0.87483
0.87574
0.87606
0.87727
0.87827
0.87841
0.87697
0.87605
0.87801
0.88299
0.88926
0.89455
0.89847
0.90154
0.90379
0.90794
0.91376
0.91967
0.92649
0.93111
0.9335
0.934
0.93735
0.94422
0.95382
0.96244
0.967
0.96877
0.96966
0.96897
0.97133
0.97324
0.97423
0.97246
0.96568
0.95357
0.93956
0.92412
0.90776
0.89087
0.8719
0.85068
0.83206
0.81602
0.80242
0.79052
0.78143
0.7736
0.76795
0.76285
0.76037
0.76102
0.7646
0.76622
0.76497
0.76201
0.75969
0.75932
0.72555
0.69236
0.65875
0.62548
0.59206
0.55694
0.52481
0.49354
0.46521
0.44095
0.41974
0.39843
0.37634
0.35431
0.33029
0.30557
0.27957
0.25246
0.22645
0.19717
0.16585
0.13121
0.09418
0.06354
0.0475
0.01085
-0.05938
-0.12576
-0.19253
-0.25898
-0.31543
-0.29797
-0.28076
-0.26028
-0.23764
-0.21729
-0.19724
-0.17745
-0.15457
-0.12899
-0.10736
-0.08859
-0.0777
-0.06571
-0.05305
-0.03788
-0.02517
-0.01103
0.00391
0.01868
0.03406
0.05168
0.06957
0.08777
0.09608
0.10381
0.11033
0.11726
0.12345
0.12924
0.13342
0.13494
0.13598
0.13634
0.13512
0.13292
0.12916
0.12691
0.12347
0.11905
0.11456
0.10875
0.10274
0.09501
0.08776
0.08023
0.07243
0.06788
0.06267
0.05937
0.05476
0.05113
0.04698
0.04351
0.04139
0.03802
0.03615
0.03621
0.03573
0.03488
0.03427
0.03352
0.03295
0.03335
0.03416
0.03478
0.03709
0.03814
0.03799
0.03836
0.03894
0.03878
0.04051
0.04217
0.04407
0.04576
0.04765
0.04777
0.04749
0.04678
0.04406
0.04164
0.03825
0.03387
0.02978
0.02567
0.0227
0.01763
0.01234
0.0075
0.00374
-3.76254E-4
-0.00186
-0.00242
-0.00336
-0.00274
-0.00307
-0.00422
-0.0049
-0.00348
-0.00198
-0.00148
7.14847E-4
5.80053E-4
4.57771E-4
0.00278
0.00524
0.00584
0.00705
0.00707
0.00549
0.00501
0.00338
0.00148
7.55014E-4
-0.00137
-0.00472
-0.00894
-0.01401
-0.01903
-0.02335
-0.02837
-0.0344
-0.04173
-0.04882
-0.05369
-0.05906
-0.06426
-0.0688
-0.0709
-0.07482
-0.07742
-0.07965
-0.08273
-0.08305
-0.08206
-0.08304
-0.08442
-0.0836
-0.08181
-0.07929
-0.07427
-0.07162
-0.06781
-0.06403
-0.05996
-0.05515
-0.04867
-0.04434
-0.03879
-0.03458
-0.02836
-0.0219
-0.01472
-0.00669
-8.28723E-4
0.00347
0.00783
0.0134
0.01691
0.01782
0.01823
0.01515
0.01311
0.00931
0.00449
-1.82222E-4
-0.00553
-0.01098
-0.0185
-0.0272
-0.03584
-0.04497
-0.05214
-0.061
-0.06851
-0.07724
-0.08463
-0.09163
-0.09607
-0.09996
-0.10123
-0.10446
-0.10636
-0.10783
-0.11007
-0.10967
-0.10802
-0.10822
-0.10896
-0.10748
-0.10507
-0.1019
-0.09623
-0.09293
-0.08833
-0.08384
-0.07897
-0.07333
-0.06619
-0.05814
-0.04933
-0.04104
-0.03267
-0.02552
-0.01793
-0.0111
-0.00452
3.36075E-4
0.00249
0.00418
0.00532
0.00478
0.00325
1.28668E-4
-0.00137
-0.00412
-0.0079
-0.01173
-0.01677
-0.02213
-0.029
-0.03464
-0.04047
-0.04658
-0.04951
-0.05306
-0.05459
-0.05759
-0.05951
-0.06204
-0.06379
-0.0641
-0.06581
-0.06603
-0.06433
-0.06312
-0.06229
-0.06128
-0.06037
-0.05916
-0.05718
-0.05477
-0.05254
-0.04864
-0.04588
-0.04433
-0.04236
-0.04012
-0.0386
-0.03529
-0.03193
-0.02844
-0.02513
-0.02152
-0.0197
-0.0183
-0.01729
-0.01833
-0.01914
-0.0209
-0.02347
-0.02596
-0.02843
-0.02977
-0.03315
-0.03677
-0.04003
-0.04219
-0.04471
-0.04701
-0.04841
-0.04755
-0.04738
-0.0469
-0.04784
-0.04591
-0.04387
-0.04288
-0.03976
-0.03668
-0.03499
-0.0311
-0.02843
-0.02619
-0.02289
-0.01757
-0.0145
-0.01198
-0.00914
-0.00886
-0.00802
-0.00777
-0.00837
-0.0089
-0.00994
-0.01085
-0.01347
-0.01651
-0.01985
-0.02315
-0.02603
-0.03009
-0.03499
-0.03939
-0.0427
-0.04386
-0.04728
-0.05021
-0.05128
-0.05444
-0.05627
-0.05766
-0.05981
-0.05933
-0.05763
-0.05777
-0.05843
-0.05685
-0.05436
-0.05112
-0.04535
-0.04197
-0.03732
-0.03277
-0.02784
-0.02211
-0.01489
-0.00675
0.00209
0.01046
0.0189
0.02612
0.03376
0.04067
0.04731
0.05222
0.05444
0.05621
0.05738
0.05691
0.05543
0.05237
0.05092
0.04822
0.0445