0.4486
0.23063
0.2265
0.10826
0.07272
0.0462
-0.00445
0
-0.03081
-0.04819
-0.08624
-0.1053
-0.10759
-0.09031
-0.09912
-0.09922
-0.11223
-0.10921
-0.08907
-0.09244
-0.0839
-0.07562
-0.11236
-0.12195
-0.08926
-0.05546
-0.0346
-0.05473
-0.0633
-0.05005
-0.03973
-0.04656
-0.0693
-0.08989
-0.07232
-0.05457
-0.04896
-0.02221
-0.01222
-0.0055
-0.02454
-0.04371
-0.044
-0.03406
-0.05161
-0.04947
-0.0606
-0.02702
-0.04788
-0.06089
-0.03728
-0.03289
-0.05431
-0.05127
-0.09202
-0.10128
-0.10757
-0.10233
-0.10043
-0.08056
-0.0688
-0.03463
-0.033
0.00228
0.01846
0.01316
0.03361
0.01613
-0.00481
0.01226
0.00873
0.03196
0.03543
0.01131
0.01473
0.02177
-0.02829
-0.04211
-0.0474
-0.06048
-0.07556
-0.09517
-0.08349
-0.09512
-0.09758
-0.08464
-0.08501
-0.08023
-0.05371
-0.0796
-0.07613
-0.03317
-0.0265
-0.06337
-0.10227
-0.09693
-0.09802
-0.07476
-0.03084
-0.04149
-0.05803
-0.06136
-0.05021
-0.04508
-0.00728
-0.0136
-0.04606
-0.05963
-0.03679
-0.01444
-0.01639
-0.017
-0.036
-0.04401
-0.03657
-1.81151E-4
-0.02605
-0.04589
-0.06511
-0.11074
-0.10349
-0.09463
-0.09136
-0.10755
-0.09929
-0.10593
-0.09771
-0.10243
-0.14365
-0.15454
-0.16537
-0.16988
-0.16841
-0.18521
-0.15444
-0.18013
-0.16315
-0.16433
-0.16742
-0.16259
-0.15438
-0.17357
-0.15263
-0.10448
-0.08252
-0.09748
-0.09481
-0.10599
-0.08607
-0.10436
-0.08729
-0.09783
-0.06893
-0.03091
-0.03991
-0.04682
-0.02966
-0.02712
-0.07012
-0.08882
-0.08534
-0.05107
-0.03143
-0.03688
-0.01165
-0.01599
-0.03246
-0.03991
-0.05426
-0.06426
-0.07048
-0.06306
-0.06781
-0.00774
-5.03437E-4
0.00755
-0.03331
-0.0508
-0.03373
-0.03576
-0.07015
-0.05948
-0.06011
-0.04732
-0.03403
-0.04065
-0.0316
-0.05302
-0.09013
-0.07555
-0.0575
-0.01827
-0.01055
-0.02985
-0.04361
0.04386
0.06984
0.05585
0.05325
0.05693
0.10992
0.08013
0.10359
0.09491
0.09308
0.07601
0.06921
0.06906
0.0896
0.09223
0.03654
0.02467
0.02649
0.0288
0.00694
-0.0306
-0.00564
-0.00113
0.01628
0.01449
0.02427
0.00411
0.00208
-0.02537
-0.00704
-0.03533
-0.0446
-0.03993
-0.03169
-0.01446
-0.04201
-0.05971
-0.08984
-0.10231
-0.10911
-0.09305
-0.07625
-0.07884
-0.06591
-0.0838
-0.04063
-0.04117
-0.04297
-0.05601
-0.07788
-0.0333
-0.01216
0.03155
0.02048
0.03354
-0.00575
-0.03924
-0.04574
-0.05795
-0.05873
-0.09677
-0.09556
-0.08719
-0.11524
-0.06263
-0.08592
-0.1237
-0.16639
-0.13317
-0.14245
-0.14142
-0.10973
-0.06493
-0.04855
-0.03766
0.00485
-0.00316
-0.01011
-0.00758
-0.01674
0.01318
0.0409
0.05664
0.02977
0.0122
-0.00287
0.01302
-0.02852
-0.06191
-0.08565
-0.09451
-0.06333
-0.07524
-0.07084
-0.09336
-0.08145
-0.09119
-0.08984
-0.07883
-0.0858
-0.08198
-0.10461
-0.08766
-0.04386
-0.02263
-0.03364
-0.0543
-0.04469
-0.01048
-0.01782
-0.0236
-0.03636
-0.06179
-0.0479
-0.01606
-0.00593
-0.01232
-0.02875
-0.04119
-0.04671
-0.07558
-0.07927
-0.06951
-0.09727
-0.06137
-0.07511
-0.06004
-0.03313
-0.07929
-0.04127
-0.02748
6.1886E-4
0.00412
-0.00316
-7.27004E-4
0.04107
0.07019
0.04708
0.05973
0.03587
0.0283
0.04353
0.03513
0.07192
0.04106
0.04769
0.01565
0.01147
0.01891
0.00668
-0.02433
-0.01007
0.01716
-0.00265
0.02492
-0.01049
-0.00655
-0.02273
-0.01939
-0.01917
-0.02563
-0.01988
-0.01346
-0.02325
-0.0012
0.01893
-0.02178
-0.02026
-0.01366
-0.02831
0.01036
0.00877
0.0184
0.00701
-0.02525
-0.06451
-0.0547
-0.05644
-0.05214
-0.06401
-0.05539
-0.03451
-0.05927
-0.02022
-0.00853
-3.28321E-4
-0.01353
9.16674E-4
0.01851
0.06034
0.11323
0.10177
0.10434
0.12094
0.11473
0.11307
0.11633
0.1389
0.12625
0.12692
0.10269
0.10027
0.08772
0.07885
0.04138
0.00705
0.01905
0.04419
0.06287
0.0898
0.07887
0.05578
0.03107
-0.00103
-0.02615
0.00518
-0.00517
-0.00113
-0.01144
-0.00111
0.01982
0.00812
0.01763
-0.02293
-0.04635
-0.04757
-0.03589
-0.06402
-0.05393
-0.08105
-0.09393
-0.0812
-0.08484
-0.06727
-0.07615
-0.07457
-0.07908
-0.11732
-0.08673
-0.07232
-0.11039
-0.1216
-0.09756
-0.09923
-0.04909
-0.03848
-0.05619
-0.0524
-0.02447
-0.01458
0.00418
0.0237
0.00769
-0.00915
-0.04803
-0.007
0.00227
0.01058
0.01936
-0.02491
-0.04809
-0.03263
-0.03288
-0.07615
-0.07117
-0.08699
-0.09374
-0.05544
-0.03936
-0.00291
0.00761
-0.01282
-0.01054
-0.0107
-0.0093
-0.01421
-0.03712
-0.02645
-0.00467
0.02823
0.02942
0.07342
0.05091
0.01613
6.29694E-4
-0.02168
0.01248
0.03415
0.02085
0.0564
0.08113
0.09556
0.07502
0.06309
0.0025
-0.01009
-0.07593
-0.10371
-0.10494
-0.11547
-0.12385
-0.16015
-0.19961
-0.16464
-0.03821
0.0542
0.16137
0.30135
0.45405
0.64314
0.77519
0.88466
0.99682
1.13528
1.28852
1.39352
1.4705
1.59221
1.68627
1.6498
1.67092
1.70582
1.70008
1.646
1.66786
1.68649
1.67031
1.74599
1.73324
1.70746
1.70054
1.7899
1.81464
1.79416
1.85618
1.84357
1.83396
1.84173
1.92142
1.83997
1.82921
1.85069
1.78673
1.77271
1.81047
1.83453
1.79138
1.82133
1.84766
1.81157
1.79027
1.84529
1.83294
1.75387
1.81685
1.81904
1.81374
1.79693
1.8286
1.78083
1.83461
1.81491
1.75339
1.80816
1.82835
1.90967
1.91866
1.96783
2.02735
2.00985
2.00377
1.97762
1.96172
1.94157
1.9094
1.8217
1.78909
1.81219
1.76828
1.73001
1.7021
1.71081
1.70854
1.68334
1.64829
1.65665
1.7152
1.75765
1.77458
1.82126
1.84402
1.86727
1.83833
1.8318
1.8266
1.79833
1.75228
1.70798
1.68477
1.74063
1.73617
1.74065
1.75252
1.73791
1.68332
1.70625
1.73766
1.75108
1.73282
1.77086
1.77227
1.72192
1.69644
1.72476
1.74121
1.74912
1.71335
1.63975
1.62448
1.7196
1.76085
1.76206
1.75674
1.7661
1.71082
1.72892
1.77931
1.80205
1.76953
1.74663
1.74095
1.75078
1.79713
1.8356
1.81418
1.7557
1.72461
1.79023
1.8104
1.81661
1.79404
1.71989
1.73668
1.75625
1.70898
1.65684
1.64104
1.69081
1.66058
1.63994
1.61747
1.62621
1.57253
1.57674
1.59716
1.5953
1.62035
1.65554
1.63962
1.65525
1.68943
1.69243
1.64731
1.59411
1.58261
1.61578
1.64921
1.652
1.60546
1.58055
1.63185
1.67707
1.64325
1.67082
1.73624
1.79197
1.81325
1.80359
1.80048
1.77774
1.73621
1.69839
1.7303
1.71959
1.73044
1.65508
1.63852
1.62944
1.66444
1.61867
1.58947
1.61079
1.6255
1.62336
1.62863
1.61082
1.60076
1.53789
1.54574
1.57511
1.59289
1.61438
1.61535
1.57445
1.5372
1.45867
1.41211
1.43371
1.49475
1.54177
1.59081
1.66693
1.73851
1.75787
1.7151
1.74741
1.73758
1.72111
1.68465
1.66373
1.75363
1.7482
1.68507
1.68953
1.73449
1.78705
1.74922
1.73529
1.77498
1.81434
1.8076
1.80471
1.80465
1.82314
1.81267
1.77761
1.79041
1.78636
1.75468
1.69615
1.63686
1.59736
1.56811
1.57018
1.55773
1.54618
1.5308
1.57292
1.57831
1.62936
1.60582
1.66881
1.70287
1.72673
1.7316
1.73554
1.71655
1.68662
1.68317
1.69629
1.71547
1.73441
1.69282
1.68175
1.68031
1.70516
1.66134
1.64737
1.62641
1.62042
1.63596
1.728
1.77394
1.79471
1.82433
1.82675
1.78635
1.83079
1.84622
1.82179
1.77177
1.76744
1.80936
1.79013
1.77171
1.79621
1.74652
1.70523
1.65988
1.60416
1.56687
1.62384
1.61731
1.59948
1.64107
1.67115
1.65327
1.64811
1.68947
1.69165
1.62949
1.69749
1.71264
1.73513
1.76867
1.81031
1.78617
1.77467
1.84795
1.82873
1.82118
1.84802
1.80113
1.80019
1.79039
1.79594
1.71131
1.69662
1.6851
1.6835
1.73281
1.72187
1.70369
1.66718
1.67193
1.65844
1.59425
1.63589
1.62624
1.68295
1.71958
1.73913
1.77126
1.81028
1.85108
1.80677
1.80079
1.80368
1.81371
1.83777
1.88163
1.92401
1.88145
1.8325
1.76664
1.74428
1.77215
1.79662
1.7815
1.75043
1.7341
1.75931
1.73457
1.69599
1.64399
1.69181
1.70366
1.71608
1.81311
1.86247
1.84824
1.78549
1.76526
1.69445
1.66417
1.64902
1.57323
1.59369
1.63881
1.68782
1.62616
1.62783
1.58753
1.5117
1.497
1.51094
1.49566
1.5207
1.56542
1.59607
1.61054
1.67564
1.7065
1.66618
1.61639
1.63569
1.66632
1.73565
1.77446
1.78506
1.76279
1.78512
1.73696
1.69093
1.64406
1.60852
1.62445
1.66963
1.70218
1.72874
1.72904
1.68322
1.70187
1.72596
1.74961
1.77253
1.77766
1.77764
1.80552
1.82236
1.84639
1.82867
1.76804
1.734
1.69512
1.67429
1.66883
1.64007
1.58943
1.54468
1.56092
1.58805
1.62775
1.64035
1.6946
1.69825
1.66754
1.64896
1.62548
1.67607
1.65991
1.66321
1.67
1.66865
1.67157
1.62889
1.60811
1.57101
1.57456
1.56032
1.58334
1.59772
1.58186
1.5643
1.55759
1.5671
1.5498
1.50752
1.526
1.51704
1.54905
1.57582
1.58267
1.61061
1.54311
1.50366
1.53451
1.57155
1.60955
1.63795
1.6598
1.70203
1.75467
1.75952
1.78706
1.80188
1.77683
1.82928
1.80042
1.8888
1.91793
1.91035
1.88541
1.90429
1.85891
1.83335
1.84045
1.83041
1.81809
1.73952
1.68218
1.63379
1.48733
1.38931
1.22406
1.07912
0.93972
0.8403
0.72372
0.62526
0.52415
0.39667
0.27067
0.19026
0.13653
0.06472
-0.00165
-4.90293E-4
-0.02586
-0.02187
-0.01294
-0.01832
-0.04271
-0.04631
-0.05364
-0.04883
-0.05114
-0.02648
-0.05079
-0.06039
-0.07724
-0.07422
-0.07376
-0.06757
-0.05978
-0.05369
-0.04027
-0.02068
-0.03246
-0.04087
-0.03804
-0.02733
-0.05363
-0.07004
-0.07045
-0.05366
-0.03261
-0.04306
-0.04493
-0.07159
-0.09864
-0.0699
-0.08205
-0.06738
-0.0602
-0.07096
-0.10822
-0.11895
-0.08484
-0.08412
-0.08635
-0.1246
-0.11114
-0.0916
-0.09165
-0.05499
-0.10099
-0.0882
-0.10251
-0.11943
-0.11976
-0.09401
-0.0792
-0.1251
-0.14075
-0.16752
-0.13912
-0.16597
-0.17936
-0.15801
-0.16781
-0.15167
-0.13821
-0.10165
-0.08118
-0.0804
-0.09531
-0.09555
-0.06648
-0.05342
-0.02593
-0.04916
-0.03009
-0.04802
-0.05842
-0.04892
-0.02709
-0.03496
-0.07597
-0.08893
-0.08085
-0.08737
-0.07115
-0.08345
-0.06525
-0.04764
-0.04216
-0.04575
-0.01979
-0.0134
0.00209
-0.01611
0.00728
0.02432
0.02228
0.02736
0.03313
0.03673
0.0505
0.03112
-0.0057
0.01441
0.02492
-0.0026
-0.01595
-0.04875
-0.03621
-0.0507
-0.04023
-0.03638
-0.0371
-0.00923
-0.01841
-0.01519
-0.01546
0.02899
0.0258
-0.00892
-0.01858
-0.00259
-0.00197
-0.01324
-0.00382
-0.01965
-0.00808
-0.00635
-0.02347
-0.00253
0.00868
0.00671
-0.02292
-0.02016
-0.01032
0.03318
0.03867
0.07736
0.05761
0.08464
0.06415
0.06241
0.05391
0.0683
0.04013
0.01509
0.02549
0.03623
0.02708
0.02968
-0.0156
-0.02532
-0.05658
-0.0406
-0.07113
-0.04788
-0.05219
-0.06337
-0.08219
-0.08495
-0.09471
-0.09629
-0.09938
-0.09629
-0.10849
-0.10203
-0.08849
-0.05853
-0.0502
-0.06723
-0.07129
-0.07528
-0.06012
-0.0756
-0.0656
-0.04666
-0.0317
-0.03129
-0.03479
-0.00386
0.01224
-0.03007
-0.05077
-0.04658
-0.04402
-0.06288
-0.0604
-0.05422
-0.01207
-0.008
-0.01699
-0.04036
-0.04471
-0.04678
-0.05845
-0.08894
-0.07507
-0.10243
-0.11959
-0.12686
-0.13028
-0.14048
-0.14707
-0.17016
-0.16845
-0.16967
-0.14007
-0.14398
-0.15589
-0.15125
-0.11524
-0.09499
-0.0741
-0.06475
-0.06207
-0.02007
-0.0267
-0.03036
-0.03081
-0.02572
-0.00926
-0.02337
-0.01251
-0.01032
-0.02544
-0.0115
-0.02264
-0.00146
0.01216
0.01468
0.01879
0.02859
0.04373
0.02326
0.01974
0.00608
-0.02382
-0.0349
-0.01679
0.01451
-0.00733
0.0049
-0.03968
-0.06949
-0.04349
-0.05399
-0.04803
-0.02119
4.03637E-5
-0.01181
-0.03114
-0.03171
-0.02449
-0.03395
-0.07444
-0.06881
-0.09595
-0.05983
-0.03379
-0.06005
-0.09195
-0.08227
-0.10496
-0.10382
-0.089
-0.06079
-0.05348
-0.0482
-0.03842
-0.04008
-0.05021
-0.03777
-0.04387
-0.05804
-0.04464
-0.03935
-0.02503
-0.04059
-0.0391
-0.04409
-0.05326
-0.06704
-0.05392
-0.0342
-0.02211
-0.0097
0.00865
0.00614
0.02542
0.02713
0.04256
0.00153
-0.00239
-0.0134
-0.02647
-0.02084
-0.00286
-0.04473
-0.05457
-0.0453
-0.02055
-0.02419
-0.02179
-0.00502
-0.00209
0.01209
0.02694
0.02097
0.0137
0.03641
0.01835
0.01643
0.02097
0.01528
0.03169
0.01473
0.00513
-0.00699
-0.04452
-0.06818
-0.07197
-0.06783
-0.09262
-0.06779
-0.06887
-0.04664
-0.04128
-0.04905
-0.06459
-0.05793
-0.07484
-0.08073
-0.0696
-0.0412
-0.03779
-0.05389
-0.06828
-0.0178
-0.02508
-0.01889
-0.03342
-0.02925
-0.01865
-0.00593
-0.03399
-0.03384
-0.0201
-0.04934
-0.06938
-0.05272
-0.02224
-0.03294
-0.03815
-0.02808
-0.02284
-0.01141
-0.03296
-0.03342
-0.02367
-0.01018
-0.0095
-0.00584
0.02179
0.01845
0.02059
-0.00986
0.00562
0.01858
0.00914
-0.02928
-0.02754
-0.02742
-0.01374
-0.0187
0.00223
0.01604
0.01672
-7.61102E-4
0.00914
-0.00423
-0.00223
-0.00338
-0.01961
-0.03368
-0.04824
-0.05998
-0.04097
-0.01678
-0.02606
-0.03924
-0.03087
-0.04523
-0.03438
-0.05114
-0.0555
-0.03217
-0.01677
-0.02377
-0.02691
0.01882
0.03092
0.03535
-0.00519
8.62356E-4
-0.0194
-0.02346
-0.01315
-0.02238
0.01399
0.02025
0.02938
0.03914
0.03276
0.05178
0.02746
-0.00296
0.01606
0.01853
-0.01111
-0.02538
-0.04019
-0.04325
-0.01609
-0.03098
-0.03302
-0.04181
-0.04726
-0.03699
-0.00793
-0.01225
0.03451
0.01182
0.01791
0.03823
0.03842
0.04825
0.03171
0.01159
-0.035
-0.05138
-0.07678
-0.10819
-0.09924
-0.13715
-0.13746
-0.1553
-0.16775
-0.13852
-0.1366
-0.13549
-0.15146
-0.14587
-0.15274
-0.11743
-0.11314
-0.09657
-0.05633
-0.07469
-0.087
-0.1242
-0.15264
-0.14585
-0.18269
-0.18047
-0.14466
-0.15549
-0.15627
-0.06068
0.00168
0.06474
0.11959
0.22097
0.31008
0.43024
0.62684
0.76744
0.9414
1.12566
1.28872
1.40238
1.59361
1.72596
1.81455
1.88455
1.96447
2.04061
2.06103
2.13884
2.15884
2.15953
2.16621
2.11027
2.09345
2.07629
2.06545
2.0665
2.09742
2.05611
2.07807
2.10502
2.14333
2.15434
2.11929
2.13475
2.0971
2.09313
2.11284
2.08253
2.09786
2.11595
2.1118
2.13311
2.14526
2.10332
2.10043
2.10508
2.11926
2.13074
2.14411
2.19766
2.20343
2.19478
2.18579
2.12328
2.0819
2.05975
2.04465
2.03703
2.08365
2.08217
2.08728
2.04771
2.08071
2.05341
2.04153
2.03789
2.04053
2.05135
2.07821
2.11018
2.11209
2.06267
2.05348
2.0293
1.99312
1.93508
1.98057
1.99265
2.03814
2.0412
2.07233
2.07486
2.03327
2.03097
2.05494
2.00277
2.05519
2.09563
2.07739
2.09401
2.0752
2.02386
1.99391
1.95822
1.96859
1.95021
1.9758
1.99946
1.98402
1.97629
2.01089
1.95434
1.91237
1.95374
1.95324
1.97467
1.97482
1.97811
2.01918
2.03421
2.05465
2.02881
2.06393
2.08735
2.0971
2.10043
2.13068
2.14702
2.12447
2.09321
2.09424
2.08375
2.1014
2.04664
2.02502
2.02636
2.06491
2.0899
2.1015
2.12292
2.13407
2.11651
2.1142
2.09558
2.14218
2.18358
2.1909
2.15978
2.21188
2.18807
2.19746
2.17719
2.18958
2.23126
2.18187
2.14306
2.14495
2.15271
2.17003
2.18954
2.12484
2.1408
2.13283
2.0928
2.11739
2.12176
2.095
2.05131
2.00176
2.01209
2.06956
2.09391
2.07591
2.09773
2.12267
2.14331
2.16312
2.14486
2.15979
2.17419
2.14021
2.14179
2.14245
2.11334
2.10852
2.11034
2.08861
2.07767
2.03837
2.00809
1.9796
1.94805
1.96237
1.97789
1.95181
1.93716
1.97927
1.98823
2.04111
2.11327
2.07766
2.08703
2.12352
2.15439
2.10647
2.10781
2.12708
2.15595
2.12277
2.0998
2.09786
2.07489
2.02018
1.97667
1.91482
1.92543
1.92686
1.94312
1.92569
1.91565
1.96466
1.93569
1.86767
1.90675
1.89326
1.93509
1.91777
1.95709
1.97912
1.9287
1.89204
1.86915
1.81469
1.77802
1.81766
1.83799
1.85621
1.90283
1.89211
1.95527
1.8987
1.9161
1.91046
1.92505
1.99754
2.06054
2.07936
2.07286
2.13652
2.12023
2.04299
2.01003
1.98238
1.95853
1.89109
1.94228
1.9641
1.98794
1.98888
2.0014
1.9792
2.01417
2.03872
2.05983
2.05341
2.05773
2.08671
2.10372
2.11378
2.10313
2.09713
2.10788
2.06857
2.06045
1.98044
1.99888
2.02493
2.02429
1.98624
1.97706
2.02994
2.02816
2.05272
2.02598
2.05934
2.04092
1.96886
2.00943
2.00098
2.02781
2.00599
1.95351
1.97962
1.99677
1.9982
2.0262
2.06811
2.03746
2.05348
2.05023
2.06674
2.06037
2.06524
2.06334
2.08903
2.09827
2.11798
2.09742
2.05189
2.07763
2.03498
1.97911
1.99296
1.98052
1.98812
1.97722
1.97843
1.92828
1.92263
1.89028
1.88198
1.85458
1.86874
1.89967
1.89821
1.912
1.90639
1.92675
1.94965
1.9501
1.94759
1.98145
1.9832
1.99654
2.01614
1.99264
2.03033
1.99334
1.98473
1.97562
1.99051
1.99981
1.98956
1.97563
1.97628
1.9626
2.02172
2.01075
2.03966
2.05766
2.05402
2.02291
2.01671
2.0221
2.04917
2.04077
2.09796
2.09309
2.10244
2.08981
2.11143
2.0303
2.06193
2.03214
2.02745
2.08806
2.08084
2.09526
2.09987
2.09173
2.08431
2.05919
2.04907
2.02748
2.07847
2.04793
2.06909
2.09437
2.07966
2.04612
1.98594
2.00203
2.03326
2.03343
2.01453
2.03786
2.01255
2.04995
2.12788
2.05823
2.1042
2.13357
2.08766
2.1038
2.10272
2.07441
2.05217
2.04336
2.0421
2.03959
1.9752
1.99545
1.98443
1.94375
1.96651
1.96233
1.93583
1.93397
1.89279
1.91447
1.94109
1.93634
1.94129
1.92632
1.92127
1.95108
1.94446
1.9426
1.92698
1.95098
1.92926
1.94593
2.00658
2.02987
2.01655
2.04951
2.04997
2.02432
2.04823
2.0479
2.04795
2.03775
2.01946
1.98966
1.95151
1.98541
1.99936
1.98298
1.98977
2.04542
2.03079
2.01092
2.01349
1.92881
1.93276
1.91987
1.9671
1.96203
1.98539
2.00238
1.98967
1.97617
1.96028
1.98239
1.97155
1.97176
1.98977
2.03192
2.07751
2.13066
2.12895
2.09997
2.13078
2.13417
2.15307
2.11272
2.11396
2.10959
2.09465
2.04684
2.07154
2.08955
2.05866
2.07308
2.01112
2.01933
2.04273
2.01178
2.02628
1.96741
1.99558
2.00449
2.00091
2.00162
1.9486
1.8427
1.72998
1.63172
1.52362
1.40645
1.3001
1.13877
1.00307
0.86977
0.77217
0.59487
0.42936
0.30127
0.15591
0.109
0.07434
0.07612
0.05842
0.01994
0.01852
0.0039
0.0245
0.04508
0.00821
0.02168
0.06264
0.11194
0.12443
0.14527
0.13995
0.09679
0.06096
0.01802
0.06509
0.0598
0.05412
0.00118
0.00338
0.01301
0.00719
0.01197
-0.01715
-0.01188
-0.02539
-0.0303
0.00372
0.0187
0.00201
-0.01354
-0.0223
-0.043
-0.0424
-0.10315
-0.09649
-0.12518
-0.12058
-0.12351
-0.12651
-0.14088
-0.17507
-0.18469
-0.19496
-0.16984
-0.16302
-0.13877
-0.1334
-0.12622
-0.10083
-0.09091
-0.08837
-0.0998
-0.09452
-0.10301
-0.10019
-0.06708
-0.05925
-0.04669
-0.02858
-0.058
-0.06563
-0.05794
-0.06763
-0.03692
-0.04507
-0.01765
-0.01078
-0.03629
-0.03789
0.00139
-0.0276
-0.04932
-0.08174
-0.11928
-0.11308
-0.11146
-0.08565
-0.05809
-0.05742
-0.08027
-0.08394
-0.07781
-0.08021
-0.07894
-0.11827
-0.09221
-0.08155
-0.08598
-0.04753
-0.03845
-0.02365
-0.02967
-0.02451
-0.05509
-0.01371
0.0096
-0.00579
0.04105
0.07443
0.10507
0.09831
0.11021
0.12881
0.12248
0.11223
0.05877
0.00534
-0.01503
-0.01128
-0.01924
-0.02018
-0.00877
-0.04912
-0.08837
-0.10036
-0.09153
-0.10422
-0.09964
-0.10801
-0.09911
-0.05367
0
-0.01151
0.00822
0.01481
-0.02091
-0.04268
-0.04857
-0.02946
-0.02854
-0.02827
6.91695E-5
0.00756
0.02614
0.03622
0.03043
0.00554
0.025
0.00161
0.0046
0.00354
0.01077
0.0539
0.03537
0.04334
0.06395
0.0738
0.08351
0.10422
0.09742
0.11228
0.12734
0.16279
0.181
0.17687
0.18916
0.20752
0.19336
0.19832
0.20061
0.1619
0.12705
0.11298
0.06445
0.0662
0.06394
0.05794
0.0213
0.01802
0.03522
0.02515
0.02021
0.00444
0.02766
0.02302
0.01662
0.02923
0.03956
0.0379
0.04144
-0.00312
-0.00558
0.01172
0.03911
-0.00406
0.02599
0.00522
0.00979
-0.00589
-0.01328
0.00634
0.01093
-0.00403
-0.0028
0.01001
0.05598
0.05848
0.01917
0.00357
-0.0041
-0.0149
-0.00815
0.01735
0.00264
0.01033
0.01061
0.01209
0.01359
0.02898
0.02251
0.00106
0.02229
0.06706
0.05558
0.0928
0.10613
0.13599
0.10071
0.11284
0.06304
0.06203
0.04806
0.04738
0.03982
5.59077E-4
-0.00765
-0.02487
-0.03227
-0.01299
-0.0038
-0.00342
-0.0245
-0.02262
-0.04648
0.00686
0.00101
-0.00886
0.01814
0.02144
0.02673
0.03561
0.02969
0.05392
0.03612
0.03788
0.01663
0.02346
0.04746
0.06242
0.06999
0.06813
0.09505
0.07712
0.11219
0.12468
0.13415
0.10989
0.08962
0.09748
0.0561
0.04361
0.04929
0.01238
0.00909
0.00184
0.0076
0.0103
0.01966
-0.01876
-0.01403
-0.00768
0.02277
0.03859
0.04137
0.02775
0.02723
-0.00574
-0.00113
-0.01882
-0.01909
-0.00866
-0.03131
-0.01625
-0.01509
-0.01807
-0.00328
-0.02326
-0.04286
-0.02918
0.01025
0.01948
0.03813
0.05492
0.06565
0.06351
0.05087
0.06628
0.0301
0.0413
0.07038
0.0264
0.04648
0.05441
0.05634
0.06321
0.07346
0.09476
0.10611
0.13412
0.12613
0.13922
0.12606
0.16183
0.15758
0.13803
0.12946
0.12009
0.11992
0.10782
0.08233
0.08267
0.05478
0.01727
0.03326
0.05969
0.03514
0.02676
0.00557
0.00508
0.00335
0.04193
0.06725
0.08455
0.06509
0.08652
0.07989
0.11776
0.16877
0.12712
0.12941
0.15661
0.19575
0.18167
0.18634
0.20412
0.21526
0.19377
0.17711
0.2074
0.21183
0.22237
0.20228
0.1893
0.22222
0.19821
0.17488
0.16172
0.19586
0.20938
0.21081
0.19582
0.20355
0.2073
0.21499
0.18455
0.1649
0.17468
0.15431
0.1436
0.14092
0.15187
0.10659
0.09602
0.11279
0.06999
0.05967
0.03467
-0.01378
-0.03288
-0.03136
-0.01602
-0.0624
-0.06897
-0.05604
-0.04781
-0.06188
-0.04066
-0.03304
-0.04808
-0.02307
-4.98609E-4
0.02021
0.04692
0.04697
0.05784
0.08284
0.12549
0.12465
0.09909
0.09938
0.11822
0.12103
0.08647
0.07222
0.05443
0.04822
0.07076
0.06836
0.05735
0.0597
0.03448
-0.00486
-0.006
0.01669
-0.00839
0.01356
0.02807
0.01929
0.0129
0.02979
0.01486
-0.03662
-0.06742
-0.06795
-0.06937
-0.0633
-0.03083
-0.02486
-0.05201
-0.0331
-0.05927
-0.08149
-0.04859
-0.05636
-0.05574
-0.05961
-0.0567
-0.03917
-0.03237
-0.02079
-0.03402
-0.0538
-0.05434
-0.04367
-0.06399
-0.07019
-0.0408
-0.04136
-0.06539
-0.07956
-0.07687
-0.04611
-0.01214
-0.01125
0.00233
0.01883
0.01876
0.08405
0.18499
0.29783
0.38682
0.54706
0.68573
0.84706
0.94315
1.08079
1.2325
1.40249
1.57235
1.72503
1.89236
2.13069
2.25856
2.35713
2.43478
2.48605
2.40951
2.37369
2.38858
2.44358
2.43795
2.40397
2.40701
2.41613
2.38662
2.37328
2.31875
2.31504
2.33027
2.29543
2.25633
2.34324
2.36864
2.34249
2.32821
2.33667
2.39809
2.32602
2.31332
2.36668
2.35688
2.34535
2.30604
2.21411
2.17277
2.22889
2.19266
2.2085
2.23121
2.28226
2.29123
2.29999
2.33425
2.33318
2.31788
2.32495
2.33475
2.3771
2.41903
2.42114
2.42737
2.40924
2.42423
2.47657
2.45628
2.47628
2.42814
2.45613
2.43471
2.4063
2.40105
2.35629
2.31944
2.36541
2.41267
2.40043
2.42874
2.41788
2.35241
2.30773
2.308
2.29125
2.27889
2.27551
2.24561
2.22731
2.24842
2.26977
2.17266
2.17103
2.163
2.15087
2.12968
2.16272
2.18827
2.20014
2.23903
2.21019
2.25788
2.30406
2.29629
2.24554
2.25887
2.29266
2.271
2.27826
2.31705
2.33947
2.34016
2.35963
2.33337
2.33589
2.35374
2.27922
2.2718
2.31778
2.36521
2.36072
2.39282
2.37947
2.3989
2.3411
2.31402
2.30457
2.27307
2.24375
2.23408
2.28969
2.3103
2.362
2.35572
2.3606
2.34292
2.32775
2.36732
2.36203
2.39449
2.45522
2.42818
2.44662
2.47951
2.49205
2.44745
2.44627
2.4328
2.39677
2.48413
2.466
2.40328
2.35819
2.38059
2.3182
2.23633
2.27373
2.2836
2.28649
2.30861
2.28101
2.3043
2.29501
2.31508
2.26927
2.30857
2.34798
2.39529
2.39499
2.45124
2.47881
2.41658
2.42132
2.47224
2.40479
2.37189
2.38598
2.33832
2.29807
2.23367
2.23154
2.19197
2.15862
2.12484
2.06197
2.07576
2.08448
2.04085
2.00352
2.04319
2.09384
2.10235
2.11358
2.13395
2.20297
2.15644
2.20946
2.26793
2.20853
2.29828
2.33366
2.34537
2.39941
2.35718
2.2919
2.3303
2.32468
2.33065
2.35803
2.31407
2.32052
2.31226
2.28771
2.32919
2.29315
2.2347
2.22184
2.14853
2.2163
2.29661
2.29841
2.27774
2.26094
2.27649
2.31607
2.35825
2.36751
2.36772
2.38468
2.33341
2.35877
2.3841
2.43408
2.3767
2.30349
2.22855
2.23415
2.24825
2.21953
2.16269
2.14126
2.13242
2.12887
2.10318
2.10435
2.05754
2.09658
2.12462
2.15534
2.22208
2.27728
2.23905
2.27761
2.32333
2.3749
2.31705
2.33817
2.29332
2.31091
2.33261
2.36982
2.3716
2.36094
2.32734
2.32327
2.30273
2.33862
2.31366
2.23583
2.19343
2.27709
2.26186
2.29787
2.30576
2.35622
2.33321
2.31517
2.29966
2.30848
2.28986
2.31611
2.31292
2.2939
2.2788
2.22438
2.18444
2.17623
2.14334
2.13623
2.09756
2.15286
2.1455
2.15477
2.16643
2.16737
2.10855
2.07659
2.07621
2.0805
2.14134
2.12134
2.11309
2.17797
2.20106
2.19609
2.15091
2.18709
2.17688
2.16678
2.16776
2.22495
2.27284
2.28719
2.34508
2.36382
2.43953
2.46395
2.39944
2.37212
2.42099
2.42032
2.37673
2.33782
2.32642
2.32775
2.30554
2.26744
2.20446
2.191
2.20508
2.19049
2.16679
2.20063
2.19863
2.16725
2.18428
2.14522
2.20571
2.21591
2.22042
2.23732
2.27393
2.3765
2.40548
2.40197
2.35431
2.36988
2.35866
2.34346
2.35651
2.33752
2.35339
2.28155
2.30126
2.31239
2.3109
2.29944
2.26103
2.21268
2.2016
2.18681
2.18665
2.20611
2.24138
2.23713
2.24493
2.23541
2.26568
2.29432
2.30561
2.27947
2.27982
2.25014
2.28147
2.25481
2.25614
2.22855
2.19974
2.1717
2.1634
2.18222
2.22011
2.24624
2.20931
2.21386
2.18874
2.18635
2.23036
2.19611
2.19973
2.25182
2.2351
2.23822
2.253
2.24273
2.23258
2.28371
2.24877
2.2251
2.1731
2.15277
2.14505
2.12424
2.17232
2.15189
2.14856
2.17486
2.17449
2.19844
2.21222
2.21454
2.15865
2.13547
2.13361
2.12414
2.1611
2.153
2.14223
2.11022
2.10437
2.08077
2.10001
2.1187
2.11787
2.10473
2.08457
2.1203
2.12812
2.08271
1.99932
1.88663
1.7726
1.6308
1.49604
1.3735
1.23455
1.06799
0.91558
0.7267
0.59714
0.44191
0.25761
0.15683
0.05807
0.01033
-0.02459
-0.04274
-0.0348
-0.01553
0.01972
0.01698
0.02181
0.01283
0.04072
0.07669
0.11199
0.1305
0.13121
0.14548
0.12624
0.1445
0.15514
0.16225
0.16565
0.15214
0.15459
0.14349
0.14095
0.13925
0.09505
0.08786
0.09646
0.06894
0.08808
0.09425
0.0532
0.01224
-0.00968
-0.03954
-0.06579
-0.06507
-0.05431
-0.05241
-0.055
-0.02633
-0.02287
-0.04714
-0.03469
-0.05812
-0.01224
0.03208
0.03776
0.05015
0.03365
0.04529
0.05811
0.05565
0.07872
0.09378
0.06138
0.06036
0.07813
0.10106
0.10956
0.1097
0.10678
0.14283
0.12128
0.14297
0.14243
0.11814
0.12927
0.11377
0.08911
0.07819
0.06457
0.06004
0.06482
0.05332
0.02236
0.02554
0
0.0137
0.02716
0.02883
0.03547
0.02156
0.00997
-0.00575
0.01051
0.03633
0.03671
0.03626
0.0109
0.02841
0.00517
0.00981
-0.00547
-0.04665
-0.05995
-0.05778
-0.05468
-0.0417
-0.04303
-0.05272
-0.07733
-0.09957
-0.12733
-0.11179
-0.11289
-0.07201
-0.09973
-0.08574
-0.04623
-0.03493
-0.06597
-0.07869
-0.07265
-0.03834
-0.01618
-0.017
-0.02771
-0.04579
-0.01709
-0.00891
-8.67163E-4
0.028
0.01989
-0.00596
0.00202
0.0195
0.06033
0.05363
0.01966
0.01139
-0.00961
0.01988
0.03191
0.0418
0.04011
0.00133
0.00347
0.01548
0.0113
-0.02288
-0.04188
-0.07567
-0.0855
-0.05995
-0.08377
-0.05559
-0.06188
-0.02281
-0.04228
-0.07087
-0.05682
-0.05262
-0.03153
-0.01884
-0.00511
0.00724
0.02665
0.02011
-0.00683
0.01078
-7.37069E-4
0.00639
-0.04014
-0.02777
-0.02291
-0.02779
-0.02876
-0.0714
-0.07485
-0.05122
-0.02361
-0.03715
-0.02311
-0.00945
-0.01753
-0.00346
-0.00662
-1.91467E-4
-0.01181
-0.03467
-0.03736
-0.03878
-0.03695
-0.02748
-0.03243
-0.04431
-0.04155
-0.0137
-0.00642
-0.01423
0.00316
-0.02134
-0.02135
-0.02168
-9.71027E-4
-6.96936E-4
-0.00382
-6.15112E-4
-0.01538
-0.02534
-0.0418
-0.01757
-0.03668
-0.03195
-0.02997
-0.03675
-0.0169
-0.00294
0.02023
-0.00306
-0.03644
-0.03249
-0.02977
-0.00241
0.00527
0.01433
-0.00302
0.00393
-0.02975
-0.03334
-0.05867
-0.06445
-0.08494
-0.12717
-0.11713
-0.07405
-0.07762
-0.06876
-0.07783
-0.07279
-0.06551
-0.07218
-0.07787
-0.04275
-0.02084
-0.01335
-0.00498
0.01184
0.03851
0.05201
0.04143
0.04525
0.05106
0.04413
0.0518
0.05509
0.06249
0.06171
0.02676
0.027
0.02007
-3.1995E-4
-0.01105
0.00261
0.0081
0.01622
0.02265
0.02771
0.01734
-0.01345
-0.00459
0.01012
0.00886
0.01323
-0.00625
0.01904
0.03598
0.02516
-0.02509
-0.03317
-0.05553
-0.06822
-0.06647
-0.06667
-0.06485
-0.08151
-0.10279
-0.11073
-0.09121
-0.07767
-0.09805
-0.08067
-0.0526
-0.01643
0.02158
0.03963
0.04008
-0.00325
0.01452
0.05159
0.05595
0.05648
0.07522
0.08279
0.07681
0.10115
0.06288
0.06699
0.08101
0.03171
0.0274
0.03871
0.07867
0.0466
0.04977
0.03656
0.03185
0.0248
-0.00915
-0.04293
-0.04151
-0.02648
-0.05292
-0.06869
-0.06055
-0.04313
-0.05502
-0.07139
-0.05448
-0.08639
-0.04175
-0.02833
-0.01193
0.06501
0.12135
0.10945
0.11124
0.10057
0.11487
0.11975
0.09995
0.0963
0.09959
0.07988
0.06712
0.04956
0.0479
0.00678
-0.06473
-0.07892
-0.08141
-0.07145
-0.0334
-0.09018
-0.10592
-0.11109
-0.11459
-0.10544
-0.05353
-0.02857
-0.0621
-0.06735
-0.07085
-0.05065
-0.02403
-0.055
-0.0824
-0.09134
-0.063
-0.03459
-0.0313
-0.03215
-0.05365
-0.07313
-0.09606
0.05232
0.15777
0.24508
0.37224
0.44732
0.59916
0.74957
0.91769
1.09188
1.23217
1.382
1.53518
1.67787
1.81847
1.98928
1.9887
2.03566
2.12733
2.17342
2.23529
2.21834
2.25176
2.25171
2.27032
2.27336
2.25434
2.2751
2.27742
2.25263
2.26771
2.3045
2.32543
2.29474
2.29197
2.30851
2.33773
2.34069
2.35081
2.33414
2.33296
2.34447
2.35182
2.37073
2.42785
2.39976
2.4066
2.40143
2.40862
2.42357
2.42503
2.45965
2.46815
2.45611
2.42903
2.46317
2.49536
2.51923
2.55768
2.52841
2.538
2.57836
2.56339
2.58823
2.60216
2.55335
2.55128
2.56761
2.55045
2.54598
2.5163
2.52663
2.51699
2.43296
2.46276
2.47962
2.43998
2.44676
2.42029
2.3926
2.43475
2.41272
2.37837
2.37878
2.40764
2.43637
2.40368
2.42136
2.4916
2.49057
2.50142
2.52926
2.55983
2.56539
2.5706
2.56731
2.56141
2.60661
2.63168
2.62696
2.62224
2.62476
2.60091
2.57545
2.56769
2.5744
2.47822
2.45472
2.45634
2.44438
2.41498
2.42957
2.39046
2.34224
2.32594
2.32183
2.3789
2.34454
2.33665
2.36596
2.38076
2.42633
2.40877
2.42743
2.4497
2.46848
2.47648
2.47704
2.48687
2.50093
2.49414
2.47429
2.51523
2.51783
2.47539
2.42693
2.46234
2.51579
2.49196
2.48546
2.50351
2.49985
2.51313
2.50618
2.50589
2.48454
2.49032
2.43556
2.43788
2.45129
2.46174
2.41304
2.37612
2.38274
2.39725
2.38993
2.39492
2.35979
2.39503
2.42133
2.46551
2.47619
2.48806
2.52757
2.54589
2.56016
2.58962
2.59128
2.63189
2.59948
2.60078
2.60463
2.61174
2.56755
2.5308
2.50542
2.46241
2.49232
2.48215
2.4976
2.51216
2.47696
2.47371
2.4331
2.42972
2.44077
2.42163
2.40635
2.41008
2.42081
2.42508
2.45419
2.47065
2.45906
2.43283
2.39661
2.43266
2.43013
2.42208
2.4228
2.39133
2.3743
2.39825
2.44134
2.44988
2.45212
2.41675
2.40174
2.3858
2.36145
2.35612
2.37355
2.40928
2.47789
2.49621
2.48157
2.55901
2.55697
2.53428
2.51899
2.53618
2.49833
2.48137
2.51929
2.54945
2.51266
2.50419
2.515
2.49581
2.46641
2.49364
2.43591
2.44867
2.46269
2.47716
2.44963
2.53174
2.53535
2.51353
2.51682
2.55946
2.56173
2.53746
2.47274
2.47741
2.45063
2.4692
2.45607
2.46553
2.47232
2.4709
2.44996
2.44415
2.42944
2.40086
2.42534
2.41197
2.37127
2.37513
2.38943
2.41243
2.39938
2.3934
2.40896
2.38973
2.35939
2.32744
2.30687
2.29836
2.28092
2.29782
2.32765
2.34521
2.42472
2.42077
2.43942
2.41502
2.41087
2.37201
2.37102
2.40338
2.41727
2.47381
2.48084
2.53787
2.49083
2.44875
2.4196
2.35406
2.32585
2.3032
2.33319
2.32864
2.33279
2.36555
2.39258
2.37912
2.31492
2.29874
2.26731
2.25991
2.28027
2.30855
2.31997
2.33899
2.34379
2.36034
2.36615
2.37614
2.34459
2.34398
2.35458
2.40575
2.42302
2.44026
2.46461
2.47051
2.45599
2.47818
2.49825
2.53146
2.52561
2.5283
2.50175
2.51357
2.48779
2.47173
2.49343
2.5446
2.56301
2.56817
2.57065
2.58297
2.54175
2.49865
2.42747
2.45279
2.48347
2.52351
2.50371
2.49606
2.5554
2.52182
2.46438
2.42169
2.39327
2.40521
2.41615
2.45534
2.49826
2.55119
2.52455
2.4854
2.44637
2.45901
2.45343
2.41839
2.38684
2.40939
2.37077
2.40906
2.37669
2.36636
2.38136
2.38273
2.38
2.35346
2.38383
2.38789
2.34045
2.33918
2.34275
2.41693
2.42518
2.44867
2.4548
2.47374
2.4763
2.42861
2.41157
2.38872
2.40326
2.36872
2.406
2.49469
2.48399
2.4607
2.41833
2.42414
2.4447
2.44925
2.43449
2.43123
2.47248
2.49167
2.49792
2.47068
2.49836
2.47754
2.38192
2.40118
2.42935
2.44796
2.42581
2.44854
2.41455
2.39545
2.37964
2.35305
2.36036
2.35157
2.37113
2.34894
2.31284
2.36543
2.35051
2.29424
2.27216
2.26199
2.21231
2.20739
2.24994
2.25957
2.22741
2.21143
2.21382
2.17744
2.22211
2.27076
2.32384
2.34554
2.39655
2.38797
2.42853
2.42987
2.42255
2.37307
2.35473
2.37661
2.35954
2.40254
2.46034
2.43419
2.4389
2.34841
2.33308
2.26604
2.19653
2.02412
1.88834
1.76862
1.63715
1.51524
1.33905
1.2121
1.01794
0.85465
0.69498
0.51477
0.36883
0.24651
0.15866
0.10886
0.11946
0.14832
0.13222
0.16064
0.19767
0.28278
0.27522
0.31318
0.31822
0.3541
0.38831
0.41464
0.38923
0.36813
0.33235
0.3145
0.29425
0.26985
0.26043
0.20612
0.14827
0.14026
0.08135
0.05886
0.02085
-0.01875
-0.03554
-0.00205
-0.00584
0.00192
0.00871
-0.00954
0.00535
-0.02148
-0.01647
1.484E-4
-0.03074
-0.0146
0.00137
-0.03475
-0.03813
-0.03035
-0.0765
-0.06896
-0.06513
-0.09902
-0.10345
-0.10917
-0.11836
-0.12685
-0.12734
-0.11917
-0.14408
-0.1506
-0.10902
-0.09982
-0.07888
-0.09217
-0.08334
-0.10257
-0.06456
-0.06443
-0.04121
-0.04138
-0.00763
-0.00431
0.02661
0.06165
0.04082
0.02453
0.04131
-0.01774
0.0036
2.62978E-4
0.01007
-1.45187E-4
0.01275
-0.0133
4.37362E-5
-0.03182
-0.04521
-0.04603
-0.04399
-0.03566
-0.02117
-0.03866
0.00805
-0.00134
0.00327
0.00972
-0.01649
-0.02178
-0.0062
-0.01328
-0.00555
0.01242
-0.00171
-0.03266
-0.01311
-0.03156
-0.0242
-0.04265
-0.03228
-0.00155
-0.00814
-0.01166
-0.01585
-0.02784
-0.00975
-0.01128
-0.03739
-0.03722
-0.00844
0.0028
0.02145
0.01851
0.02978
0.03225
-0.00536
-0.00708
-0.01795
-0.01533
-0.02363
-0.02358
-0.01013
-0.01066
-0.03167
-0.03085
-0.06882
-0.0793
-0.10016
-0.08593
-0.09877
-0.12101
-0.11698
-0.10052
-0.11315
-0.0911
-0.09795
-0.08957
-0.09798
-0.09579
-0.12522
-0.11509
-0.13033
-0.13943
-0.16142
-0.14032
-0.08695
-0.08374
-0.05057
-0.03609
-0.03067
-0.02685
-0.02173
-0.00867
0.02608
0.05609
0.05052
0.06563
0.09852
0.12162
0.118
0.09594
0.08508
0.09971
0.09337
0.07586
0.0763
0.06318
0.08245
0.09522
0.0849
0.07514
0.0756
0.06852
0.03194
0.04202
0.01397
0.01393
-0.01777
-0.02282
-0.02233
-0.04307
-0.06438
-0.06707
-0.10387
-0.0857
-0.0764
-0.06775
-0.04776
-0.03935
-0.06493
-0.05213
-0.03336
-0.01406
0.01273
0.03861
0.08527
0.08904
0.08164
0.10407
0.07202
0.07489
0.06291
0.05992
0.08223
0.10601
0.10443
0.11651
0.07652
0.05067
0.04048
-0.00313
0.02296
-0.0079
0.00832
-0.01453
-6.34648E-4
0.01042
0.0024
-0.01658
-0.00655
0.03338
0.01163
0.03363
0.05326
0.05982
0.05244
0.05193
0.06157
0.02129
0.01578
0.02531
0.00614
0.01132
0.0297
-0.0024
-0.01922
-0.01447
-0.01492
-0.01534
-0.04417
-0.0258
-0.0426
-0.02049
-0.022
0.01657
-0.00648
0.01004
-0.0147
-0.01944
0.00635
0.00726
-0.02211
-0.01705
-0.03598
-0.02893
-0.0357
-0.03616
-0.04293
-0.03312
-0.02461
5.31982E-4
0.02079
0.03344
0.04634
0.02819
0.01443
0.03534
0.03414
0.04741
0.06398
0.04765
0.06979
0.07037
0.10201
0.09008
0.07449
0.07053
0.07119
0.06519
0.06793
0.05965
0.04256
0.0362
0.01609
0.01677
0.04288
0.00997
-0.01095
-0.05073
-0.01335
-0.02258
-0.06756
-0.07685
-0.05566
-0.05717
-0.05729
-0.04146
-0.05409
-0.01078
-0.01407
-0.02853
0.0073
0.05208
0.06169
0.01679
0.01742
0.05942
0.05147
0.0019
2.52239E-4
0.01308
0.00203
-0.00445
-0.02354
-0.03478
-0.00148
-0.01954
-0.03344
-0.03875
0.01696
0.01893
-0.00638
-0.00229
0.02451
0.02685
0.02473
0.02924
0.04595
0.0314
0.00597
-0.01338
-0.01206
-0.02994
-0.03184
-0.06509
-0.05045
-0.0297
-0.02393
-0.04082
-0.03212
-0.02064
-0.01059
-0.01538
-8.15928E-4
0.02808
0.02449
0.05469
0.04873
0.06406
0.04204
0.03791
0.02767
0.02296
0.02061
0.00361
-0.0101
0.00424
0.02646
0.00641
0.00241
6.16513E-5
-0.06477
-0.05526
-0.05406
-0.0175
-0.02766
-0.00477
0.01427
0.02594
0.04388
0.03721
0.01916
-0.01083
-0.00338
-0.01564
0.00315
0.0236
0.00658
-0.01475
-0.01214
0.01116
-0.01207
-0.02105
0.02799
0.1956
0.36155
0.50912
0.66896
0.84629
1.03805
1.18375
1.37116
1.56828
1.7687
1.94867
2.08388
2.25868
2.39569
2.52733
2.53057
2.53238
2.55053
2.60966
2.61119
2.58162
2.60713
2.56857
2.5636
2.57276
2.5238
2.53496
2.54121
2.585
2.6271
2.64749
2.6602
2.73258
2.68589
2.69636
2.69248
2.69051
2.72818
2.7658
2.78379
2.80028
2.8355
2.76984
2.77937
2.72574
2.68112
2.71485
2.67641
2.70595
2.71658
2.76229
2.75638
2.77567
2.73842
2.73864
2.71871
2.69942
2.77335
2.76617
2.78628
2.78805
2.71222
2.70834
2.68775
2.69448
2.64995
2.65221
2.63134
2.65908
2.62943
2.63901
2.64809
2.6299
2.61489
2.58637
2.60526
2.66731
2.69071
2.69874
2.67416
2.69759
2.67853
2.69155
2.63445
2.62923
2.65367
2.67998
2.68877
2.70073
2.72346
2.7014
2.68165
2.66179
2.68567
2.67472
2.66921
2.67345
2.65789
2.7153
2.70913
2.74214
2.73028
2.74981
2.74197
2.76983
2.82568
2.82569
2.78319
2.76641
2.81414
2.83569
2.83359
2.83616
2.84564
2.85622
2.80574
2.76031
2.69037
2.68641
2.67229
2.6535
2.67852
2.71737
2.72275
2.70489
2.68902
2.71888
2.74528
2.74365
2.7303
2.73362
2.7454
2.82754
2.82984
2.81804
2.82274
2.77053
2.76272
2.75534
2.75426
2.78656
2.74088
2.7481
2.69942
2.71477
2.6936
2.64593
2.61895
2.64168
2.65747
2.66147
2.68018
2.69803
2.69833
2.67935
2.64213
2.67604
2.64938
2.68369
2.69663
2.73994
2.78382
2.79277
2.79786
2.76983
2.75227
2.77163
2.73746
2.75486
2.76975
2.78171
2.74676
2.75421
2.76483
2.76252
2.77444
2.80234
2.79473
2.79585
2.81399
2.80896
2.80194
2.8274
2.83915
2.8114
2.836
2.89634
2.8537
2.82737
2.81088
2.81731
2.82313
2.85067
2.85755
2.85638
2.89417
2.87489
2.86426
2.84952
2.86402
2.87217
2.84939
2.87242
2.89029
2.89368
2.85484
2.82417
2.76902
2.73254
2.71293
2.70371
2.72048
2.70533
2.70596
2.70243
2.65738
2.63829
2.65265
2.63987
2.6631
2.65377
2.64749
2.69393
2.68467
2.69746
2.69097
2.67664
2.69389
2.67827
2.66734
2.67216
2.69949
2.65959
2.68197
2.65337
2.67635
2.7321
2.72927
2.76422
2.78183
2.76835
2.75593
2.76753
2.79007
2.82179
2.82705
2.84475
2.88411
2.86348
2.88474
2.91408
2.89045
2.88708
2.8701
2.88186
2.9024
2.97594
2.94538
2.92812
2.91023
2.92746
2.8914
2.8901
2.90047
2.8577
2.82499
2.79341
2.77647
2.78132
2.7354
2.72635
2.68567
2.71361
2.69112
2.72929
2.72429
2.72189
2.70845
2.70777
2.73522
2.72994
2.72247
2.72496
2.71644
2.74808
2.71373
2.73424
2.7325
2.72914
2.72328
2.70911
2.69503
2.67698
2.67176
2.67596
2.67575
2.7008
2.70675
2.70654
2.70508
2.75903
2.71631
2.68941
2.71816
2.70434
2.72596
2.81014
2.85219
2.83408
2.82405
2.79783
2.78617
2.77842
2.79208
2.78033
2.74683
2.76769
2.78528
2.7876
2.76273
2.77168
2.70486
2.69145
2.7389
2.73191
2.79915
2.8012
2.78527
2.80508
2.81185
2.83511
2.83256
2.84249
2.848
2.82337
2.81143
2.81721
2.84372
2.83621
2.86851
2.79385
2.75784
2.78444
2.77881
2.79073
2.75258
2.77848
2.76899
2.73238
2.78776
2.78062
2.81063
2.78561
2.74087
2.76018
2.81377
2.88382
2.88253
2.83259
2.87823
2.90036
2.9362
2.91297
2.93092
2.89744
2.92381
2.902
2.92938
2.95591
2.91496
2.8977
2.85988
2.87547
2.89378
2.81393
2.81151
2.77755
2.78863
2.77873
2.78025
2.69885
2.56867
2.37491
2.19959
2.03696
1.85722
1.6882
1.505
1.32911
1.14975
0.9824
0.77582
0.60331
0.4517
0.27638
0.14139
0.10647
0.09867
0.07519
0.06174
0.06219
0.04037
0.05233
0.06933
0.09959
0.13724
0.17489
0.18095
0.19344
0.21589
0.18891
0.15005
0.13445
0.13666
0.10521
0.11983
0.13254
0.09496
0.07517
0.06234
0.00418
-0.04484
-0.03434
-0.06906
-0.09019
-0.06329
-0.03018
-0.01618
-0.01432
0.03249
0.02028
0.029
0.01113
0.01929
-0.01452
-0.01791
-6.85622E-4
-0.02958
-0.01545
-0.05797
-0.08557
-0.10571
-0.11073
-0.09375
-0.10568
-0.1051
-0.10823
-0.11127
-0.12979
-0.11927
-0.0723
-0.07752
-0.04019
-0.01842
0.01539
0.05642
0.06137
0.07965
0.05604
0.0596
0.05271
0.07481
0.11252
0.14932
0.173
0.10782
0.1043
0.06522
0.03825
0.05929
0.06264
0.06722
0.0409
0.03699
0.04051
0.02869
0.009
0.01511
0.01042
0.01975
0.02884
0.03788
0.05876
0.02895
0.01291
-0.00994
-0.0278
-0.0432
-0.02937
-0.0308
-0.03282
-0.04044
-0.03944
-0.06064
-0.06566
-0.05092
-0.05564
-0.06347
-0.04155
-0.04063
-0.0241
-0.01172
-0.0143
-0.02208
-0.01535
0.01097
0.03497
0.0041
0.02237
-3.40292E-5
-0.02453
-0.07252
-0.07014
-0.07076
-0.05591
-0.04706
-0.059
-0.02768
-0.0183
-0.0152
-0.02416
-0.05251
-0.03895
-0.04677
-0.04753
-0.00311
0.03061
0.03896
0.04468
0.05996
0.03594
0.03116
0.024
0.01232
-0.02958
-0.03764
-0.01766
-0.02912
-0.06145
-0.05949
-0.10572
-0.07553
-0.11899
-0.10908
-0.14474
-0.12883
-0.10929
-0.12452
-0.12272
-0.09852
-0.10517
-0.08977
-0.09779
-0.07405
-0.06211
-0.04737
-0.06102
-0.03837
-0.05394
-0.01654
0
-0.02874
-0.03232
-0.04744
-0.06141
-0.0409
-0.07355
-0.06246
-0.05089
-0.07293
-0.06536
-0.0651
-0.06517
-0.07066
-0.10209
-0.1327
-0.09658
-0.08727
-0.04673
-0.02671
-0.01617
-0.01312
-0.00948
-0.02275
0.00536
-0.00365
-0.01655
0.0141
0.01307
0.01366
-0.0014
0.00393
-0.00942
-0.02901
-0.04164
-0.0725
-0.07074
-0.08122
-0.05795
-0.06446
-0.04572
-0.03041
-0.06659
-0.0753
-0.10573
-0.08103
-0.09146
-0.05539
-0.03569
-0.03783
-0.02364
-0.01213
-0.0129
-0.01398
-0.02501
-0.04445
-0.05385
-0.02891
0.00414
0.04519
0.06406
0.05558
0.05215
0.01444
0.0335
0.03073
0.01394
0.01556
-0.01332
0.00256
0.02768
0.04785
0.02422
0.02301
0.01582
-0.0244
-0.02081
-0.00245
0.03763
-0.00287
-0.01672
-0.01785
-0.03869
-0.00996
-0.02355
-0.02079
-0.02259
-0.01067
-0.00901
0.0078
0.02931
0.02893
-0.00722
-0.03849
-0.00343
0.02308
0.03747
0.04344
0.02364
0.03021
-0.0169
-0.01089
0.01569
-0.01
-0.03845
-0.01679
-0.01784
-0.03081
-0.01379
-0.02639
-0.03129
-0.05126
-0.04078
-0.00416
-0.01582
0.00449
-0.0384
-0.05088
-0.01201
0.00573
-0.00474
0.00326
-0.01424
1.49106E-4
0.0266
0.01748
0.03332
0.04282
-0.00617
-0.00429
-0.01239
0.00472
-0.00755
-0.01401
-0.01809
-0.04737
-0.08562
-0.03988
-0.07027
-0.10555
-0.10189
-0.09672
-0.10649
-0.07043
-0.05619
-0.0545
-0.01522
-0.01826
-0.02565
-0.03024
-0.01481
0.00317
0.00803
0.0261
0.02958
0.01822
0.0089
0.0298
0.01616
0.00454
0.01503
-0.02312
-0.00894
-0.02998
-0.03685
-0.04369
-0.05007
-0.05153
-0.07204
-0.0655
-0.06266
-0.0426
-0.04699
-0.06676
-0.06785
-0.03912
-0.02509
-0.03884
-0.03238
-0.04371
-0.04521
0.05178
0.20068
0.36787
0.55694
0.75091
0.88106
1.03702
1.21883
1.41679
1.51999
1.67073
1.84171
2.00798
2.24636
2.38466
2.47585
2.46672
2.45795
2.46088
2.47369
2.47802
2.50331
2.4836
2.48255
2.47992
2.48428
2.44874
2.46865
2.4085
2.47062
2.47654
2.50526
2.52547
2.51503
2.42774
2.46991
2.47126
2.48938
2.48183
2.5133
2.48628
2.50798
2.58833
2.58757
2.57903
2.58554
2.55423
2.54301
2.52987
2.56696
2.55249
2.54474
2.53442
2.5539
2.59188
2.60916
2.62198
2.55321
2.58854
2.57307
2.58486
2.61543
2.66653
2.7054
2.73557
2.72633
2.68488
2.69162
2.66499
2.66401
2.72634
2.72324
2.71764
2.71039
2.71028
2.67594
2.6144
2.59916
2.60137
2.58565
2.58679
2.62355
2.63918
2.6754
2.61212
2.59646
2.61207
2.6083
2.6277
2.63296
2.67492
2.72932
2.69791
2.64333
2.66402
2.66208
2.66286
2.65787
2.60569
2.66458
2.64857
2.62554
2.59022
2.56754
2.52908
2.50352
2.49922
2.57086
2.56249
2.52466
2.51886
2.51593
2.48631
2.52606
2.52419
2.55155
2.57453
2.59696
2.61399
2.63558
2.61233
2.62336
2.5501
2.60478
2.62905
2.66122
2.64659
2.64531
2.61718
2.62297
2.5909
2.55835
2.58452
2.56976
2.60664
2.59267
2.59597
2.64923
2.59931
2.61211
2.59877
2.64052
2.6993
2.69597
2.6639
2.64205
2.64311
2.60893
2.62731
2.55671
2.60764
2.61829
2.61773
2.64591
2.62742
2.58373
2.54964
2.51432
2.52213
2.55075
2.57075
2.63361
2.64077
2.60247
2.66475
2.64011
2.64739
2.59501
2.5717
2.58293
2.63993
2.64301
2.66391
2.62565
2.608
2.60608
2.55621
2.57167
2.58009
2.59746
2.61352
2.58069
2.59456
2.61042
2.61287
2.62312
2.61717
2.6344
2.64876
2.6454
2.66334
2.70495
2.68676
2.67978
2.61947
2.59188
2.60925
2.59049
2.59139
2.59807
2.5369
2.56322
2.56523
2.60245
2.60459
2.61027
2.55272
2.59216
2.61441
2.64898
2.67324
2.67816
2.7357
2.78291
2.79785
2.79896
2.75636
2.72316
2.6802
2.69582
2.67278
2.73601
2.71321
2.7031
2.72737
2.72797
2.74624
2.70861
2.63094
2.61532
2.63669
2.64393
2.60849
2.63196
2.65553
2.66952
2.60421
2.583
2.59725
2.58334
2.5994
2.54933
2.55649
2.56415
2.56643
2.56116
2.56051
2.59882
2.55663
2.51688
2.50328
2.48942
2.52167
2.50387
2.48543
2.47434
2.49868
2.48641
2.50401
2.48791
2.52066
2.56448
2.5685
2.63473
2.61572
2.58923
2.63257
2.60791
2.59962
2.60869
2.5728
2.58513
2.55973
2.57499
2.56957
2.56474
2.55028
2.59257
2.59152
2.61907
2.60795
2.61027
2.62943
2.60606
2.58836
2.59448
2.60766
2.62364
2.59276
2.57618
2.54684
2.55091
2.54702
2.51167
2.52819
2.54069
2.54737
2.52027
2.51739
2.5591
2.53143
2.48851
2.51034
2.48067
2.53586
2.52713
2.4858
2.43906
2.49845
2.50712
2.52897
2.49719
2.49404
2.52559
2.48324
2.53913
2.55535
2.55054
2.58335
2.56555
2.59975
2.64447
2.66599
2.59381
2.53922
2.51297
2.539
2.53624
2.54568
2.5863
2.56692
2.56217
2.52295
2.55646
2.53356
2.51004
2.5298
2.55359
2.58002
2.62406
2.64813
2.64448
2.65998
2.62702
2.57931
2.51862
2.44105
2.35332
2.17924
2.06083
1.92882
1.741
1.54257
1.40174
1.23457
1.07639
0.91954
0.74258
0.60614
0.46534
0.38313
0.28112
0.21086
0.21137
0.16734
0.14131
0.12166
0.11876
0.09386
0.07048
0.05489
0.06967
0.09486
0.09649
0.07711
0.05403
0.04245
0.04643
0.01149
0.02022
0.01098
0.00745
-0.01836
-0.03925
-0.03386
-0.04476
-0.06641
-0.08359
-0.11353
-0.12709
-0.14299
-0.15792
-0.12373
-0.09778
-0.10147
-0.08709
-0.05839
-0.0551
-0.05115
-0.06841
-0.07899
-0.08031
-0.07851
-0.06011
-0.08244
-0.07672
-0.0578
-0.07645
-0.10596
-0.13275
-0.16072
-0.197
-0.17346
-0.16707
-0.1544
-0.12391
-0.13943
-0.16992
-0.17332
-0.15684
-0.18615
-0.18572
-0.20595
-0.20237
-0.21998
-0.20531
-0.19676
-0.20799
-0.20921
-0.21083
-0.20472
-0.15113
-0.14199
-0.12643
-0.09048
-0.05499
-0.06465
-0.08807
-0.0995
-0.10715
-0.1131
-0.11689
-0.07992
-0.06959
-0.05211
-0.05386
-0.06793
-0.06132
-0.06603
-0.09041
-0.12194
-0.10686
-0.08573
-0.08033
-0.07223
-0.05979
-0.04983
-0.06087
-0.07538
-0.0802
-0.09986
-0.14119
-0.13292
-0.14725
-0.15428
-0.11257
-0.11855
-0.10143
-0.11748
-0.1074
-0.11954
-0.12005
-0.12017
-0.09483
-0.09023
-0.04816
-0.01817
-0.00985
0.00485
0.02377
0.01817
0.01243
0.03084
0.03568
0.03028
0.03786
0.03047
0.0056
0.00731
0.03316
0.02689
0.00229
-0.00528
-0.01841
-0.00898
-0.02
-0.03065
-0.0521
-0.03222
-0.01381
-0.02262
-0.00746
-0.01637
-0.00568
-0.03845
-0.04955
-0.03504
-0.02655
0.02211
0.00361
0.02636
0.01355
0.03055
0.03753
0.00598
0.03098
0.03045
0.03504
0.02194
0.00255
-0.0207
-0.00915
0.02384
0.01066
0.03078
0.03679
0.07162
0.05674
0.03836
0.06319
0.03144
0.01847
0.04761
0.04525
0.08722
0.09844
0.09799
0.08324
0.06615
0.05632
0.0222
0.01362
-0.02177
-0.01853
-0.02352
-0.01708
0.01685
0.00542
-0.00475
-0.01633
-0.02177
-0.01309
-0.03716
-0.02109
-0.0422
-0.05105
-0.08885
-0.04226
-0.0319
-0.00925
0.02431
0.02223
0.01275
0.01621
0.00591
0.0042
-0.01686
-0.03118
-0.09866
-0.10159
-0.06673
-0.00217
-0.01596
-0.0132
-0.04296
-0.06041
-0.08167
-0.09204
-0.10356
-0.11365
-0.09743
-0.08845
-0.05061
0.01219
0.00187
-0.00623
-0.0414
-0.05162
-0.10872
-0.08357
-0.09663
-0.07391
-0.0723
-0.07174
-0.09945
-0.11554
-0.11435
-0.15081
-0.14601
-0.11997
-0.16306
-0.18723
-0.16916
-0.134
-0.13388
-0.11854
-0.13885
-0.13305
-0.11582
-0.09945
-0.1265
-0.14616
-0.11673
-0.14768
-0.14549
-0.12436
-0.09953
-0.12344
-0.10241
-0.14303
-0.17384
-0.16365
-0.1361
-0.13834
-0.12813
-0.11709
-0.0766
-0.08115
-0.05264
-0.03602
-0.025
-0.02386
-0.01699
0.01559
0.01182
0.03184
0.01841
-0.00565
-0.01187
0.02784
0.03683
-0.0013
0.00366
-0.02051
-0.01754
-0.00374
-0.01452
-0.0196
-0.06144
-0.04189
-0.01889
-0.04162
-0.06077
-0.06555
-0.0864
-0.09139
-0.08775
-0.12538
-0.13671
-0.1926
-0.22337
-0.20061
-0.21647
-0.24645
-0.25078
-0.28673
-0.26434
-0.26296
-0.26451
-0.2587
-0.23775
-0.21881
-0.22416
-0.21921
-0.22198
-0.20272
-0.2213
-0.20723
-0.15154
-0.15109
-0.16638
-0.14178
-0.11564
-0.09389
-0.10431
-0.14448
-0.15519
-0.11457
-0.10972
-0.07494
-0.10097
-0.11242
-0.09801
-0.12659
-0.12757
-0.07981
-0.08274
-0.08905
-0.08301
-0.06215
-0.03939
-0.03708
-0.07093
-0.06269
-0.07612
-0.04703
-0.03998
-0.04207
-0.02878
0.00934
-0.01574
-0.03474
-0.0448
-0.07481
-0.11222
-0.07641
0.0043
0.16766
0.31081
0.40311
0.51748
0.66584
0.77867
0.90654
1.02953
1.17872
1.32128
1.4766
1.65253
1.83691
1.99877
2.08596
2.08408
2.07932
2.14463
2.18947
2.19207
2.22642
2.21789
2.22033
2.23622
2.24781
2.24252
2.26505
2.25525
2.21237
2.15973
2.18131
2.20493
2.22615
2.17367
2.16327
2.18567
2.21896
2.19408
2.17055
2.17453
2.21653
2.2047
2.19553
2.20322
2.25432
2.25289
2.26436
2.25204
2.25371
2.3094
2.26217
2.29542
2.35189
2.35042
2.34575
2.34734
2.2979
2.314
2.31779
2.27913
2.25965
2.25884
2.26834
2.30164
2.25544
2.2875
2.29283
2.26842
2.27682
2.26664
2.23276
2.2945
2.28358
2.31093
2.33432
2.36187
2.32725
2.29557
2.33015
2.3572
2.343
2.31628
2.33106
2.35828
2.4024
2.3956
2.34776
2.39041
2.35547
2.37403
2.39026
2.44813
2.48228
2.4586
2.46224
2.43798
2.41605
2.39838
2.36747
2.33749
2.35618
2.34132
2.2846
2.27055
2.24017
2.20902
2.1753
2.17506
2.21952
2.17941
2.21679
2.18056
2.1464
2.15348
2.15232
2.18541
2.2264
2.26504
2.3083
2.30638
2.35067
2.33621
2.33716
2.27331
2.29333
2.31741
2.35142
2.40122
2.4131
2.39332
2.34416
2.32035
2.30928
2.29805
2.30687
2.30324
2.29139
2.30209
2.31841
2.31531
2.26642
2.26582
2.21823
2.21415
2.23075
2.2232
2.22636
2.2126
2.20737
2.20167
2.17934
2.17765
2.17563
2.2023
2.23744
2.26116
2.26781
2.29063
2.29467
2.30051
2.32042
2.29495
2.29387
2.29405
2.29159
2.30055
2.32078
2.31274
2.25098
2.21311
2.21033
2.24223
2.22774
2.21718
2.2222
2.21214
2.2174
2.22589
2.24071
2.23455
2.22506
2.22346
2.23629
2.25359
2.26378
2.29811
2.25927
2.29847
2.28247
2.26809
2.27465
2.28033
2.29169
2.29871
2.32532
2.29274
2.29104
2.27123
2.25776
2.2101
2.12264
2.10895
2.10421
2.14806
2.1904
2.15807
2.16854
2.16921
2.15773
2.13954
2.15301
2.14403
2.11942
2.1344
2.21613
2.27217
2.28467
2.28718
2.27655
2.23359
2.23366
2.2547
2.23877
2.24338
2.24816
2.23484
2.22441
2.23879
2.24043
2.19431
2.20364
2.19882
2.24273
2.24312
2.26001
2.30133
2.27293
2.24909
2.20797
2.18048
2.19972
2.22136
2.1919
2.19709
2.19345
2.18075
2.1632
2.06973
2.04292
2.04021
2.04512
2.08358
2.08929
2.11423
2.12721
2.14876
2.12586
2.14312
2.14091
2.1502
2.14209
2.18076
2.19984
2.2258
2.18193
2.14793
2.11092
2.10248
2.10864
2.10623
2.06772
2.08842
2.10982
2.1235
2.1215
2.12512
2.11161
2.14266
2.16566
2.1941
2.21554
2.20109
2.24941
2.23202
2.23184
2.20662
2.20859
2.19202
2.19862
2.22096
2.22134
2.24144
2.1867
2.1595
2.15627
2.11032
2.10371
2.04174
2.04309
2.04531
2.0922
2.06715
2.09835
2.107
2.10222
2.09373
2.06168
2.09882
2.12282
2.16139
2.19151
2.22206
2.26103
2.21858
2.20903
2.19698
2.19391
2.16332
2.12135
2.12722
2.13277
2.13412
2.12068
2.07058
2.02393
2.032
2.02843
2.01522
2.04395
2.04257
2.05363
2.07766
2.09144
2.09213
2.07726
2.07364
2.04888
2.05502
2.06255
2.0856
2.08368
2.06628
2.05729
1.98598
1.91297
1.75451
1.61003
1.46713
1.35732
1.21577
1.08084
0.97506
0.81632
0.66936
0.50095
0.35219
0.26067
0.11464
0.06814
0.00288
0.01966
0.01974
0.01514
-0.01653
-0.00972
-0.01906
-0.02481
-0.02071
-0.02105
0.00683
0.02358
-0.01948
-0.0059
-0.00818
7.09852E-4
-0.01685
-0.01844
-2.80259E-4
0.036
0.0321
0.01928
0.03135
0.05029
0.06
0.03528
0.01772
0.02067
-0.0214
-0.0439
-0.03593
-0.0713
-0.07204
-0.11791
-0.14434
-0.14474
-0.12646
-0.11825
-0.12419
-0.1105
-0.10149
-0.09568
-0.07303
0.00958
0.01206
-0.01743
-0.00436
0
0.00942
0.01958
0.00325
0.01416
0.00228
-0.00275
7.2751E-4
-8.54886E-4
-0.00154
-0.04961
-0.10238
-0.06926
-0.0513
-0.01563
-0.01755
-0.01889
-0.04497
-0.027
-0.02264
-0.04187
-0.0249
-0.05902
-0.08451
-0.07455
-0.01621
-0.01114
-0.02871
-0.00887
-0.0435
-0.03847
-0.0304
-0.00816
-0.02791
-0.07385
-0.04191
-0.03335
-0.03386
0.01488
-0.00955
-0.01906
-0.0091
-0.03679
-0.03553
0.00529
-0.01175
-0.02512
-0.05333
-0.04069
-0.02821
-0.02988
-0.05187
-0.04508
-0.07142
-0.06471
-0.07744
-0.07447
-0.04333
-0.04878
-0.0687
-0.09236
-0.09276
-0.08386
-0.0741
-0.04272
-0.07723
-0.07158
-0.0661
-0.06927
-0.03089
-0.00297
-0.00996
-0.00569
0.00504
0.0076
0.02598
0.04541
0.03443
0.03045
0.0374
0.02541
0.02411
0.03325
0.04951
0.02297
0.00943
-0.0039
-0.01337
-0.04805
-0.04858
-0.03484
-0.03784
-0.01126
-0.04423
-0.0948
-0.05943
-0.06268
-0.0878
-0.09097
-0.09654
-0.09817
-0.08167
-0.0639
-0.05581
-0.05744
-0.05162
-0.0413
-0.03475
-0.02711
-0.00508
-0.03203
-0.02955
-0.02073
-0.03959
-0.06386
-0.0891
-0.09654
-0.11752
-0.10642
-0.11508
-0.09061
-0.11158
-0.11321
-0.09638
-0.08528
-0.07675
-0.07382
-0.07195
-0.0598
-0.05081
-0.03524
-0.01561
-0.02244
-0.00715
0.05004
0.03378
0.04146
0.01943
0.01317
0.00447
0.00928
0.0227
0.03413
0.02077
0.06183
0.04545
0.04162
0.04716
0.04508
-0.01051
0.00939
0.00449
0.00592
-0.01962
-0.00419
0.00698
-0.02017
-0.01766
-0.00195
-0.02153
-0.00768
-0.02661
-0.01231
-0.02472
-0.04198
-0.08345
-0.08625
-0.09008
-0.05821
-0.05258
-0.04634
-0.01449
-0.02715
-0.02615
-0.04242
-0.03338
-0.00271
-0.00513
9.05558E-4
0.03874
0.05851
0.05301
0.04948
0.05903
0.04907
0.04082
0.03927
0.04698
0.04273
0.04661
0.02103
-0.01331
-0.05689
-0.04339
-0.03633
-0.04781
-0.0076
-0.00631
-0.01687
-0.01256
-0.02234
-0.02339
-0.01944
-0.01307
0.0078
0.03542
0.02722
0.09821
0.07005
0.03795
0.05394
0.01535
0.01901
0.02736
0.00404
0.01141
-0.00963
-0.02194
-0.02797
-0.03861
-0.05169
-0.02123
-0.05975
-0.05209
-0.06025
-0.05906
-0.02267
-0.01269
-0.01805
0.00469
0.03365
0.02273
0.02603
0.02532
0.02187
0.01957
-0.00346
0.01335
0.01404
0.04345
0.04806
0.05833
0.0461
0.00831
0.0112
-0.01964
-0.03601
-0.01438
-0.03316
-0.04906
-0.04255
-0.04742
-0.07749
-0.06513
-0.06205
-0.10571
-0.14347
-0.12669
-0.09821
-0.10912
-0.11793
-0.0929
-0.11502
-0.10833
-0.09145
-0.08139
-0.08278
-0.07012
-0.05817
-0.04445
-0.01318
-0.01434
-0.02916
-0.0319
-0.03597
-0.03549
-0.04157
-0.04052
-0.02073
-0.03721
-0.07763
-0.06792
-0.05834
-0.07576
-0.10291
-0.13641
-0.13926
-0.13246
-0.12654
-0.11833
-0.12041
-0.11771
-0.12495
-0.11675
-0.11633
-0.07026
-0.0501
-0.07346
-0.1061
-0.1237
-0.10017
-0.07129
-0.07085
-0.10232
-0.11102
-0.09974
-0.09631
-0.0728
-0.10293
-0.06604
-0.09983
-0.11636
-0.11073
-0.08988
-0.08442
-0.08268
-0.11261
-0.12489
-0.10399
-0.07651
-0.04912
-0.04674
-0.06551
-0.0296
-0.05127
-0.03323
-0.0329
-0.02275
-0.0303
-0.00178
-0.01245
-0.00655
0.02741
0.02575
-0.00443
-0.05083
-0.06529
-0.10443
-0.04562
0.03894
0.10104
0.16459
0.28998
0.44678
0.58352
0.73248
0.8955
0.98218
1.11671
1.2233
1.33555
1.46323
1.64134
1.68952
1.75966
1.8106
1.89345
1.88773
1.88658
1.88225
1.87193
1.84019
1.84669
1.85012
1.87288
1.94095
1.90038
1.89916
1.91658
1.85956
1.88952
1.86909
1.8441
1.83897
1.80175
1.807
1.83145
1.82648
1.83825
1.88622
1.84102
1.90718
1.92415
1.92623
1.9364
1.92897
1.88328
1.91868
1.88093
1.91118
1.90596
1.86817
1.89807
1.87536
1.80634
1.78508
1.76485
1.7687
1.75547
1.74117
1.73855
1.84959
1.83201
1.87182
1.82655
1.81583
1.85434
1.84493
1.84876
1.88829
1.92424
1.929
1.8891
1.86169
1.87573
1.8955
1.85246
1.85452
1.8327
1.85492
1.86282
1.86466
1.8474
1.86432
1.83731
1.84423
1.87474
1.91101
1.91318
1.92884
1.91792
1.89782
1.90628
1.95658
1.95965
1.96735
1.91016
1.89648
1.87873
1.89133
1.89143
1.85512
1.78554
1.75438
1.74574
1.73778
1.70869
1.71659
1.67457
1.65284
1.65587
1.69198
1.7046
1.72908
1.72146
1.7016
1.70137
1.7522
1.80453
1.79641
1.81094
1.83811
1.84564
1.86265
1.92304
1.91565
1.89831
1.92897
1.93564
1.92944
1.9254
1.96815
1.95052
1.93798
1.94572
1.93065
1.93929
1.92739
1.93318
1.94047
1.94385
1.9824
1.99714
1.99171
1.98335
1.99052
1.91618
1.92385
1.92244
1.93423
1.91875
1.89773
1.91773
1.9137
1.90693
1.89384
1.84596
1.79346
1.79566
1.79581
1.78111
1.84789
1.82966
1.82892
1.80483
1.85426
1.83692
1.85383
1.85181
1.81726
1.82496
1.86686
1.86303
1.8019
1.83193
1.82665
1.76556
1.81446
1.80911
1.81257
1.77437
1.8327
1.80202
1.79468
1.80452
1.80605
1.80834
1.84155
1.86685
1.85044
1.8695
1.92148
1.91814
1.94194
1.94108
1.91658
1.88837
1.87787
1.86712
1.82659
1.82721
1.79495
1.81647
1.85366
1.86028
1.89494
1.86486
1.8334
1.80049
1.78675
1.79431
1.78175
1.78855
1.78881
1.83536
1.80776
1.84821
1.83654
1.84743
1.82555
1.77208
1.78902
1.77564
1.82098
1.84184
1.87139
1.87437
1.85986
1.84096
1.81938
1.81352
1.79716
1.75667
1.70529
1.69422
1.69661
1.68309
1.70678
1.68851
1.71045
1.68242
1.69947
1.71781
1.74749
1.78387
1.8222
1.79782
1.83099
1.86076
1.8698
1.86327
1.84341
1.87511
1.85966
1.8307
1.87015
1.85345
1.8318
1.78686
1.75021
1.75887
1.74446
1.74001
1.68763
1.67041
1.64933
1.69243
1.67347
1.67145
1.68028
1.63615
1.64839
1.66649
1.69025
1.70743
1.67285
1.67462
1.66614
1.71408
1.72731
1.72651
1.71323
1.69918
1.71766
1.71792
1.75058
1.75795
1.76175
1.78652
1.77348
1.76448
1.76851
1.77694
1.72627
1.75698
1.79848
1.80073
1.77018
1.75613
1.73236
1.72473
1.68295
1.67593
1.65119
1.66621
1.68155
1.68201
1.65536
1.68233
1.64617
1.66069
1.65982
1.71397
1.69488
1.68937
1.64147
1.68034
1.68438
1.65127
1.64173
1.63751
1.64879
1.67705
1.69494
1.72473
1.71519
1.69777
1.65965
1.70056
1.69952
1.73283
1.66597
1.67855
1.70659
1.67304
1.68775
1.68859
1.65792
1.63617
1.60442
1.59876
1.63722
1.6177
1.57594
1.61266
1.60149
1.65222
1.63717
1.628
1.68711
1.67631
1.62638
1.64221
1.64237
1.7019
1.69206
1.65251
1.69646
1.69168
1.71454
1.74696
1.76139
1.78378
1.77176
1.73818
1.72901
1.77392
1.7661
1.74398
1.70947
1.70175
1.72996
1.72372
1.75844
1.71717
1.68868
1.69287
1.67108
1.70425
1.71918
1.70296
1.67865
1.71801
1.81561
1.81392
1.86263
1.85027
1.83728
1.78956
1.7895
1.8113
1.80216
1.79102
1.77954
1.7336
1.7673
1.77487
1.7858
1.71764
1.72825
1.73644
1.71766
1.70523
1.76215
1.69821
1.57776
1.45676
1.34407
1.23318
1.1573
1.03181
0.92728
0.78724
0.67112
0.55031
0.3753
0.27723
0.17987
0.03661
-0.0091
-0.02156
-0.01702
7.89127E-4
-0.0042
-0.01163
0.01975
0.02816
0.00828
0.02723
0.03243
0.03543
0.03317
0.03005
0.05164
0.04885
0.04914
0.00387
-0.02349
-0.02204
-0.03693
-0.06281
-0.09161
-0.08496
-0.10879
-0.11489
-0.10596
-0.11921
-0.15165
-0.17368
-0.176
-0.19138
-0.13683
-0.12901
-0.14022
-0.1404
-0.10881
-0.07096
-0.03464
-0.00737
-0.02325
-0.02244
-0.00486
0.04162
0.04837
0.0523
0.03694
0.01193
0.01036
0.01946
0.03959
0.01699
0.02226
-0.0166
-0.03764
-0.03401
-0.02299
-0.0218
-0.01224
-0.01577
-0.00638
0.00672
0.00767
0.00467
0.01538
0.01429
0.03491
0.00532
-0.00272
-0.00568
-0.00339
0.0141
0.00228
-0.01121
-0.02083
-0.04171
-0.05321
-0.0198
-0.00613
4.66519E-4
-0.0131
-0.02575
-0.01484
-0.0315
-0.02367
-0.00283
-0.03699
-0.01362
-0.05603
-0.04751
-0.00409
0.0401
0.00814
0.00447
-0.02768
-0.03349
-0.03082
-0.04493
0.00753
0.00744
-0.00181
0.00292
-0.03167
0.00463
-0.01856
-0.06817
-0.07058
-0.0762
-0.07715
-0.02947
-1.49536E-4
-0.00974
-0.02004
-0.04082
-0.06324
-0.07056
-0.05751
-0.04208
-0.04176
-0.00224
0.01923
0.02238
0.02941
0.01567
-0.00896
-0.01045
-0.00734
0.01063
7.51744E-4
0.01271
0.00158
-0.04231
-0.03347
-0.02811
-0.03347
-0.03757
-0.02382
-0.01187
-0.01428
-0.00543
-0.0289
-0.0046
-2.21234E-4
0.02005
0.01059
0.01573
0.06418
0.01748
0.01734
0.01331
0.00685
-0.03471
-0.03403
-5.08528E-4
-0.00503
0.01301
-0.00737
-0.00548
-0.02831
-0.00796
0.0215
0.02898
0.04072
0.03103
0.05148
0.06521
0.06925
0.07426
0.07734
0.06361
0.08583
0.07353
0.05897
0.0873
0.08803
0.08482
0.07309
0.09301
0.09197
0.0647
0.02788
0.01744
0.01637
0.01224
0.02886
0.00295
-0.0275
0.00309
-0.02753
-0.03474
-0.05536
-0.05286
-0.05543
-0.05337
-0.05839
-0.00226
0.01402
0.02044
-0.00751
-0.02236
-0.01282
0.03034
0.0333
0.03519
0.04392
0.02724
0.01068
0.00457
-0.01476
-0.02335
-0.03844
-0.04374
-0.03343
-0.02263
-8.27929E-5
0.00112
-0.01373
-0.02923
-0.01331
-0.02528
-0.02435
-0.03421
-0.03198
-5.74274E-4
0.01807
0.00716
0.0115
-0.00335
-0.00609
-0.0185
-0.0575
-0.0654
-0.08789
-0.10961
-0.08109
-0.03822
0.00352
0.04155
0.03438
0.03055
0.04875
0.05686
0.0375
0.04444
0.04951
0.06336
0.05229
0.05447
0.09368
0.06948
0.08077
0.04559
0.05046
0.03695
0.06356
0.07058
0.07671
0.09548
0.08786
0.08252
0.10418
0.10359
0.12309
0.09572
0.09446
0.06209
0.07147
0.0254
0.03702
-0.00588
-0.0252
-0.03382
-0.05262
-0.04962
-0.02524
-0.04261
0.00104
-0.01966
-0.02369
0.00317
1.50123E-4
0.00543
0.01257
-0.01122
0.00235
-0.01168
-0.02779
-0.0272
-0.04932
-0.07799
-0.06958
-0.11984
-0.10456
-0.08916
-0.12595
-0.13542
-0.15385
-0.17873
-0.14907
-0.1716
-0.15677
-0.18117
-0.18
-0.15826
-0.14295
-0.1358
-0.12846
-0.12273
-0.13669
-0.1302
-0.15419
-0.15407
-0.1112
-0.11808
-0.07439
-0.06639
-0.03656
-0.02499
-0.0156
-0.03151
-0.03428
-0.03347
-0.03812
-0.01707
-0.01944
0.01145
0.02932
0.00976
-0.00964
-0.04051
-0.04909
-0.03662
-0.02691
-0.01713
0.01026
7.38652E-4
0.01772
0.01812
-0.00149
-0.0267
-0.0498
-0.03664
-0.0214
-0.02759
0.00768
-0.00562
-0.01116
-0.00141
-0.00708
-0.04249
-9.9769E-4
-0.0093
0.01156
0.0144
0.04237
0.07152
0.04087
0.00335
0.02249
-0.01043
0.00424
0.01412
-0.03856
-0.06742
-0.05836
-0.05938
-0.02966
-0.03267
-0.05088
-0.05015
-0.04974
-0.0545
-0.01787
-0.00222
0.01058
0.01274
0.00461
0.05465
0.0414
0.04859
0.04176
0.05091
0.06961
0.0779
0.09225
0.09542
0.10428
0.09798
0.09656
0.10879
0.1064
0.11087
0.07132
0.10733
0.09745
0.09957
0.07046
0.05522
0.07099
0.06408
0.04847
0.05249
0.05217
0.03802
0.029
0.03026
-0.01303
-0.02657
-0.01515
-0.00767
-0.04295
-0.021
0.02266
0.0955
0.19599
0.29705
0.35936
0.4377
0.50201
0.66401
0.75504
0.88891
1.00323
1.10162
1.21924
1.32243
1.44037
1.49496
1.52513
1.5234
1.52082
1.59246
1.61596
1.64939
1.60601
1.5934
1.60693
1.62436
1.5902
1.60159
1.58845
1.54664
1.53605
1.5079
1.52469
1.53859
1.50059
1.51274
1.52054
1.45952
1.47239
1.44962
1.43416
1.4514
1.45851
1.50111
1.5024
1.48528
1.54208
1.51569
1.50602
1.52968
1.5241
1.56634
1.62106
1.60052
1.63923
1.66768
1.64613
1.6326
1.62906
1.61905
1.65475
1.61324
1.62918
1.64333
1.63405
1.67021
1.6228
1.65154
1.65702
1.62576
1.64304
1.68531
1.66461
1.66187
1.64914
1.63336
1.64449
1.62624
1.57189
1.58257
1.55387
1.57566
1.51607
1.56095
1.5877
1.54966
1.5447
1.51983
1.52129
1.52849
1.49324
1.47319
1.48562
1.54441
1.56165
1.52307
1.53039
1.5644
1.50639
1.47061
1.46313
1.45565
1.47211
1.45685
1.46615
1.50592
1.52908
1.57566
1.57075
1.53733
1.55631
1.55108
1.52652
1.54364
1.51337
1.53108
1.52975
1.55845
1.59243
1.62235
1.61013
1.62305
1.56655
1.54185
1.54746
1.55478
1.56531
1.58508
1.58127
1.61929
1.60776
1.64546
1.64376
1.61057
1.66225
1.6481
1.63339
1.62345
1.66285
1.65572
1.66247
1.64086
1.5945
1.6375
1.63577
1.65366
1.61075
1.58528
1.60399
1.54433
1.58203
1.56838
1.58789
1.59681
1.60014
1.57352
1.60174
1.62346
1.59147
1.59115
1.5769
1.57434
1.58663
1.59347
1.59157
1.59868
1.62321
1.61769
1.59282
1.56954
1.59694
1.56028
1.59048
1.58455
1.58306
1.61575
1.60527
1.64532
1.61733
1.59007
1.565
1.53971
1.51476
1.50396
1.54014
1.51728
1.53945
1.51401
1.52797
1.54985
1.52636
1.50726
1.49097
1.47069
1.50279
1.47609
1.49597
1.53925
1.55382
1.53149
1.55149
1.53487
1.53738
1.53928
1.55673
1.53127
1.59187
1.54319
1.54882
1.51486
1.55012
1.55468
1.54467
1.53529
1.54374
1.56101
1.57795
1.57156
1.53397
1.54931
1.55559
1.51857
1.55849
1.5801
1.60645
1.59469
1.56389
1.5639
1.58742
1.57056
1.5457
1.50694
1.54471
1.59802
1.55971
1.53615
1.56632
1.54919
1.56416
1.54084
1.5441
1.57382
1.53616
1.51743
1.51868
1.52676
1.52811
1.48558
1.45852
1.45405
1.51835
1.48403
1.4715
1.42347
1.42492
1.41653
1.38671
1.42436
1.41875
1.47959
1.47989
1.50837
1.51066
1.53166
1.49668
1.46574
1.4772
1.48068
1.48984
1.48904
1.53514
1.56483
1.55461
1.56237
1.50784
1.48887
1.46722
1.45842
1.4356
1.49407
1.51969
1.51648
1.56151
1.56624
1.59204
1.54353
1.51033
1.50355
1.49601
1.45352
1.46308
1.48883
1.5578
1.6146
1.59343
1.60947
1.60084
1.59254
1.57053
1.56448
1.55871
1.58105
1.60767
1.58524
1.63381
1.64501
1.6093
1.57158
1.5034
1.48953
1.45203
1.46384
1.43098
1.43905
1.48049
1.51403
1.53958
1.52544
1.55779
1.56725
1.51694
1.50387
1.49494
1.52593
1.55104
1.5804
1.59152
1.6144
1.62819
1.58369
1.54412
1.50584
1.49453
1.48082
1.4686
1.49439
1.56208
1.53546
1.5567
1.54021
1.55985
1.56167
1.52794
1.54157
1.53855
1.56805
1.61648
1.64866
1.67641
1.73768
1.78205
1.65848
1.60685
1.49431
1.39842
1.24616
1.12275
1.02204
0.93358
0.83541
0.70442
0.53906
0.41702
0.28345
0.14893
0.02935
0.01871
-0.01342
-0.04394
-0.05038
-0.04367
-0.02185
-0.0052
-0.01939
0.02564
0.05782
0.09031
0.07733
0.08328
0.05486
0.0666
0.05739
0.08239
0.1299
0.13685
0.12672
0.1232
0.1526
0.12852
0.09582
0.09449
0.06104
0.06211
0.06245
0.07112
0.06127
0.08427
0.0709
0.05978
0.07715
0.09046
0.11225
0.08228
0.11028
0.07807
0.07554
0.12831
0.12317
0.13596
0.13032
0.10711
0.13282
0.12693
0.10482
0.0749
0.04511
0.02358
0.02026
0.00103
0.01458
0.00433
-0.00363
0.02714
0.00498
0.01186
0.03918
0.01458
0.01569
0.03114
0.04551
0.10195
0.1282
0.13734
0.16432
0.17747
0.16625
0.14047
0.15241
0.17071
0.1773
0.15357
0.15239
0.16409
0.15798
0.15108
0.103
0.09325
0.1088
0.09058
0.07256
0.07448
0.09241
0.06311
0.05827
0.05632
0.06515
0.06139
0.06093
0.04713
0.04739
0.06021
0.05788
0.01832
0.02028
0.02816
0.02921
0.03234
0.02637
0.03157
0.03907
0.04115
0.02385
-0.00165
-0.006
-2.98074E-4
0.02105
-1.95885E-4
0.01845
0.00638
0.01237
0.0252
0.03016
0.04702
0.0407
0.01051
0.00818
0.01904
0.03681
0.04226
0.0215
-0.00224
-5.22065E-4
-0.03653
-0.01947
-0.00749
0.02117
-0.00743
0.00675
-0.03307
-0.02005
-0.0286
-0.01831
-0.04041
-0.03049
-0.04066
-0.05597
-0.06495
-0.01924
-0.00656
-0.03358
-0.06503
-0.05629
-0.09938
-0.0775
-0.08814
-0.09571
-0.12072
-0.11362
-0.12112
-0.09254
-0.12716
-0.12196
-0.12715
-0.13884
-0.14727
-0.16956
-0.16625
-0.13024
-0.12428
-0.13096
-0.11058
-0.10213
-0.08274
-0.08378
-0.09065
-0.03737
-0.01627
-0.00739
-0.00758
0.00926
0.01977
0.00394
-0.01746
0.01797
0.05374
0.06719
0.03527
0.03024
0.02686
0.0242
0.00948
-0.04203
-0.09766
-0.09663
-0.07372
-0.07827
-0.07577
-0.0673
-0.12018
-0.15479
-0.1685
-0.15562
-0.15946
-0.19294
-0.19173
-0.18591
-0.14898
-0.10625
-0.12319
-0.13499
-0.11429
-0.09987
-0.08529
-0.06543
-0.05827
-0.05768
-0.05249
-0.04078
-0.01915
-0.01032
-0.01925
-0.00828
-0.02593
-0.03135
-0.03008
-0.07122
-0.08724
-0.10747
-0.10437
-0.09345
-0.09084
-0.07684
-0.08851
-0.07552
-0.09615
-0.07577
-0.08533
-0.09406
-0.05725
-0.06057
-0.02381
-0.01223
-0.00153
0.00588
-0.00802
-0.04989
-0.04826
-0.04561
-0.04023
-0.02626
-0.0136
-0.01248
0.01185
-0.00458
-0.01328
-0.01481
-0.01823
-0.06099
-0.05517
-0.04862
-0.01133
-0.02143
-0.01157
-0.02541
-0.03656
-0.03726
-0.05683
-0.07249
-0.08095
-0.07664
-0.08418
-0.06721
-0.02756
-0.02943
-0.03463
-0.0425
-0.05567
-0.00432
0.01258
0