0.18228
0.09152
0.05938
0.05231
0.04102
0.02996
0.02319
0.01528
0
-0.00947
-0.01488
-0.01838
-0.02027
-0.02253
-0.024
-0.02608
-0.02562
-0.02501
-0.02495
-0.02287
-0.0224
-0.01946
-0.01543
-0.0093
-0.00394
0.00199
0.00779
0.00976
0.0134
0.02046
0.02606
0.03291
0.03938
0.04443
0.04909
0.05507
0.0605
0.06471
0.06884
0.07118
0.07145
0.07483
0.07723
0.07693
0.07329
0.07026
0.06467
0.05848
0.05535
0.05182
0.04803
0.04419
0.03788
0.03213
0.029
0.02727
0.02028
0.01708
0.01327
0.00623
0.00323
0.00301
0.00251
4.75859E-4
-8.46625E-4
-0.00391
-0.00737
-0.00533
-0.0071
-0.00688
-0.00456
-0.00352
-0.00383
-0.003
0.00171
0.00206
0.00335
0.00586
0.00605
0.00857
0.01406
0.01909
0.02031
0.02404
0.02623
0.02269
0.02284
0.02275
0.02227
0.02062
0.01968
0.01489
0.00831
0.00559
-0.00177
-0.01224
-0.01748
-0.02287
-0.02961
-0.0352
-0.03748
-0.04205
-0.0449
-0.04563
-0.04696
-0.04752
-0.04494
-0.04127
-0.03834
-0.03508
-0.0305
-0.03052
-0.02698
-0.02302
-0.02029
-0.01768
-0.01278
-0.00906
-0.00574
-0.00383
-0.00228
-0.0026
-5.5602E-4
-0.00144
-0.00153
-0.00159
-6.16258E-5
6.61089E-4
0.00212
0.00215
0.00365
0.00646
0.00778
0.00509
0.00447
0.0039
0.00372
5.51809E-6
-0.00517
-0.00935
-0.0144
-0.01903
-0.02459
-0.02904
-0.02991
-0.03113
-0.03562
-0.03521
-0.02999
-0.02199
-0.01605
-0.01084
-0.00224
0.01084
0.02227
0.03532
0.04775
0.06039
0.06679
0.07012
0.0708
0.07227
0.07179
0.06691
0.05671
0.05007
0.04441
0.03576
0.02737
0.02335
0.01544
0.00714
-5.63879E-4
-0.00422
-0.00749
-0.00729
-0.00712
-0.01049
-0.01256
-0.01234
-0.01492
-0.01426
-0.01122
-0.00751
-0.00714
-0.00394
-0.00157
5.75262E-4
0.00272
0.00717
0.01047
0.01348
0.0169
0.01925
0.01971
0.02183
0.02054
0.01663
0.00992
0.00261
-0.00314
-0.01162
-0.02177
-0.02838
-0.03406
-0.04051
-0.04646
-0.04997
-0.05015
-0.04857
-0.04646
-0.04436
-0.0395
-0.03559
-0.03247
-0.03081
-0.02587
-0.01882
-0.01587
-0.01634
-0.01862
-0.02142
-0.02745
-0.03415
-0.03755
-0.03887
-0.04074
-0.04234
-0.04425
-0.04362
-0.04344
-0.04195
-0.03941
-0.03445
-0.02808
-0.02037
-0.0153
-0.00735
-0.00204
0.00224
0.00419
0.00845
0.00994
0.01087
0.00953
0.00682
0.00264
-0.00484
-0.0123
-0.01884
-0.02496
-0.02731
-0.02991
-0.02887
-0.02701
-0.02606
-0.02561
-0.02288
-0.01453
-0.00663
0.00131
0.00903
0.01689
0.02402
0.02861
0.0338
0.03876
0.04431
0.04907
0.05012
0.05081
0.05269
0.05497
0.05502
0.05416
0.05772
0.05949
0.06116
0.06094
0.06122
0.06229
0.06225
0.0601
0.05519
0.04973
0.04675
0.04107
0.03312
0.02411
0.01787
0.00869
2.64626E-4
-0.00549
-0.00907
-0.01124
-0.01485
-0.02002
-0.02448
-0.02523
-0.02214
-0.01949
-0.01819
-0.01721
-0.01655
-0.01576
-0.01447
-0.01017
-0.00666
-0.00321
0.0011
0.00432
0.01007
0.01854
0.0257
0.03061
0.03343
0.03583
0.03853
0.04269
0.0444
0.04362
0.04128
0.03759
0.031
0.02142
0.01454
0.00528
-0.007
-0.01915
-0.03173
-0.04277
-0.04997
-0.05343
-0.06149
-0.06722
-0.07027
-0.07432
-0.07726
-0.07542
-0.07311
-0.07138
-0.06685
-0.06167
-0.06126
-0.05635
-0.05033
-0.04518
-0.04472
-0.03994
-0.03712
-0.03425
-0.02939
-0.02679
-0.02759
-0.02588
-0.02458
-0.02458
-0.02539
-0.01979
-0.01874
-0.01628
-0.0145
-0.01356
-0.01255
-0.00957
-0.00608
-0.00546
-0.00336
6.30187E-4
0.0016
0.00304
0.00333
0.00566
0.00752
0.00994
0.00847
0.00592
0.00639
0.00344
-8.34804E-4
-0.00458
-0.00623
-0.0099
-0.01492
-0.01772
-0.02046
-0.02148
-0.02257
-0.02608
-0.0263
-0.02321
-0.01793
-0.01176
-0.00135
0.00848
0.0144
0.01834
0.02533
0.03155
0.03749
0.04394
0.04757
0.04878
0.04817
0.04398
0.03783
0.03198
0.02761
0.02037
0.01498
0.01188
0.00949
0.0075
0.00476
0.00248
-3.19827E-4
-0.0015
-6.65051E-4
0.00204
0.00697
0.01093
0.01405
0.01299
0.01299
0.01432
0.01566
0.01801
0.02045
0.02575
0.03092
0.03638
0.04377
0.04923
0.05328
0.05491
0.05742
0.0606
0.06587
0.07068
0.07015
0.06878
0.06449
0.05979
0.05466
0.05246
0.04983
0.04386
0.03792
0.03156
0.02574
0.02199
0.0166
0.01192
0.00785
0.00674
0.00579
0.00642
0.0059
0.00463
2.48638E-4
-0.00517
-0.01107
-0.01535
-0.01793
-0.02128
-0.0265
-0.03239
-0.03806
-0.04062
-0.04465
-0.04854
-0.05043
-0.05057
-0.05277
-0.05587
-0.05826
-0.05765
-0.05536
-0.0529
-0.05001
-0.04436
-0.03629
-0.02843
-0.02306
-0.01442
-0.00429
0.00603
0.01541
0.02625
0.03842
0.05166
0.06443
0.07473
0.0839
0.09373
0.1007
0.1068
0.11139
0.11621
0.11903
0.11847
0.11558
0.11184
0.11128
0.11079
0.10816
0.1072
0.1076
0.10949
0.11059
0.11392
0.11985
0.12766
0.13513
0.14071
0.14629
0.1527
0.15785
0.16082
0.16255
0.16417
0.16167
0.1587
0.15464
0.14973
0.14391
0.13524
0.12692
0.11719
0.10997
0.10332
0.09851
0.09544
0.0898
0.08345
0.07808
0.07481
0.07303
0.07131
0.07376
0.07315
0.07369
0.07218
0.07229
0.0729
0.07431
0.07611
0.07699
0.08043
0.08504
0.08916
0.09475
0.09921
0.10655
0.1101
0.11618
0.12365
0.1295
0.13426
0.13745
0.14217
0.14318
0.14262
0.13984
0.13443
0.12995
0.12409
0.11742
0.11089
0.10704
0.10369
0.09973
0.10002
0.10214
0.10476
0.10624
0.11072
0.11626
0.12173
0.12988
0.13672
0.14492
0.1507
0.15236
0.15321
0.15276
0.15025
0.14509
0.14042
0.13538
0.12916
0.12054
0.11037
0.10151
0.09365
0.0849
0.07602
0.07071
0.06567
0.05781
0.05121
0.04317
0.03709
0.03046
0.02444
0.01997
0.01968
0.02282
0.02618
0.03058
0.03949
0.04727
0.05552
0.06623
0.07795
0.08859
0.10092
0.11155
0.12062
0.13002
0.13702
0.13988
0.14385
0.14851
0.15163
0.15106
0.15176
0.15015
0.14284
0.13823
0.13348
0.12765
0.12191
0.11421
0.10692
0.1007
0.09717
0.09114
0.08556
0.08162
0.07868
0.07543
0.07551
0.08145
0.0864
0.09237
0.10102
0.11056
0.12429
0.13837
0.15412
0.16763
0.18022
0.19449
0.20624
0.21908
0.23038
0.23772
0.24209
0.24623
0.24718
0.2476
0.24753
0.24708
0.24215
0.2368
0.22982
0.2218
0.21106
0.20129
0.18879
0.17812
0.16946
0.16097
0.1534
0.15003
0.14423
0.13754
0.13222
0.13046
0.12829
0.12919
0.13452
0.13929
0.14377
0.14761
0.14952
0.1503
0.1528
0.1527
0.14867
0.14613
0.14361
0.13686
0.12919
0.12426
0.11966
0.11357
0.10968
0.10586
0.10279
0.10385
0.1069
0.10911
0.11197
0.11481
0.11496
0.11258
0.10936
0.10607
0.10125
0.09745
0.09115
0.08386
0.07654
0.07143
0.06492
0.05845
0.0544
0.05278
0.05623
0.0633
0.07526
0.09085
0.10721
0.12217
0.13256
0.14805
0.16272
0.17864
0.19226
0.20098
0.20753
0.21078
0.21225
0.21171
0.20934
0.2067
0.19962
0.19321
0.18864
0.18926
0.18746
0.18535
0.18213
0.17915
0.17691
0.17683
0.17716
0.1781
0.17742
0.17711
0.17438
0.17436
0.17289
0.16943
0.16443
0.15895
0.1529
0.14657
0.1419
0.13968
0.13432
0.13072
0.12683
0.12563
0.12551
0.12716
0.13059
0.13512
0.1405
0.14279
0.14298
0.14346
0.14344
0.14234
0.14072
0.14098
0.13967
0.13723
0.13252
0.12881
0.125
0.12086
0.11598
0.11311
0.11238
0.1144
0.11764
0.12151
0.12575
0.13079
0.13672
0.14371
0.15127
0.16114
0.16606
0.16868
0.16877
0.16714
0.16273
0.15797
0.15281
0.14686
0.14019
0.13378
0.12512
0.116
0.10767
0.0996
0.09049
0.08492
0.0807
0.08154
0.08407
0.09038
0.09847
0.10666
0.11501
0.12571
0.13831
0.15352
0.16834
0.1815
0.18993
0.19768
0.2026
0.20733
0.20867
0.21058
0.20873
0.20483
0.19815
0.19002
0.18023
0.1703
0.15972
0.14916
0.13877
0.13233
0.12596
0.12127
0.11612
0.11228
0.11088
0.11071
0.10794
0.10579
0.103
0.09859
0.09225
0.08379
0.07564
0.06701
0.05811
0.04496
0.03243
0.02169
0.01051
-0.00165
-0.01191
-0.01844
-0.02038
-0.01921
-0.01398
-0.00705
0.00404
0.01547
0.02815
0.04361
0.06435
0.08459
0.10557
0.12525
0.14362
0.15742
0.16947
0.17757
0.18628
0.19456
0.19992
0.2049
0.20825
0.20977
0.20964
0.20805
0.2075
0.2048
0.20592
0.20792
0.2107
0.21324
0.21486
0.21647
0.21598
0.21656
0.2147
0.21358
0.21482
0.21359
0.21088
0.2098
0.21119
0.2083
0.20345
0.19978
0.19665
0.19353
0.19097
0.18988
0.18867
0.18512
0.1791
0.1688
0.16055
0.15194
0.14202
0.13094
0.12371
0.11515
0.10592
0.09834
0.0942
0.08945
0.08506
0.07875
0.07817
0.07674
0.07708
0.07612
0.07742
0.07473
0.07099
0.06531
0.06197
0.06067
0.06165
0.06204
0.0666
0.06997
0.07712
0.08397
0.09697
0.11151
0.12683
0.1424
0.15942
0.17525
0.18805
0.19819
0.20737
0.21158
0.2138
0.21005
0.20472
0.19992
0.19112
0.18027
0.17186
0.16388
0.15416
0.14706
0.13946
0.13115
0.12485
0.11774
0.10891
0.10178
0.09491
0.08636
0.07674
0.06875
0.05551
0.04047
0.02608
0.01462
0.00195
-0.00734
-0.0163
-0.02547
-0.03444
-0.04068
-0.04655
-0.04842
-0.04677
-0.04524
-0.04614
-0.04246
-0.03933
-0.03616
-0.03549
-0.03155
-0.02854
-0.02549
-0.0235
-0.02106
-0.01781
-0.01491
-0.01391
-0.01362
-0.01251
-0.0058
-0.00234
0
0.00404
0.00852
0.0096
0.00903
0.01167
0.01615
0.02103
0.02526
0.02722
0.02688
0.02743
0.02474
0.01863
0.01572
0.01509
0.0077
1.8904E-4
-0.00842
-0.01573
-0.02563
-0.0326
-0.04181
-0.05013
-0.05469
-0.05699
-0.0618
-0.0633
-0.06531
-0.06761
-0.07137
-0.06971
-0.06902
-0.06716
-0.06534
-0.06185
-0.0632
-0.06037
-0.05676
-0.05615
-0.05582
-0.05193
-0.05096
-0.04941
-0.04635
-0.04296
-0.04266
-0.04093
-0.04046
-0.03994
-0.03954
-0.03831
-0.04051
-0.04331
-0.04538
-0.05026
-0.05622
-0.06072
-0.06435
-0.06719
-0.07061
-0.07105
-0.07032
-0.06773
-0.06711
-0.06654
-0.06284
-0.05969
-0.05814
-0.0545
-0.05114
-0.04935
-0.04798
-0.04891
-0.05171
-0.05088
-0.05197
-0.05404
-0.05642
-0.05646
-0.05807
-0.05992
-0.05794
-0.05559
-0.05398
-0.05222
-0.05096
-0.04955
-0.04631
-0.04319
-0.04164
-0.04014
-0.03864
-0.03845
-0.03884
-0.03656
-0.0367
-0.03927
-0.04032
-0.04329
-0.0446
-0.04813
-0.04872
-0.05181
-0.05582
-0.06232
-0.07226
-0.08252
-0.08996
-0.09772
-0.10658
-0.11382
-0.11885
-0.12744
-0.13646
-0.14646
-0.15212
-0.15599
-0.15564
-0.15412
-0.15037
-0.14287
-0.13547
-0.13021
-0.12689
-0.12207
-0.11564
-0.112
-0.10783
-0.10395
-0.10274
-0.1038
-0.1108
-0.11945
-0.12764
-0.13443
-0.13996
-0.14933
-0.15531
-0.16013
-0.16689
-0.17522
-0.1814
-0.18489
-0.18663
-0.18425
-0.1814
-0.17993
-0.17468
-0.17176
-0.1725
-0.17296
-0.16885
-0.16763
-0.16571
-0.16274
-0.16218
-0.15978
-0.15457
-0.14881
-0.14257
-0.13294
-0.12073
-0.11258
-0.10099
-0.08612
-0.07319
-0.05823
-0.04137
-0.02498
-0.00993
0.00565
0.02002
0.03291
0.048
0.05876
0.06622
0.07238
0.07618
0.07429
0.07142
0.07039
0.06512
0.05473
0.04261
0.03148
0.02379
0.01599
0.00813
-3.15934E-4
-0.00542
-0.01324
-0.02182
-0.02998
-0.03277
-0.036
-0.04196
-0.04841
-0.05056
-0.0499
-0.05413
-0.06072
-0.06629
-0.07245
-0.07574
-0.07806
-0.07609
-0.07268
-0.06634
-0.0631
-0.06064
-0.05325
-0.04247
-0.02948
-0.01724
-0.00291
0.01111
0.02452
0.03651
0.0416
0.04631
0.05283
0.06076
0.06621
0.07039
0.0756
0.07794
0.07746
0.07511
0.07402
0.07615
0.07871
0.08019
0.0805
0.08246
0.08455
0.08392
0.08333
0.08624
0.08888
0.08978
0.08842
0.08685
0.08219
0.07802
0.07134
0.06352
0.05528
0.04814
0.03943
0.03079
0.02445
0.01707
0.00881
0.00419
-0.0017
-0.00554
-0.00771
-0.00603
-0.00587
-4.41125E-4
0.005
0.01047
0.01645
0.02266
0.02639
0.02994
0.03313
0.03739
0.03997
0.04386
0.04558
0.04942
0.04857
0.04824
0.04602
0.04386
0.04241
0.04095
0.03825
0.03661
0.03364
0.03191
0.02625
0.02323
0.02039
0.01918
0.01752
0.01772
0.02078
0.02166
0.02307
0.02368
0.02353
0.02397
0.02231
0.02235
0.02238
0.0227
0.02163
0.01695
0.01409
-0.0111
-0.0364
-0.06537
-0.08943
-0.11026
-0.12615
-0.13148
-0.13015
-0.12564
-0.11658
-0.10625
-0.09126
-0.07607
-0.05298
-0.03101
-0.00405
0.02784
0.06144
0.09039
0.12176
0.15323
0.18614
0.21369
0.24191
0.26185
0.27861
0.29032
0.29888
0.3022
0.30562
0.30095
0.29133
0.27847
0.26984
0.25878
0.2514
0.24273
0.23341
0.22314
0.21389
0.20612
0.20177
0.20188
0.20336
0.20028
0.19867
0.19685
0.19808
0.20154
0.20598
0.21212
0.21581
0.22084
0.22531
0.23155
0.24033
0.24931
0.25408
0.25818
0.26273
0.26684
0.27108
0.27733
0.27973
0.27982
0.27691
0.2729
0.26518
0.25923
0.2528
0.24495
0.23629
0.23032
0.22444
0.22007
0.21597
0.21189
0.20906
0.20799
0.20664
0.20646
0.20887
0.2153
0.22162
0.22569
0.23304
0.24318
0.25222
0.25983
0.27205
0.28793
0.30214
0.31316
0.32315
0.33121
0.34092
0.34906
0.35541
0.36077
0.36699
0.36633
0.36347
0.36354
0.3657
0.3635
0.36016
0.35821
0.35278
0.34612
0.343
0.33765
0.33492
0.33109
0.32605
0.32115
0.31782
0.31215
0.30254
0.29195
0.28374
0.27591
0.27091
0.26833
0.26866
0.26644
0.26481
0.26266
0.26432
0.26545
0.26947
0.27007
0.26937
0.26908
0.26846
0.26703
0.26825
0.26555
0.26243
0.25743
0.25598
0.25281
0.25299
0.25419
0.25809
0.25994
0.26213
0.26835
0.27673
0.28751
0.297
0.30529
0.3161
0.32706
0.33374
0.33616
0.34267
0.34767
0.34761
0.34554
0.3427
0.34257
0.33565
0.32415
0.31026
0.29988
0.28769
0.27332
0.25937
0.24778
0.23796
0.22624
0.21369
0.20515
0.20177
0.2021
0.20358
0.21195
0.22411
0.23733
0.2497
0.26154
0.27245
0.28412
0.29928
0.31497
0.32878
0.33768
0.3449
0.34487
0.34073
0.33606
0.33028
0.32777
0.32363
0.31521
0.30316
0.28973
0.28032
0.26661
0.25478
0.24504
0.23744
0.22988
0.22514
0.22072
0.22093
0.22391
0.22434
0.22497
0.22794
0.23527
0.24592
0.2538
0.26427
0.27324
0.28428
0.29202
0.29766
0.30472
0.31018
0.3114
0.31081
0.31014
0.30934
0.30881
0.30511
0.29823
0.29092
0.28536
0.28195
0.27835
0.28283
0.28657
0.2891
0.2934
0.29864
0.30114
0.30287
0.30753
0.3125
0.31754
0.32519
0.32835
0.32809
0.32443
0.3175
0.30596
0.29879
0.29193
0.28699
0.27769
0.27024
0.26177
0.25342
0.24667
0.24393
0.24424
0.24733
0.25092
0.25598
0.259
0.26501
0.26967
0.27525
0.28064
0.28834
0.29305
0.29749
0.30199
0.30477
0.30598
0.30323
0.30077
0.29967
0.29724
0.29478
0.29411
0.29402
0.29267
0.29084
0.29139
0.29376
0.30037
0.30444
0.30756
0.31151
0.3191
0.32457
0.32961
0.33594
0.3422
0.34451
0.34389
0.33882
0.33253
0.32245
0.31319
0.29809
0.28589
0.27581
0.26337
0.24868
0.23604
0.22814
0.22396
0.22291
0.22331
0.22363
0.22876
0.23168
0.23662
0.24116
0.24894
0.25605
0.25989
0.26336
0.26825
0.27365
0.27374
0.27087
0.26783
0.26255
0.26144
0.25858
0.25733
0.25585
0.25551
0.25539
0.25342
0.25538
0.2584
0.26085
0.2641
0.26845
0.27379
0.27875
0.28528
0.2889
0.29345
0.30173
0.31108
0.32198
0.33409
0.34689
0.35746
0.36731
0.3769
0.38311
0.38973
0.39269
0.39435
0.39583
0.39151
0.38512
0.37375
0.35922
0.34462
0.3276
0.3149
0.30108
0.29091
0.27923
0.2687
0.26004
0.25129
0.24336
0.2374
0.23864
0.24198
0.24529
0.2551
0.26118
0.26729
0.27027
0.27791
0.28482
0.29765
0.31163
0.31923
0.32878
0.33864
0.34347
0.34717
0.35305
0.35976
0.36005
0.36239
0.36263
0.35923
0.35433
0.34894
0.33812
0.32664
0.31954
0.31244
0.30463
0.30302
0.30276
0.29821
0.29424
0.2935
0.2928
0.29435
0.29864
0.30078
0.30151
0.30439
0.30651
0.30592
0.3058
0.3085
0.30654
0.30169
0.29941
0.29838
0.29608
0.29335
0.28918
0.2836
0.27798
0.27333
0.26734
0.26215
0.25867
0.25469
0.25029
0.2469
0.24333
0.24137
0.24032
0.24153
0.24128
0.24307
0.24294
0.24247
0.24069
0.23451
0.22758
0.22117
0.21296
0.19928
0.18279
0.16945
0.1508
0.13243
0.11295
0.09468
0.07663
0.06144
0.04826
0.03426
0.02663
0.02161
0.01459
0.01135
0.01064
0.01239
0.01083
0.01099
0.01094
0.00668
0.00332
-0.00265
-0.00945
-0.0164
-0.02206
-0.02735
-0.03386
-0.03766
-0.04271
-0.04717
-0.04906
-0.04624
-0.04125
-0.03652
-0.02973
-0.02455
-0.01774
-0.00929
-0.00102
0.00995
0.01816
0.02618
0.03001
0.0325
0.03535
0.03609
0.0339
0.03271
0.02956
0.02768
0.02535
0.02417
0.02033
0.01802
0.01519
0.01209
0.01066
0.0139
0.01607
0.01676
0.01774
0.02049
0.0217
0.02684
0.03116
0.03543
0.03821
0.04365
0.04746
0.04761
0.05052
0.05338
0.05159
0.04981
0.04784
0.04635
0.04532
0.04346
0.03493
0.02761
0.02406
0.02055
0.01531
0.0116
0.00936
0.00463
-0.00276
-0.0094
-0.01288
-0.01181
-0.01267
-0.01489
-0.01678
-0.01579
-0.01398
-0.0105
-0.00499
0.00241
0.00731
0.01121
0.01465
0.01839
0.02325
0.0268
0.02908
0.03209
0.03314
0.03258
0.03279
0.03087
0.02512
0.0184
0.00985
7.63741E-4
-0.00744
-0.01576
-0.025
-0.03516
-0.04315
-0.05129
-0.058
-0.06277
-0.06396
-0.06409
-0.06198
-0.05953
-0.05632
-0.05247
-0.04487
-0.03707
-0.03019
-0.01971
-0.00705
0.00427
0.01411
0.02204
0.0308
0.03616
0.04103
0.04676
0.05427
0.06059
0.06535
0.06552
0.06262
0.06258
0.06025
0.05718
0.05372
0.05207
0.04784
0.03723
0.02814
0.01998
0.0112
6.42903E-4
-0.01078
-0.02115
-0.02978
-0.03452
-0.0424
-0.04882
-0.05345
-0.05905
-0.06695
-0.07208
-0.07178
-0.07085
-0.06953
-0.07002
-0.06875
-0.06624
-0.06298
-0.05998
-0.05561
-0.04757
-0.04026
-0.03458
-0.02813
-0.01993
-0.00929
-0.0017
0.00625
0.01192
0.02032
0.02509
0.02965
0.03695
0.04418
0.04891
0.05129
0.0537
0.05645
0.06043
0.06345
0.0649
0.06871
0.07106
0.07264
0.07275
0.07448
0.07686
0.07608
0.07622
0.07513
0.07248
0.0692
0.06446
0.05647
0.04972
0.04368
0.03675
0.02988
0.02409
0.01641
0.00808
0
-0.00708
-0.0138
-0.01789
-0.02114
-0.02428
-0.02493
-0.02284
-0.0207
-0.0184
-0.01459
-0.01086
-0.00835
-0.0037
8.25607E-4
0.0034
0.00571
0.00748
0.00815
0.0081
0.00646
0.00521
0.0038
0.00266
2.72556E-4
-5.75594E-4
-1.38784E-4
0.00112
0.00247
0.00203
0.00379
0.00776
0.00975
0.0109
0.01326
0.01874
0.02243
0.02506
0.02698
0.02726
0.02695
0.02568
0.02614
0.02627
0.02867
0.02994
0.02761
0.02768
0.02968
0.03129
0.03408
0.03645
0.03666
0.03358
0.03338
0.03374
0.03406
0.03439
0.03183
0.02926
0.02674
0.0239
0.02331
0.02326
0.02635
0.02639
0.0275
0.03103
0.03572
0.04048
0.04431
0.0509
0.05667
0.06235
0.06698
0.07084
0.0768
0.07954
0.08136
0.08116
0.07996
0.07659
0.07221
0.06961
0.0661
0.0632
0.05871
0.05271
0.04859
0.04568
0.04398
0.04307
0.04434
0.04408
0.04388
0.04407
0.04336
0.04333
0.04231
0.04062
0.03574
0.03038
0.02568
0.01973
0.01649
0.01335
0.01056
0.00849
0.00759
0.00715
0.00856
0.01548
0.02289
0.03085
0.04052
0.04765
0.05275
0.05826
0.06358
0.06377
0.06334
0.06113
0.0544
0.04822
0.04145
0.03447
0.0263
0.01906
0.01129
0.00469
0.00235
0.00166
-0.00193
-0.004
-0.00409
-0.0015
-5.48896E-4
0.00238
0.00391
0.00435
0.00455
0.00141
-0.00257
-0.00211
-0.00263
-0.00367
-0.00629
-0.00565
-0.0072
-0.0072
-0.01015
-0.01374
-0.01407
-0.01361
-0.01302
-0.01193
-0.01108
-0.00971
-0.01218
-0.01367
-0.0148
-0.01182
-0.0094
-0.00564
-0.00339
-0.00119
0.00468
0.01089
0.01764
0.02458
0.03051
0.03725
0.04116
0.04731
0.05268
0.0597
0.06413
0.06553
0.06539
0.06758
0.07256
0.07747
0.07831
0.08349
0.08793
0.09071
0.09376
0.09844
0.10133
0.10216
0.10013
0.0955
0.09176
0.0895
0.08597
0.08349
0.08117
0.07787
0.0744
0.07251
0.07504
0.07851
0.08192
0.08413
0.08524
0.05653
0.02327
-0.01036
-0.0418
-0.07739
-0.09727
-0.0559
-0.00882
0.04277
0.09563
0.15213
0.21098
0.27013
0.32254
0.37179
0.41785
0.46073
0.49946
0.53084
0.55628
0.5777
0.59009
0.59475
0.59663
0.59888
0.59889
0.59552
0.59162
0.58721
0.5817
0.57761
0.57357
0.56766
0.56365
0.562
0.5615
0.56266
0.56994
0.57552
0.58032
0.58924
0.59952
0.60944
0.62511
0.64107
0.65402
0.66451
0.67579
0.68376
0.6937
0.70261
0.70698
0.70875
0.70934
0.70847
0.70135
0.69309
0.68759
0.67651
0.66412
0.65055
0.63802
0.62769
0.61566
0.6028
0.59123
0.58622
0.58019
0.57383
0.57037
0.56704
0.56707
0.56611
0.56564
0.56794
0.57305
0.57945
0.58197
0.58862
0.59491
0.60054
0.60562
0.60775
0.61191
0.61376
0.61735
0.61783
0.61455
0.61582
0.61232
0.60811
0.60479
0.60333
0.60538
0.60265
0.59949
0.59774
0.59659
0.59668
0.59597
0.5974
0.59732
0.59605
0.59092
0.58438
0.58074
0.57561
0.56816
0.55922
0.55185
0.54567
0.53757
0.53084
0.52249
0.51829
0.515
0.51484
0.51754
0.51878
0.52505
0.53125
0.54082
0.5503
0.55716
0.56759
0.57547
0.5808
0.58625
0.59238
0.59834
0.599
0.59821
0.59504
0.59486
0.59524
0.59393
0.59098
0.5905
0.58964
0.58799
0.58714
0.58909
0.58821
0.58402
0.57592
0.57169
0.5666
0.56205
0.5593
0.55484
0.54798
0.53911
0.53084
0.52839
0.52814
0.53075
0.53073
0.5327
0.53735
0.54229
0.54408
0.54627
0.55135
0.55217
0.55171
0.55234
0.55387
0.55447
0.55101
0.54507
0.536
0.53022
0.52578
0.52126
0.51804
0.51737
0.5205
0.52141
0.52797
0.53836
0.54944
0.56279
0.5734
0.58601
0.59734
0.61003
0.62087
0.62721
0.63466
0.63994
0.64325
0.64374
0.64239
0.63991
0.63296
0.62855
0.62183
0.61523
0.60539
0.60051
0.59342
0.58831
0.58793
0.58569
0.5865
0.58826
0.58747
0.59171
0.59454
0.59906
0.60264
0.60719
0.61235
0.62208
0.62916
0.63842
0.64764
0.65821
0.66716
0.67612
0.68554
0.68841
0.69203
0.69453
0.69278
0.69087
0.69044
0.69039
0.68263
0.67432
0.6653
0.65695
0.65133
0.64343
0.63645
0.63174
0.63477
0.63034
0.62767
0.63228
0.63781
0.64217
0.64677
0.65419
0.66501
0.67368
0.67725
0.67448
0.67678
0.67526
0.66808
0.66117
0.65622
0.648
0.63792
0.62615
0.61335
0.60142
0.59148
0.57941
0.57034
0.56867
0.56816
0.56595
0.5689
0.57374
0.57439
0.57664
0.58126
0.58294
0.5849
0.58727
0.58737
0.58625
0.58466
0.58058
0.57152
0.56426
0.55886
0.55111
0.54523
0.54228
0.54032
0.53982
0.54074
0.54156
0.54144
0.54281
0.54482
0.54573
0.54718
0.5502
0.55123
0.55351
0.55395
0.55729
0.56212
0.56992
0.57843
0.58932
0.60053
0.61207
0.62402
0.63515
0.64328
0.6536
0.65886
0.6633
0.66178
0.66069
0.65411
0.64706
0.63746
0.62527
0.60999
0.59607
0.57945
0.56164
0.54742
0.53757
0.52605
0.51897
0.5131
0.51315
0.51385
0.51863
0.52184
0.52651
0.53437
0.54012
0.54405
0.55189
0.56157
0.56659
0.5697
0.57338
0.57759
0.58396
0.58969
0.59417
0.59749
0.60012
0.60038
0.59502
0.59321
0.58702
0.58107
0.57185
0.56222
0.55117
0.54275
0.5322
0.52038
0.50808
0.50061
0.49224
0.48879
0.48385
0.48269
0.48263
0.48637
0.48623
0.4899
0.49786
0.50721
0.51298
0.52065
0.53063
0.54205
0.54989
0.55953
0.56587
0.57336
0.58006
0.58374
0.58799
0.59349
0.5982
0.59921
0.59838
0.5977
0.59443
0.5885
0.58033
0.57326
0.56536
0.55793
0.55193
0.54516
0.53892
0.53348
0.53178
0.52891
0.52554
0.52771
0.53056
0.53654
0.54004
0.5414
0.54322
0.54485
0.54788
0.54831
0.54886
0.55346
0.55775
0.55872
0.55479
0.54935
0.53878
0.52292
0.50134
0.47755
0.45345
0.42592
0.39364
0.35818
0.31919
0.28021
0.23878
0.1965
0.15748
0.12299
0.09089
0.06008
0.03312
0.01264
-0.00225
-0.0147
-0.02974
-0.03695
-0.0362
-0.03035
-0.02333
-0.01337
-0.00181
0.00738
0.01566
0.02688
0.03977
0.05524
0.06627
0.07677
0.08689
0.09793
0.10295
0.10642
0.11008
0.11336
0.11014
0.10662
0.1018
0.09942
0.0941
0.0873
0.08088
0.07818
0.07432
0.07174
0.06755
0.0672
0.06735
0.06938
0.07076
0.07602
0.08037
0.08516
0.08797
0.0916
0.09454
0.09566
0.0947
0.09282
0.08883
0.08509
0.08113
0.07788
0.0709
0.06437
0.0583
0.05402
0.05231
0.05068
0.05
0.05031
0.05135
0.05204
0.05309
0.05331
0.05247
0.05085
0.04681
0.04138
0.03587
0.02864
0.0193
0.00546
-0.0077
-0.02045
-0.03025
-0.03924
-0.04771
-0.05475
-0.05989
-0.05962
-0.06085
-0.06017
-0.05319
-0.04565
-0.03784
-0.03312
-0.02469
-0.01419
-0.00488
0.00327
0.00692
0.01287
0.01736
0.0201
0.01882
0.01705
0.01688
0.0123
0.00568
-1.80544E-4
3.34171E-4
-2.91239E-4
-9.67632E-4
-2.31841E-4
-0.00214
0.00223
0.00727
0.01452
0.02338
0.03018
0.03844
0.0413
0.04541
0.04811
0.05254
0.05628
0.05693
0.05493
0.05045
0.04464
0.03712
0.02793
0.01759
0.00717
-0.00162
-0.01264
-0.02055
-0.02818
-0.03444
-0.04123
-0.04725
-0.04971
-0.05065
-0.05131
-0.04959
-0.04708
-0.04493
-0.04206
-0.03772
-0.03125
-0.02352
-0.01725
-0.01157
-0.00699
-0.00269
-5.43651E-4
0.00107
0.0027
0.00355
0.00313
0.00213
7.79471E-4
-1.43081E-4
-0.0027
-0.00528
-0.00691
-0.00736
-0.00725
-0.00678
-0.00529
-0.00507
-0.00616
-0.00628
-0.00414
-1.86852E-4
0.00212
0.00541
0.00709
0.00811
0.00812
0.00593
0.00579
0.00404
0.00446
0.00377
0.00291
0.00424
0.00338
0.00395
0.00587
0.00921
0.01207
0.01402
0.02034
0.02647
0.03155
0.03539
0.03958
0.04253
0.04362
0.04349
0.04241
0.04272
0.04143
0.03563
0.02812
0.02383
0.02158
0.01598
0.00905
0.00491
8.85511E-4
-4.20447E-4
-0.00108
-0.00172
0.00123
0.004
0.00484
0.00585
0.01041
0.017
0.02093
0.02481
0.02708
0.02974
0.03313
0.03489
0.03391
0.03518
0.03898
0.038
0.0384
0.03868
0.03924
0.03709
0.03471
0.03279
0.03232
0.03372
0.03352
0.03212
0.03563
0.03924
0.04139
0.03954
0.04211
0.04127
0.04264
0.04227
0.04369
0.04555
0.04499
0.04114
0.03688
0.03551
0.03621
0.03121
0.0275
0.02127
0.01635
0.00939
0.00287
-0.00501
-0.01136
-0.01719
-0.02488
-0.03008
-0.03257
-0.03269
-0.03137
-0.03012
-0.02656
-0.02155
-0.01471
-0.00841
-0.001
0.00966
0.0199
0.02954
0.03703
0.04356
0.0488
0.05112
0.0514
0.05113
0.04861
0.0467
0.04083
0.03497
0.03331
0.03161
0.02845
0.02478
0.02257
0.02123
0.01863
0.01682
0.01484
0.01387
0.01091
0.00608
9.83257E-4
-0.0031
-0.00519
-0.00876
-0.01333
-0.01659
-0.01621
-0.01626
-0.01768
-0.01664
-0.01488
-0.01224
-0.01019
-0.00839
-0.00394
-0.00131
0
-9.30668E-4
-0.0033
-0.00285
-0.00299
-0.00498
-0.0079
-0.00585
-0.00392
-0.00527
-0.0049
-0.00267
-0.00217
-1.23233E-4
0.00287
0.00806
0.01269
0.01795
0.01917
0.01814
0.01709
0.0145
0.01
0.00882
0.00842
0.00573
0.00138
-0.00174
-0.007
-0.01385
-0.01974
-0.0223
-0.024
-0.02576
-0.02836
-0.03167
-0.03404
-0.03945
-0.04663
-0.0523
-0.05596
-0.0592
-0.06134
-0.06315
-0.06042
-0.05719
-0.05541
-0.05321
-0.0478
-0.03989
-0.03155
-0.02286
-0.0119
-0.00384
0.00272
0.0073
0.01141
0.01528
0.02034
0.022
0.02034
0.01749
0.0133
0.00518
-0.0042
-0.01124
-0.02019
-0.02977
-0.03857
-0.04882
-0.05849
-0.06801
-0.0693
-0.06436
-0.05214
-0.02851
0.00157
0.03189
0.07241
0.11927
0.17327
0.24012
0.31313
0.39044
0.47167
0.55825
0.64565
0.72806
0.81066
0.88569
0.95157
1.00827
1.05428
1.09365
1.12327
1.14065
1.14759
1.14866
1.1473
1.14247
1.13614
1.13085
1.1235
1.11528
1.11135
1.1086
1.10579
1.10711
1.10639
1.11112
1.11867
1.1247
1.13086
1.13641
1.14375
1.14597
1.14527
1.14867
1.14936
1.14765
1.14167
1.13885
1.13478
1.12787
1.1228
1.11802
1.11756
1.11688
1.11449
1.11161
1.10968
1.10731
1.10116
1.09703
1.09442
1.08973
1.08191
1.07198
1.066
1.05981
1.05504
1.04823
1.04372
1.04491
1.04697
1.05296
1.06274
1.07409
1.08247
1.08776
1.09512
1.09929
1.10423
1.10758
1.1021
1.09386
1.08622
1.07838
1.06589
1.05579
1.04711
1.03787
1.03002
1.02496
1.02041
1.02045
1.02502
1.02849
1.03096
1.04235
1.05541
1.06476
1.07204
1.08078
1.08723
1.0903
1.09319
1.09425
1.09374
1.09181
1.08881
1.0818
1.07707
1.07429
1.06748
1.06105
1.06059
1.06156
1.06241
1.06205
1.06706
1.06809
1.07231
1.07666
1.08221
1.08731
1.09483
1.09688
1.09752
1.09697
1.09901
1.09928
1.09671
1.09184
1.0915
1.0856
1.08399
1.08204
1.08284
1.08235
1.08267
1.0811
1.08216
1.08433
1.08927
1.08679
1.08211
1.07532
1.07142
1.06444
1.05965
1.05793
1.05658
1.05177
1.04994
1.04574
1.04744
1.05368
1.06099
1.06482
1.07193
1.07905
1.08278
1.08191
1.08144
1.07997
1.07649
1.07087
1.06719
1.06325
1.0621
1.06037
1.05599
1.05455
1.05467
1.05299
1.05226
1.05668
1.06046
1.0621
1.0633
1.05815
1.04945
1.04082
1.02935
1.0183
1.00722
0.99629
0.981
0.96905
0.95931
0.9483
0.93976
0.93623
0.93664
0.93802
0.94526
0.95345
0.96186
0.97267
0.98164
0.98923
1.00005
1.01168
1.02305
1.0313
1.03787
1.04212
1.05001
1.05496
1.06183
1.06584
1.07364
1.08258
1.09127
1.09772
1.10611
1.11247
1.1186
1.11844
1.12138
1.12175
1.12468
1.12177
1.11624
1.10836
1.10245
1.09486
1.08658
1.07793
1.07104
1.06358
1.05969
1.05503
1.05336
1.05361
1.06083
1.06925
1.07567
1.08276
1.08914
1.09293
1.09275
1.09272
1.09199
1.09378
1.09313
1.08822
1.08283
1.08261
1.08359
1.08368
1.08419
1.08878
1.09075
1.09561
1.1008
1.10798
1.11487
1.12246
1.122
1.12177
1.12277
1.12724
1.13127
1.13582
1.14037
1.1402
1.14035
1.14365
1.14104
1.14221
1.1473
1.15152
1.15424
1.16251
1.16945
1.17207
1.17382
1.17057
1.165
1.16163
1.1589
1.15502
1.15162
1.15127
1.14745
1.14159
1.13875
1.13831
1.13848
1.13876
1.13966
1.14184
1.14176
1.14215
1.1396
1.13757
1.13929
1.13883
1.13912
1.13874
1.13579
1.13137
1.12506
1.11931
1.11408
1.11108
1.10465
1.09818
1.09235
1.08722
1.0846
1.08087
1.08105
1.07839
1.07771
1.07872
1.07854
1.08266
1.08772
1.09252
1.09559
1.1011
1.11008
1.11611
1.12275
1.12843
1.13007
1.1329
1.13594
1.13793
1.1403
1.14411
1.14524
1.14258
1.14176
1.14282
1.1424
1.14353
1.14368
1.14214
1.13938
1.13781
1.13339
1.12919
1.12843
1.12827
1.12626
1.12221
1.11791
1.11405
1.10963
1.10348
1.09563
1.08766
1.08099
1.07635
1.07271
1.07312
1.07777
1.0796
1.08174
1.08522
1.0904
1.09947
1.10818
1.11751
1.1284
1.13726
1.14608
1.15418
1.16405
1.17156
1.17604
1.18177
1.18921
1.19425
1.19763
1.19952
1.20089
1.20017
1.2011
1.20024
1.20098
1.20426
1.20549
1.19859
1.19769
1.19769
1.19449
1.18828
1.1877
1.18698
1.18879
1.18844
1.18649
1.18435
1.18862
1.18842
1.18696
1.18639
1.19013
1.1857
1.18051
1.17507
1.17452
1.17256
1.16848
1.15955
1.14893
1.13318
1.10666
1.07
1.03099
0.98517
0.93249
0.871
0.80349
0.73005
0.65143
0.5683
0.48244
0.40062
0.32453
0.25377
0.19121
0.13746
0.09014
0.04976
0.01705
-0.00848
-0.02589
-0.03374
-0.03434
-0.03198
-0.02732
-0.01989
-0.01585
-0.01524
-0.0177
-0.02094
-0.02369
-0.02862
-0.03288
-0.03701
-0.04171
-0.04922
-0.05802
-0.06602
-0.06935
-0.07057
-0.06958
-0.06849
-0.06105
-0.04917
-0.03516
-0.02151
-0.00326
0.01333
0.03227
0.04758
0.06419
0.08204
0.10137
0.11566
0.12629
0.13084
0.13512
0.13426
0.13104
0.12655
0.12628
0.1241
0.12081
0.11676
0.11793
0.12262
0.12725
0.12925
0.13191
0.13587
0.1399
0.14071
0.14307
0.14628
0.14782
0.14571
0.13938
0.13461
0.13177
0.12895
0.12516
0.12312
0.12209
0.12091
0.12166
0.12247
0.12352
0.12353
0.1199
0.11508
0.10946
0.10609
0.10099
0.09239
0.08275
0.07115
0.06055
0.05045
0.0425
0.03545
0.02602
0.01881
0.01143
0.0056
0.0026
2.65474E-6
-4.03383E-4
0.00153
0.00416
0.0082
0.01182
0.01742
0.02188
0.02653
0.02828
0.03189
0.03617
0.03962
0.0406
0.04145
0.0402
0.03934
0.03893
0.03776
0.03372
0.03211
0.02829
0.02427
0.01845
0.01446
0.01042
0.00747
0.004
0.00133
-0.00133
-2.98773E-4
9.86055E-4
-1.44153E-5
-0.00242
-0.00241
-0.00224
-0.00249
-0.0037
-0.00203
-0.001
0.00217
0.00317
0.00397
0.00737
0.01108
0.01079
0.00764
0.00616
0.0062
0.00504
0.00383
0.00265
0.00201
7.9451E-4
3.2815E-4
1.20902E-4
6.69815E-4
0.00247
0.00222
0.00243
0.00554
0.00769
0.00945
0.01379
0.01742
0.02029
0.02272
0.02613
0.0288
0.03277
0.03329
0.03099
0.03059
0.0295
0.0272
0.02536
0.02533
0.02302
0.01897
0.01572
0.00969
0.00386
-0.00135
-0.00608
-0.01126
-0.01651
-0.01856
-0.02305
-0.02528
-0.02819
-0.03203
-0.03339
-0.03208
-0.0284
-0.02603
-0.02382
-0.02232
-0.0249
-0.02677
-0.02936
-0.02854
-0.02843
-0.0281
-0.02734
-0.02768
-0.02801
-0.02906
-0.02818
-0.02712
-0.02841
-0.02715
-0.0239
-0.01761
-0.01452
-0.01209
-0.0118
-0.01268
-0.01222
-0.01369
-0.01336
-0.01042
-0.00802
-0.00801
-0.01179
-0.01234
-0.01264
-0.01406
-0.01562
-0.01522
-0.01416
-0.01381
-0.01248
-0.01019
-0.01181
-0.01244
-0.01439
-0.01803
-0.02181
-0.02367
-0.02651
-0.02923
-0.03367
-0.03856
-0.04646
-0.05245
-0.05508
-0.05712
-0.05892
-0.05482
-0.05205
-0.04946
-0.0467
-0.04043
-0.03389
-0.02478
-0.01466
-0.00399
0.00496
0.01613
0.02515
0.03226
0.03872
0.04055
0.04064
0.03988
0.03823
0.03699
0.0325
0.02748
0.02142
0.0117
0.00437
-0.00449
-0.01009
-0.01687
-0.0221
-0.02858
-0.03281
-0.03691
-0.04033
-0.04264
-0.04421
-0.04537
-0.043
-0.03998
-0.03464
-0.03202
-0.02737
-0.02475
-0.0224
-0.02048
-0.02066
-0.0181
-0.01597
-0.01336
-0.01229
-0.01171
-0.01197
-0.01514
-0.0164
-0.01625
-0.01461
-0.01083
-0.00923
-0.00713
-0.00906
-0.00998
-0.01292
-0.01248
-0.01238
-0.01492
-0.01763
-0.01773
-0.01885
-0.02237
-0.02806
-0.02871
-0.02777
-0.02685
-0.02646
-0.02122
-0.01422
-0.00507
0.00156
0.00739
0.01502
0.02374
0.02591
0.02727
0.03128
0.03514
0.03316
0.02915
0.02094
0.01392
0.00952
0.00629
-4.52509E-4
-0.00564
-0.0103
-0.0149
-0.02114
-0.02259
-0.02477
-0.03021
-0.03865
-0.05072
-0.06518
-0.07573
-0.08456
-0.09715
-0.11036
-0.10884
-0.09584
-0.07287
-0.03829
0.007
0.06334
0.13662
0.22275
0.32007
0.43158
0.55292
0.67218
0.78769
0.90277
1.01561
1.11785
1.21279
1.29529
1.36921
1.43637
1.49262
1.53605
1.57086
1.59959
1.61865
1.63333
1.64879
1.66087
1.67451
1.6872
1.69011
1.68839
1.6897
1.68501
1.67787
1.67235
1.66609
1.65627
1.64442
1.63439
1.61991
1.60754
1.59857
1.58854
1.58065
1.57844
1.57691
1.57758
1.58033
1.58084
1.57604
1.57451
1.57608
1.57832
1.5808
1.58535
1.58836
1.59076
1.59271
1.59732
1.60391
1.60897
1.61087
1.61361
1.61909
1.62628
1.63044
1.63091
1.6304
1.6256
1.62118
1.61931
1.62283
1.62588
1.62906
1.6286
1.62519
1.62246
1.62293
1.62172
1.62293
1.62525
1.62726
1.63023
1.63266
1.63038
1.62738
1.62302
1.61961
1.61264
1.61089
1.6084
1.60333
1.59821
1.59197
1.5901
1.58921
1.59019
1.59303
1.5984
1.60322
1.6028
1.60279
1.60467
1.6083
1.60685
1.60672
1.61125
1.61312
1.6141
1.60914
1.60447
1.60288
1.59907
1.59392
1.58936
1.59133
1.58936
1.58543
1.58221
1.58446
1.59161
1.59624
1.60045
1.60606
1.6135
1.62199
1.62671
1.63228
1.63773
1.64601
1.65254
1.65921
1.66768
1.67687
1.68631
1.69171
1.69512
1.69832
1.70315
1.7057
1.70422
1.69761
1.6876
1.67563
1.66005
1.64068
1.62501
1.60739
1.58937
1.567
1.5482
1.5338
1.52523
1.51808
1.51295
1.50761
1.50797
1.50974
1.51577
1.5271
1.54054
1.54755
1.55402
1.55669
1.55931
1.56022
1.56388
1.56091
1.55437
1.54682
1.53804
1.52971
1.52478
1.51903
1.512
1.50662
1.50623
1.50678
1.51268
1.51901
1.52418
1.52624
1.53121
1.53583
1.53922
1.54655
1.55406
1.55998
1.56319
1.56344
1.56559
1.56739
1.56817
1.56264
1.55873
1.55512
1.54721
1.53724
1.52644
1.51568
1.50691
1.49788
1.48822
1.48118
1.48073
1.47603
1.47065
1.46873
1.46961
1.471
1.47417
1.47861
1.48315
1.48509
1.48865
1.48783
1.48848
1.48993
1.49259
1.49564
1.5001
1.50452
1.50646
1.50905
1.5151
1.52155
1.52454
1.52854
1.53616
1.5382
1.53422
1.52707
1.51538
1.50312
1.48357
1.46547
1.44608
1.431
1.41626
1.40004
1.3859
1.38133
1.38129
1.38853
1.40179
1.42429
1.44547
1.46814
1.49009
1.51571
1.53927
1.56337
1.57885
1.5898
1.59642
1.60158
1.60375
1.602
1.59798
1.59495
1.59001
1.59093
1.59388
1.59873
1.60226
1.60548
1.60689
1.60945
1.61768
1.62462
1.62713
1.62666
1.62107
1.60815
1.59508
1.58402
1.57158
1.55867
1.54471
1.52983
1.51738
1.50881
1.50383
1.49804
1.49621
1.4957
1.49664
1.50071
1.50581
1.50787
1.50588
1.50109
1.49835
1.49251
1.48806
1.48273
1.47773
1.47306
1.46918
1.46607
1.46931
1.47264
1.47647
1.4822
1.48529
1.4889
1.49576
1.50029
1.50751
1.51331
1.51728
1.51339
1.51126
1.50832
1.5048
1.50161
1.50064
1.5002
1.49964
1.49888
1.49929
1.49791
1.49403
1.48842
1.48248
1.47359
1.47158
1.46538
1.45558
1.44417
1.42891
1.41117
1.39171
1.37994
1.37228
1.36336
1.35522
1.35314
1.35166
1.35447
1.35987
1.36298
1.3669
1.37481
1.38125
1.38818
1.39517
1.40386
1.40182
1.40249
1.40309
1.40387
1.40336
1.40106
1.39758
1.39442
1.39118
1.39286
1.39413
1.39703
1.39568
1.39613
1.39723
1.40333
1.4101
1.41562
1.42235
1.42751
1.43293
1.43671
1.44518
1.45308
1.45594
1.45884
1.46363
1.47129
1.4798
1.48658
1.49215
1.4946
1.50131
1.50087
1.50142
1.50609
1.50959
1.50518
1.49935
1.49374
1.48722
1.47676
1.4678
1.45463
1.44
1.41683
1.38208
1.33684
1.28697
1.22895
1.16114
1.08661
1.00804
0.91951
0.82165
0.71828
0.61468
0.51008
0.40661
0.30797
0.2168
0.13452
0.07389
0.02358
-0.01701
-0.04882
-0.07276
-0.08773
-0.09117
-0.08225
-0.06949
-0.0527
-0.0378
-0.02378
-0.01397
-0.01333
-0.01009
-0.00375
0.00334
0.00714
0.00733
0.00546
0.00285
0.00455
0.00506
0.00432
0.00338
0.00236
0.00263
0.00141
0.002
0.00294
0.00362
0.00254
0.00228
0.00283
0.00648
0.00762
0.00607
0.00154
-6.6498E-4
-0.00346
-0.00753
-0.01148
-0.01597
-0.02425
-0.03223
-0.04124
-0.04715
-0.05287
-0.05698
-0.05871
-0.05953
-0.05722
-0.05293
-0.04542
-0.036
-0.02521
-0.01473
-0.00459
0.0059
0.01481
0.0185
0.01987
0.01818
0.0165
0.00975
0.00221
-0.00945
-0.02113
-0.036
-0.04963
-0.06203
-0.07092
-0.07686
-0.07949
-0.0811
-0.07811
-0.07488
-0.06794
-0.06174
-0.05451
-0.04706
-0.0375
-0.0278
-0.01779
-0.01073
-0.00468
-0.00269
-0.00292
-0.00272
-0.00223
0
0.00128
0.00183
0.00161
0.0027
0.00644
0.00945
0.01318
0.01909
0.02332
0.02572
0.0271
0.03035
0.03214
0.0345
0.03484
0.03563
0.03707
0.03938
0.0419
0.04511
0.04996
0.05426
0.05638
0.05859
0.06122
0.06507
0.06651
0.06709
0.06664
0.06502
0.06272
0.06069
0.06085
0.05868
0.0566
0.05242
0.04563
0.03826
0.03258
0.02781
0.02459
0.02181
0.01878
0.01562
0.01422
0.0114
0.00991
0.0081
0.00829
0.00822
0.00802
0.00796
0.01009
0.0089
0.00501
7.85191E-4
-0.00198
-0.00699
-0.01276
-0.01886
-0.02498
-0.03246
-0.03972
-0.04801
-0.05556
-0.06145
-0.06549
-0.07199
-0.0744
-0.07101
-0.06676
-0.06211
-0.05377
-0.04214
-0.03256
-0.01983
-0.00659
0.0046
0.01711
0.03005
0.03957
0.0478
0.05587
0.06214
0.06483
0.06645
0.06714
0.06707
0.06461
0.06529
0.06379
0.06217
0.05911
0.05505
0.04837
0.04172
0.0386
0.03564
0.03267
0.03219
0.03055
0.02773
0.0249
0.02414
0.0223
0.02227
0.02137
0.02033
0.02193
0.02511
0.03032
0.03234
0.03682
0.04054
0.04065
0.04362
0.04698
0.05029
0.05114
0.04883
0.04493
0.04118
0.04025
0.03588
0.03176
0.02916
0.0257
0.02157
0.01903
0.02045
0.02001
0.01854
0.01575
0.01231
0.01073
0.00952
0.00937
0.00807
0.00632
0.00255
-0.00506
-0.01065
-0.01469
-0.01892
-0.02326
-0.02564
-0.02593
-0.02566
-0.02567
-0.02417
-0.0211
-0.01875
-0.01763
-0.01548
-0.01569
-0.01587
-0.01688
-0.02279
-0.03136
-0.04053
-0.0511
-0.06179
-0.07247
-0.07922
-0.08582
-0.09225
-0.09677
-0.10083
-0.10203
-0.09792
-0.09136
-0.08509
-0.07589
-0.06171
-0.05104
-0.04195
-0.0312
-0.02115
-0.01336
-0.00692
-0.00411
-0.00389
-0.00234
-0.00249
-0.00582
-0.00913
-0.01026
-0.0114
-0.01587
-0.01574
-0.01743
-0.01812
-0.01578
-0.01165
-0.0083
-0.00327
0.00306
0.00755
0.00912
0.01133
0.01168
0.01272
0.01429
0.01672
0.01559
0.0179
0.01879
0.0169
0.01297
0.01224
0.01283
0.0119
0.01147
0.0119
0.01226
0.01409
0.0134
0.01125
0.01148
0.01304
0.01102
0.00634
0.00154
-0.00146
-0.00617
-0.01244
-0.01799
-0.02389
-0.02797
-0.03184
-0.0355
-0.03721
-0.03641
-0.03807
-0.04071
-0.04083
-0.04118
-0.04016
-0.04014
-0.0423
-0.04452
-0.04655
-0.04655
-0.0476
-0.04581
-0.04357
-0.04591
-0.04631
-0.04774
-0.04844
-0.04767
-0.04679
-0.04714
-0.04823
-0.04537
-0.0435
-0.04059
-0.03637
-0.033
-0.03191
-0.03106
-0.02808
-0.02887
-0.02813
-0.02694
-0.02868
-0.02819
-0.02733
-0.02672
-0.02938
-0.03009
-0.03224
-0.03688
-0.03888
-0.04082
-0.04354
-0.04463
-0.04572
-0.04783
-0.04951
-0.05038
-0.05279
-0.05361
-0.05293
-0.05108
-0.05075
-0.05028
-0.04947
-0.05046
-0.04987
-0.04747
-0.04423
-0.03796
-0.03188
-0.02665
-0.0208
-0.01174
-0.00104
0.008
0.01806
0.027
0.03613
0.04471
0.05028
0.0522
0.05142
0.04854
0.04162
0.03277
0.02352
0.0136
-2.65866E-4
-0.01817
-0.03652
-0.05601
-0.07125
-0.08684
-0.09959
-0.1096
-0.11884
-0.12605
-0.13283
-0.13622
-0.13592
-0.13391
-0.12334
-0.10454
-0.07498
-0.03509
0.01506
0.07203
0.13829
0.21117
0.29108
0.37886
0.47114
0.56483
0.65335
0.74108
0.82619
0.90104
0.9688
1.02481
1.06824
1.10434
1.13362
1.15776
1.1728
1.18483
1.18845
1.18391
1.17643
1.17146
1.16629
1.16144
1.15661
1.152
1.14907
1.1499
1.14554
1.14041
1.13187
1.12359
1.11399
1.10657
1.10473
1.10579
1.10526
1.10181
1.09693
1.096
1.09662
1.09923
1.10388
1.10839
1.11361
1.11788
1.12149
1.12411
1.12899
1.1315
1.13407
1.13827
1.14446
1.15259
1.15693
1.15761
1.15982
1.16127
1.16499
1.1665
1.16989
1.17234
1.17259
1.17236
1.17299
1.1748
1.17616
1.17619
1.17488
1.17478
1.17734
1.17684
1.17566
1.17455
1.17457
1.17138
1.17008
1.1707
1.17118
1.17015
1.16518
1.15962
1.15927
1.159
1.15953
1.15773
1.15556
1.1493
1.14221
1.13357
1.12951
1.1286
1.12847
1.12533
1.12465
1.12674
1.12888
1.13035
1.13263
1.13673
1.13999
1.14228
1.14389
1.14666
1.14883
1.14611
1.13809
1.13094
1.12756
1.12777
1.12568
1.12692
1.12662
1.12875
1.13024
1.13593
1.1459
1.16023
1.17387
1.18615
1.19981
1.21612
1.23279
1.24805
1.26022
1.2722
1.28004
1.28575
1.29047
1.29288
1.29383
1.29144
1.28695
1.27944
1.27172
1.26185
1.25236
1.24053
1.22707
1.21067
1.19791
1.18706
1.17689
1.16606
1.1582
1.14761
1.13802
1.12828
1.12194
1.11995
1.12064
1.12048
1.11913
1.11789
1.11703
1.11303
1.11175
1.11478
1.11897
1.12233
1.1269
1.13104
1.13491
1.14017
1.14605
1.15277
1.15857
1.16667
1.17269
1.18027
1.18845
1.19543
1.19924
1.19898
1.19768
1.19796
1.19945
1.20259
1.20269
1.20031
1.19456
1.18875
1.17939
1.17519
1.17463
1.17408
1.17177
1.16996
1.17505
1.17834
1.18362
1.18819
1.19181
1.20003
1.20764
1.21255
1.21498
1.21976
1.2206
1.21553
1.21142
1.2089
1.20706
1.2032
1.1996
1.19443
1.19263
1.19383
1.19138
1.19068
1.19168
1.199
1.20238
1.20533
1.20731
1.20679
1.20214
1.19549
1.18651
1.17777
1.16934
1.15807
1.14583
1.13789
1.12977
1.12562
1.11869
1.11723
1.11904
1.12152
1.12771
1.13581
1.14485
1.15148
1.15672
1.16098
1.16496
1.17167
1.17639
1.17897
1.18227
1.18183
1.18121
1.17887
1.17923
1.1791
1.18192
1.1877
1.19383
1.2016
1.21204
1.2231
1.23193
1.23886
1.24619
1.25303
1.25901
1.26192
1.26409
1.26568
1.26348
1.25552
1.24633
1.24124
1.23624
1.23008
1.22085
1.21326
1.20671
1.19866
1.18945
1.18477
1.18092
1.17427
1.16657
1.16178
1.16136
1.16015
1.15801
1.15685
1.15536
1.15644
1.15547
1.15731
1.16297
1.16799
1.17164
1.17524
1.18107
1.18682
1.18891
1.1918
1.1966
1.20151
1.20512
1.20974
1.21534
1.2199
1.22221
1.22404
1.22688
1.23157
1.23418
1.23459
1.23467
1.23865
1.23948
1.23913
1.23917
1.23733
1.23046
1.22268
1.21542
1.20686
1.19919
1.19069
1.17934
1.17102
1.16216
1.15332
1.1454
1.1436
1.13934
1.13228
1.13033
1.12848
1.12649
1.12307
1.11894
1.11596
1.11286
1.11017
1.10322
1.09962
1.09958
1.09625
1.09128
1.08693
1.08609
1.08697
1.09109
1.09461
1.10057
1.11072
1.11657
1.12232
1.12959
1.13871
1.14627
1.14992
1.15245
1.15076
1.14919
1.14787
1.14199
1.1394
1.13701
1.13188
1.12588
1.12543
1.12602
1.12423
1.1247
1.12778
1.13187
1.14118
1.15167
1.1619
1.17234
1.18051
1.18397
1.18751
1.19304
1.19522
1.19471
1.19435
1.19488
1.1942
1.19553
1.19612
1.1958
1.19502
1.19641
1.19779
1.20352
1.20826
1.21302
1.21447
1.21636
1.21452
1.21318
1.21309
1.21312
1.20889
1.20341
1.1949
1.18437
1.16662
1.14661
1.12896
1.11145
1.09672
1.08444
1.07618
1.07459
1.06918
1.05735
1.04359
1.027
1.00793
0.97813
0.94604
0.9094
0.86367
0.80415
0.73588
0.66271
0.58902
0.51438
0.43592
0.35773
0.29217
0.22935
0.17074
0.1172
0.07664
0.04022
0.01341
-0.0051
-0.01549
-0.01495
-0.01119
-0.00945
-0.01017
-0.01287
-0.00949
-0.00946
-0.01153
-0.01469
-0.01718
-0.0227
-0.02806
-0.03495
-0.03969
-0.0424
-0.04251
-0.04494
-0.04213
-0.03686
-0.03049
-0.02623
-0.02188
-0.01325
-0.00647
-8.17086E-4
0.00601
0.01482
0.02349
0.02719
0.02957
0.03104
0.03111
0.03107
0.02758
0.02792
0.02739
0.02682
0.0213
0.01672
0.01337
0.01029
0.00516
0.00128
9.69475E-4
0.00176
-9.34715E-4
-0.00113
-0.0019
-4.18098E-4
-2.86616E-4
7.08504E-4
0.0047
0.0104
0.01768
0.02247
0.02686
0.03173
0.03732
0.0434
0.04845
0.05388
0.05702
0.0568
0.0555
0.05087
0.04568
0.03704
0.03109
0.02378
0.01738
0.0107
0.0026
-0.00349
-0.00878
-0.0107
-0.00906
-0.00447
0.0032
0.00898
0.01555
0.02095
0.02843
0.03417
0.03993
0.04585
0.0499
0.05523
0.05723
0.05767
0.05775
0.05591
0.05485
0.05125
0.04859
0.04449
0.04115
0.03623
0.02936
0.02289
0.01835
0.01565
0.01303
0.00995
0.00828
0.00567
0.00332
0.00113
0.00102
0.00147
0.00309
0.00306
0.00152
0.00102
-0.0022
-0.00732
-0.01224
-0.01738
-0.02197
-0.02707
-0.03155
-0.03661
-0.04449
-0.05168
-0.05863
-0.06213
-0.06443
-0.06301
-0.06118
-0.05704
-0.05271
-0.04972
-0.0463
-0.041
-0.03487
-0.03006
-0.02423
-0.01744
-0.01117
-0.00534
-0.00199
0.00332
0.00932
0.0138
0.01937
0.02329
0.02684
0.03022
0.03354
0.0337
0.03466
0.03388
0.03295
0.02862
0.02707
0.02415
0.02064
0.01678
0.01193
0.00567
0.00195
0.0011
1.30736E-4
-0.00514
-0.00633
-0.00649
-0.00465
-0.00428
-0.00269
-0.00382
-0.00396
-0.00591
-0.01056
-0.01093
-0.00732
-0.00403
-0.00586
-0.00846
-0.00663
-0.00478
-0.00307
-0.00197
0
0.00509
0.00978
0.01508
0.01876
0.02382
0.02834
0.02905
0.02978
0.03527
0.04005
0.04488
0.04662
0.04289
0.03539
0.03128
0.02709
0.02294
0.01747
0.01383
0.00908
0.00635
0.00533
0.00481
0.00853
0.01513
0.02047
0.02744
0.03776
0.05206
0.0634
0.07174
0.07736
0.08229
0.08751
0.09272
0.09623
0.0969
0.09632
0.09103
0.08549
0.08183
0.0781
0.07652
0.07272
0.06755
0.06286
0.06094
0.06304
0.06543
0.06843
0.06884
0.06798
0.06875
0.06826
0.06649
0.0633
0.05988
0.05199
0.04298
0.03459
0.02851
0.02212
0.01354
0.00327
-0.00465
-0.00886
-0.01095
-0.01524
-0.01608
-0.01661
-0.01738
-0.02238
-0.02333
-0.02209
-0.01908
-0.01995
-0.02037
-0.02148
-0.01931
-0.01839
-0.01906
-0.01955
-0.02169
-0.02389
-0.02504
-0.0251
-0.02088
-0.01826
-0.01559
-0.01539
-0.01313
-0.01097
-0.007
-1.56568E-4
0.0034
0.00413
0.0022
0.00235
0.00249
0.00495
0.00633
0.00634
0.00747
0.00797
0.01026
0.0135
0.01902
0.02428
0.02456
0.02701
0.02908
0.0348
0.0415
0.04635
0.04753
0.04896
0.04988
0.0496
0.04895
0.04935
0.04706
0.04168
0.03379
0.02565
0.01725
0.01112
0.00413
-0.00277
-0.01029
-0.01551
-0.02077
-0.02339
-0.02354
-0.02163
-0.02045
-0.0166
-0.01094
-0.00317
0.00607
0.0162
0.02475
0.03419
0.04114
0.04838
0.05468
0.05909
0.06103
0.06131
0.05882
0.05525
0.05015
0.04402
0.03704
0.03155
0.02651
0.02068
0.01517
0.01017
0.00132
-0.00767
-0.01589
-0.02024
-0.02321
-0.02421
-0.02616
-0.02933
-0.02998
-0.02946
-0.03021
-0.027
-0.02121
-0.0143
-0.00844
0.00261
0.01265
0.02463
0.03443
0.04088
0.04534
0.05178
0.05809
0.06019
0.06165
0.06297
0.06001
0.05471
0.04813
0.04529
0.04207
0.0412
0.03898
0.0356
0.03737
0.03823
0.0387
0.03825
0.04149
0.04289
0.04197
0.04148
0.04328
0.04292
0.04175
0.03866
0.0336
0.02867
0.02693
0.02199
0.01792
0.01418
0.01067
0.00416
8.34861E-4
9.00724E-4
-2.53593E-5
0.00182
0.00395
0.00376
0.00283
0.00552
0.0069
0.01017
0.01467
0.02262
0.02951
0.03789
0.04501
0.05176
0.05881
0.06887
0.07506
0.0834
0.09194
0.10301
0.11082
0.12144
0.12947
0.1386
0.14819
0.15804
0.16683
0.17951
0.19156
0.20138
0.2067
0.21248
0.21626
0.22138
0.22417
0.22436
0.22291
0.22026
0.21366
0.20799
0.20247
0.2019
0.19903
0.19824
0.19776
0.20082
0.20778
0.215
0.22507
0.2385
0.25186
0.26781
0.28287
0.30339
0.31953
0.33921
0.35401
0.37021
0.38745
0.40325
0.41599
0.42338
0.42907
0.43078
0.42764
0.42475
0.41785
0.41678
0.41005
0.40386
0.39454
0.38774
0.38419
0.37503
0.36884
0.36329
0.36254
0.36354
0.36362
0.36677
0.37378
0.38546
0.3885
0.39317
0.40281
0.41111
0.41781
0.42136
0.42605
0.42858
0.4323
0.43142
0.42761
0.43162
0.43493
0.43772
0.43771
0.44166
0.44577
0.4475
0.4504
0.45297
0.45309
0.45697
0.45681
0.45607
0.45261
0.45349
0.45013
0.44464
0.43705
0.42671
0.41487
0.40287
0.38586
0.36797
0.35231
0.33913
0.32172
0.30944
0.30022
0.29404
0.28751
0.28332
0.28396
0.28609
0.29506
0.30356
0.31413
0.32791
0.34461
0.35604
0.36644
0.3811
0.39241
0.40108
0.41102
0.42072
0.42445
0.4266
0.42889
0.42617
0.42814
0.428
0.42555
0.42253
0.42349
0.42354
0.42075
0.42397
0.42869
0.43252
0.43746
0.44244
0.45147
0.46263
0.47634
0.48368
0.49022
0.49685
0.50004
0.50155
0.50393
0.50391
0.50083
0.49546
0.48773
0.47706
0.46944
0.46213
0.45197
0.444
0.43703
0.43484
0.43441
0.43948
0.44165
0.44606
0.45175
0.46066
0.46769
0.4775
0.48636
0.49438
0.49439
0.49464
0.48821
0.48666
0.4794
0.4735
0.46036
0.45476
0.44812
0.44138
0.43068
0.42358
0.41578
0.41032
0.40169
0.40033
0.39838
0.40374
0.40162
0.40214
0.40361
0.41277
0.41739
0.42301
0.43059
0.43856
0.44615
0.45378
0.45946
0.4706
0.47966
0.4889
0.49244
0.50242
0.50974
0.51412
0.51611
0.51451
0.51073
0.50438
0.49994
0.49077
0.4824
0.47601
0.46694
0.45557
0.44567
0.43832
0.43136
0.42501
0.4182
0.40804
0.40479
0.40122
0.4009
0.39783
0.40177
0.40592
0.40933
0.41349
0.41857
0.42301
0.4276
0.42982
0.43308
0.43519
0.43784
0.43642
0.4351
0.42984
0.42602
0.42013
0.41575
0.41143
0.40665
0.39959
0.39038
0.38209
0.375
0.36886
0.36913
0.36939
0.37483
0.38152
0.38949
0.40107
0.41149
0.42525
0.43969
0.4548
0.47087
0.48954
0.50524
0.51888
0.53059
0.54306
0.5503
0.55514
0.55898
0.56198
0.56138
0.56062
0.55305
0.54407
0.53515
0.52641
0.51347
0.50168
0.49354
0.48392
0.47137
0.46283
0.45273
0.44674
0.44204
0.43814
0.43554
0.43201
0.43312
0.43264
0.43389
0.43887
0.44499
0.4478
0.44649
0.44704
0.44593
0.44895
0.45155
0.45179
0.45016
0.44863
0.44695
0.44135
0.43657
0.43195
0.42606
0.41697
0.40718
0.40054
0.39504
0.39294
0.3869
0.37803
0.37055
0.36474
0.35936
0.35561
0.35347
0.35027
0.34629
0.33964
0.33727
0.33564
0.33959
0.34078
0.34571
0.35101
0.36027
0.37335
0.38664
0.39925
0.41448
0.42573
0.43767
0.44876
0.46578
0.47816
0.49319
0.50281
0.51208
0.51807
0.5247
0.52674
0.5269
0.52645
0.52904
0.52633
0.52602
0.52784
0.52904
0.5269
0.52365
0.51641
0.51356
0.51139
0.5055
0.49338
0.48245
0.47281
0.46234
0.44881
0.43986
0.43281
0.42992
0.4272
0.42456
0.42877
0.43516
0.43905
0.44064
0.44386
0.45378
0.45879
0.46227
0.46335
0.46292
0.45817
0.45335
0.44471
0.43951
0.43377
0.42166
0.4089
0.39768
0.38573
0.37391
0.36311
0.36134
0.35997
0.36132
0.36359
0.36916
0.37441
0.37945
0.38258
0.38781
0.40054
0.41259
0.42555
0.43608
0.45083
0.46091
0.46663
0.47458
0.47987
0.48584
0.49057
0.49304
0.49223
0.49153
0.48864
0.48075
0.47583
0.47159
0.4669
0.46055
0.45635
0.45377
0.44588
0.44437
0.43926
0.43666
0.4329
0.42937
0.42209
0.4322
0.44318
0.45125
0.45551
0.4621
0.46188
0.45864
0.45287
0.44975
0.44174
0.43525
0.41017
0.38384
0.35946
0.33708
0.29983
0.26277
0.22796
0.19368
0.1608
0.13246
0.1085
0.08627
0.06373
0.04129
0.01949
0.01644
0.01638
0.01501
0.0157
0.01339
0.01274
0.01208
0.01235
0.01316
0.01606
0.02059
0.02349
0.02886
0.03606
0.04444
0.04883
0.05216
0.05522
0.05911
0.06596
0.07044
0.07321
0.0756
0.07667
0.07832
0.07721
0.08294
0.0877
0.09102
0.09327
0.09848
0.10367
0.10849
0.11029
0.11166
0.11135
0.1116
0.10975
0.1074
0.10303
0.09889
0.08761
0.07681
0.06522
0.0528
0.03882
0.02671
0.01486
0.00347
-0.01012
-0.02026
-0.02949
-0.0342
-0.03713
-0.03762
-0.03357
-0.03028
-0.0282
-0.02458
-0.01923
-0.00883
7.32316E-5
0.00835
0.01526
0.02204
0.02758
0.02866
0.02963
0.02922
0.02763
0.02189
0.01729
0.01389
0.01099
0.00912
0.00522
0.00181
7.75874E-4
0.00342
0.00773
0.00883
0.01419
0.0183
0.02262
0.02779
0.03296
0.03536
0.03658
0.03778
0.03598
0.03392
0.03751
0.03934
0.03801
0.03776
0.03787
0.03759
0.03999
0.04198
0.04255
0.0446
0.04894
0.05144
0.05069
0.0491
0.04181
0.03039
0.01802
0.0062
-0.00526
-0.01368
-0.0248
-0.03958
-0.05279
-0.06382
-0.07555
-0.08369
-0.0901
-0.09222
-0.09156
-0.08761
-0.08609
-0.0801
-0.07136
-0.06421
-0.05729
-0.04527
-0.03164
-0.01832
-0.0052
0.00739
0.02018
0.03384
0.04336
0.05272
0.0641
0.07684
0.08699
0.09556
0.10455
0.11142
0.11581
0.11742
0.11864
0.11992
0.11937
0.11578
0.11069
0.10611
0.10142
0.09556
0.08957
0.08319
0.0758
0.06736
0.0582
0.05088
0.04292
0.03685
0.03023
0.02325
0.01553
0.00808
0.00466
0.00266
4.95055E-4
3.66718E-4
-0.00129
-5.88127E-4
0.0024
0.00523
0.0074
0.00964
0.01045
0.00771
0.00606
0.0058
0.00756
0.00761
0.00537
3.99645E-4
-0.00325
-0.0056
-0.00646
-0.0093
-0.01011
-0.01122
-0.00833
-0.00832
-0.00434
0.00102
0.00673
0.00864
0.0104
0.01433
0.01932
0.02186
0.02535
0.02368
0.02275
0.02138
0.01853
0.01308
0.01149
0.00925
0.00645
0.0044
0.00723
0.00739
0.00666
0.0089
0.00863
0.00947
0.01265
0.01483
0.01637
0.01739
0.01958
0.01764
0.0171
0.01734
0.01664
0.0134
0.01086
0.0095
0.00917
0.01079
0.00906
0.00692
0.0043
0.00235
9.57269E-4
9.14648E-5
0.00291
0.00318
0.00164
-0.0016
-0.00237
8.17098E-5
0.00197
0.00563
0.00931
0.01411
0.01825
0.02273
0.02668
0.03191
0.03543
0.03519
0.03597
0.03602
0.03749
0.03275
0.02642
0.01814
0.00735
-0.00162
-0.01217
-0.02065
-0.02866
-0.03571
-0.04187
-0.04964
-0.05199
-0.05524
-0.05561
-0.05585
-0.05275
-0.04741
-0.04154
-0.03513
-0.02941
-0.02099
-0.01166
-8.76928E-4
0.01151
0.01943
0.02966
0.03884
0.04726
0.05559
0.06439
0.07397
0.0799
0.08383
0.0859
0.08553
0.08775
0.0862
0.08128
0.0761
0.07379
0.06904
0.05951
0.05425
0.0479
0.03903
0.02929
0.02055
0.01565
0.01219
0.00886
5.07263E-5
-0.00668
-0.01053
-0.01624
-0.02152
-0.02234
-0.01782
-0.01636
-0.01491
-0.01241
-0.00712
1.09621E-4
0.00553
0.01058
0.01658
0.02634
0.03385
0.03958
0.04536
0.05062
0.05534
0.05641
0.05722
0.06075
0.06449
0.06208
0.05619
0.05367
0.04937
0.04556
0.03918
0.03363
0.02899
0.02481
0.01875
0.01155
0.00859
0.00695
-5.21799E-4
-0.00566
-0.00747
-0.00536
-0.00707
-0.00888
-0.01013
-0.00778
-0.00279
4.90959E-4
0.00338
0.00967
0.01694
0.02243
0.02666
0.03582
0.04285
0.04893
0.05006
0.05188
0.05623
0.05948
0.05897
0.05595
0.05302
0.04751
0.03854
0.03154
0.02454
0.01878
0.0095
-0.00132
-0.00885
-0.01161
-0.01537
-0.01984
-0.02269
-0.02298
-0.02428
-0.02474
-0.02067
-0.01491
-0.00996
-0.00756
-0.00587
-0.00127
0.00503
0.01
0.01229
0.0158
0.01938
0.02216
0.02368
0.02841
0.03325
0.03555
0.03418
0.02919
0.02476
0.0205
0.01701
0.01531
0.01011
0.00592
-0.00146
-0.01134
-0.02062
-0.02752
-0.03345
-0.03849
-0.04396
-0.04929
-0.05466
-0.05783
-0.06155
-0.06807
-0.07318
-0.07641
-0.08024
-0.08252
-0.08206
-0.08032
-0.07879
-0.07829
-0.07693
-0.07286
-0.06403
-0.05392
-0.04362
-0.03055
-0.01674
-0.00696
0.00347
0.01255
0.02256
0.03009
0.03265
0.03368
0.03541
0.03527
0.03022
0.02469
0.02027
0.01304
0.00565
-0.00341
-0.0102
-0.01344
-0.01422
-0.01655
-0.01829
-0.01768
-0.01745
-0.01752
-0.01521
-0.01074
-0.00647
-0.00466
-0.00193
-5.84252E-4
0.0021
0.00398
0.00479
0.00702
0.00918
0.01277
0.01675
0.01981
0.02154
0.01977
0.02009
0.01932
0.02026
0.02344
0.02635
0.03177
0.03352
0.03289
0.03203
0.03323
0.03543
0.03785
0.04228
0.04629
0.0517
0.05366
0.05571
0.05908
0.06327
0.06516
0.06585
0.06881
0.07185
0.07382
0.07554
0.07282
0.06819
0.0633
0.05861
0.04979
0.04479
0.04396
0.04125
0.03411
0.02873
0.02177
0.02106
0.02235
0.02183
0.02278
0.03051
0.04382
0.05316
0.06307
0.07853
0.09154
0.10067
0.10831
0.11884
0.12955
0.1395
0.14252
0.14133
0.14027
0.13729
0.13013
0.11832
0.11359
0.10745
0.10114
0.09679
0.09346
0.09311
0.08997
0.08794
0.08919
0.09096
0.09646
0.10125
0.10688
0.1113
0.11486
0.11391
0.11531
0.11798
0.11673
0.11244
0.10687
0.10667
0.10491
0.10198
0.09987
0.09647
0.09674
0.09461
0.09275
0.09381
0.10033
0.10565
0.10693
0.11128
0.11706
0.12393
0.12783
0.13054
0.13165
0.13388
0.13703
0.13655
0.13828
0.14113
0.14284
0.13732
0.13029
0.12648
0.12355
0.12255
0.11897
0.11286
0.10696
0.10085
0.0945
0.08693
0.08319
0.07786
0.07397
0.07036
0.06766
0.06492
0.06354
0.0624
0.06336
0.06665
0.07147
0.0769
0.08555
0.09168
0.09687
0.10224
0.11415
0.12532
0.13416
0.14464
0.15532
0.16538
0.17585
0.1815
0.18651
0.19249
0.19823
0.203
0.2104
0.21775
0.22344
0.21882
0.21056
0.20279
0.19671
0.19456
0.19007
0.18413
0.1754
0.16543
0.1578
0.14973
0.14376
0.13743
0.13484
0.13322
0.1352
0.13937
0.14312
0.14748
0.14926
0.15148
0.15383
0.1621
0.17267
0.17711
0.17993
0.17855
0.1797
0.17936
0.17684
0.175
0.17205
0.16762
0.16442
0.16098
0.15761
0.15449
0.15027
0.1438
0.14046
0.13768
0.138
0.13378
0.13129
0.1279
0.12625
0.12739
0.13307
0.13459
0.13418
0.13403
0.1348
0.1349
0.13858
0.14107
0.14111
0.13909
0.1391
0.13437
0.12971
0.12621
0.12188
0.11641
0.10793
0.10205
0.09755
0.09491
0.0916
0.0859
0.08499
0.09028
0.09609
0.10131
0.10837
0.11951
0.12835
0.13542
0.14294
0.1546
0.16367
0.16952
0.17344
0.17742
0.1819
0.18265
0.18049
0.17912
0.17841
0.17458
0.16798
0.16528
0.1633
0.15803
0.15311
0.15133
0.15077
0.14785
0.1444
0.1407
0.13909
0.1381
0.13328
0.12975
0.12962
0.12744
0.12256
0.12109
0.12225
0.12187
0.12276
0.12511
0.12913
0.13453
0.13916
0.14283
0.14817
0.15408
0.15994
0.1691
0.18105
0.19382
0.20403
0.21277
0.22376
0.23116
0.23768
0.24248
0.2453
0.24502
0.24287
0.23918
0.23369
0.22388
0.21265
0.19952
0.18299
0.16858
0.1557
0.14425
0.13172
0.11869
0.10878
0.1005
0.09825
0.09675
0.09653
0.10272
0.10932
0.11612
0.12291
0.13667
0.14896
0.1608
0.17037
0.17862
0.18828
0.19709
0.20625
0.21293
0.21966
0.22507
0.22565
0.22602
0.22316
0.22228
0.21833
0.21113
0.20218
0.1933
0.18673
0.17957
0.17332
0.16769
0.16645
0.16521
0.16281
0.16228
0.16702
0.17524
0.18061
0.18757
0.1961
0.20593
0.21394
0.22334
0.23457
0.24211
0.25155
0.2546
0.25468
0.25803
0.25955
0.25991
0.25638
0.25248
0.24175
0.23162
0.22372
0.21304
0.20457
0.19411
0.18438
0.17106
0.15795
0.14952
0.1409
0.13353
0.12191
0.11163
0.10419
0.09774
0.09347
0.0889
0.08813
0.08496
0.07958
0.0759
0.07339
0.07267
0.0792
0.09528
0.1145
0.13521
0.15378
0.17341
0.19406
0.21314
0.23154
0.25027
0.2702
0.28428
0.28723
0.28816
0.2885
0.27999
0.25744
0.2326
0.20783
0.18454
0.16063
0.13874
0.11766
0.09817
0.08095
0.06487
0.06208
0.07026
0.07996
0.09314
0.10712
0.12174
0.13403
0.14562
0.15471
0.15907
0.16265
0.15991
0.15476
0.14772
0.13892
0.12112
0.1041
0.08843
0.07107
0.05291
0.03777
0.0213
0.00491
-0.00692
-0.01266
-0.02058
-0.02074
-0.02087
-0.0222
-0.02444
-0.02068
-0.01603
-0.01183
-0.00768
-0.00484
-0.00377
0.00258
0.01124
0.01894
0.02382
0.02974
0.03243
0.03533
0.04008
0.04482
0.04833
0.0507
0.05077
0.04953
0.05037
0.05313
0.05289
0.05144
0.04627
0.0412
0.03826
0.03556
0.03075
0.0239
0.01777
0.0094
3.10399E-4
-0.00596
-0.01045
-0.01529
-0.02212
-0.02701
-0.03078
-0.02983
-0.02704
-0.02602
-0.02391
-0.02009
-0.01449
-0.01108
-0.00593
0.00135
0.00827
0.01362
0.01766
0.0237
0.02848
0.03188
0.03244
0.03018
0.02934
0.0307
0.03318
0.03309
0.03557
0.03608
0.03399
0.02995
0.02622
0.02319
0.02126
0.01882
0.01251
0.00581
0.00273
-0.00214
-0.00891
-0.01726
-0.02273
-0.02845
-0.03045
-0.03301
-0.03346
-0.03332
-0.0338
-0.03812
-0.03899
-0.03583
-0.02908
-0.02444
-0.01969
-0.01575
-0.01084
-0.00738
-0.00342
-3.50004E-4
0.00479
0.00704
0.01058
0.01287
0.01924
0.02336
0.02702
0.02826
0.02847
0.02831
0.02635
0.02313
0.01826
0.01195
0.00331
-0.00889
-0.01875
-0.02958
-0.03813
-0.04743
-0.05602
-0.06233
-0.06729
-0.06914
-0.07048
-0.07014
-0.06881
-0.06763
-0.06631
-0.06535
-0.06266
-0.05947
-0.05816
-0.05779
-0.05935
-0.0589
-0.05828
-0.05956
-0.06198
-0.06173
-0.06094
-0.0596
-0.05286
-0.04565
-0.03624
-0.02627
-0.01903
-0.01071
-0.00151
0.00958
0.01549
0.02067
0.02755
0.02964
0.03032
0.03209
0.03619
0.03667
0.03538
0.03748
0.03972
0.04547
0.05014
0.05521
0.05815
0.06397
0.06798
0.06899
0.07251
0.07711
0.07668
0.07323
0.0683
0.06624
0.06075
0.05683
0.0506
0.04175
0.03409
0.02835
0.02243
0.01733
0.01498
0.01514
0.01228
0.01091
0.00661
0.00377
0.0035
4.86304E-4
-0.00348
-0.00871
-0.00807
-0.00895
-0.0136
-0.01772
-0.02048
-0.01978
-0.01856
-0.0184
-0.01375
-0.00834
-0.00114
9.63621E-4
0.00645
0.01244
0.02086
0.02632
0.03055
0.03658
0.04448
0.0478
0.05015
0.05122
0.05456
0.05375
0.05632
0.05704
0.05682
0.05652
0.05495
0.05143
0.05042
0.04848
0.04724
0.04015
0.03718
0.03279
0.02614
0.0216
0.01762
0.01474
0.01076
0.0097
0.00846
0.00706
0.0118
0.01272
0.01214
0.01411
0.01937
0.02356
0.02462
0.02843
0.02918
0.02899
0.02723
0.02466
0.02246
0.02117
0.01989
0.0132
0.00754
0.00531
5.8797E-4
-0.00434
-0.00803
-0.01245
-0.01838
-0.02356
-0.02544
-0.02657
-0.02615
-0.0243
-0.02649
-0.02861
-0.02828
-0.02761
-0.0256
-0.02387
-0.02198
-0.02145
-0.01969
-0.01706
-0.01418
-0.01255
-0.01233
-0.01451
-0.01889
-0.02157
-0.02501
-0.03032
-0.03631
-0.04208
-0.04473
-0.04885
-0.05284
-0.05482
-0.05505
-0.05736
-0.06055
-0.06304
-0.06253
-0.06032
-0.05796
-0.05517
-0.04962
-0.04164
-0.03388
-0.0286
-0.02006
-0.01002
2.02477E-4
0.00949
0.02023
0.03231
0.04546
0.05814
0.06833
0.07741
0.08715
0.09403
0.10003
0.10453
0.10925
0.11198
0.11133
0.10833
0.1045
0.10384
0.10325
0.10053
0.09947
0.09978
0.10157
0.10257
0.10581
0.11164
0.11935
0.12673
0.13222
0.1377
0.14401
0.14907
0.15194
0.15358
0.15511
0.15252
0.14945
0.14529
0.14029
0.13438
0.12561
0.11719
0.10737
0.10006
0.09331
0.0884
0.08523
0.0795
0.07306
0.06759
0.06422
0.06235
0.06053
0.06289
0.06219
0.06263
0.06103
0.06105
0.06156
0.06288
0.06458
0.06537
0.06871
0.07323
0.07725
0.08275
0.0871
0.09435
0.09781
0.10379
0.11116
0.11692
0.12158
0.12468
0.1293
0.13022
0.12957
0.12669
0.12118
0.1166
0.11065
0.10388
0.09726
0.09331
0.08987
0.08582
0.08602
0.08804
0.09057
0.09195
0.09634
0.10178
0.10716
0.1152
0.12195
0.13006
0.13575
0.13731
0.13806
0.13752
0.13492
0.12966
0.1249
0.11977
0.11345
0.10473
0.09447
0.08551
0.07755
0.06871
0.05973
0.05434
0.0492
0.04124
0.03454
0.0264
0.02021
0.01348
0.00735
0.00277
0.00239
0.00542
0.00868
0.01298
0.02179
0.02946
0.03761
0.04821
0.05984
0.07038
0.08262
0.08253
0.07974
0.07701
0.0763
0.07235
0.06848
0.0646
0.05878
0.04953
0.03957
0.02826
0.0158
0.0042
-0.00787
-0.02306
-0.02744
-0.03011
-0.03355
-0.03887
-0.04486
-0.05062
-0.05328
-0.0574
-0.06139
-0.06337
-0.06361
-0.0659
-0.0691
-0.07159
-0.07107
-0.06887
-0.06651
-0.06372
-0.05817
-0.05018
-0.04242
-0.03714
-0.02859
-0.01856
-0.00834
9.50341E-4
0.01169
0.02377
0.03692
0.04959
0.05978
0.06886
0.0786
0.08548
0.09148
0.09598
0.1007
0.10342
0.10278
0.09978
0.09594
0.09529
0.0947
0.09198
0.09092
0.09123
0.09302
0.09402
0.09726
0.10309
0.1108
0.11818
0.12367
0.12915
0.13547
0.14052
0.1434
0.14503
0.14656
0.14396
0.1409
0.13675
0.13174
0.12583
0.11705
0.10864
0.09881
0.0915
0.08476
0.07985
0.07669
0.07095
0.06452
0.05904
0.05568
0.0538
0.05198
0.05434
0.05363
0.05408
0.05248
0.05249
0.053
0.05432
0.05602
0.05681
0.06015
0.06466
0.06869
0.07419
0.07854
0.08578
0.08925
0.09523
0.1026
0.10836
0.11303
0.11611
0.12074
0.12165
0.121
0.11812
0.11261
0.10803
0.10209
0.09531
0.08869
0.08474
0.08129
0.07724
0.07744
0.07946
0.08198
0.08336
0.08775
0.09319
0.09858
0.10663
0.11338
0.12149
0.12718
0.12874
0.12949
0.12895
0.12633
0.12107
0.11631
0.11117
0.10485
0.09614
0.08588
0.07692
0.06896
0.06011
0.05114
0.04574
0.04059
0.03264
0.02595
0.01782
0.01164
0.00491
-0.0012
-0.00576
-0.00615
-0.00311
1.5642E-4
0.00446
0.01327
0.02096
0.02911
0.03973
0.05135
0.0619
0.07413
0.08467
0.09364
0.10295
0.10986
0.11262
0.1165
0.12106
0.12408
0.12342
0.12401
0.12231
0.1149
0.11019
0.10535
0.09942
0.09359
0.08579
0.07841
0.0721
0.06847
0.06235
0.05667
0.05264
0.04961
0.04626
0.04624
0.05208
0.05693
0.06282
0.07137
0.08081
0.09444
0.10843
0.12408
0.13749
0.14998
0.16414
0.1758
0.18854
0.19974
0.20698
0.21126
0.2153
0.21615
0.21647
0.21632
0.21577
0.19468
0.17262
0.15392
0.13902
0.12453
0.11009
0.09321
0.07767
0.06411
0.05261
0.04053
0.0284
0.01683
0.1149
0.11019
0.10535
0.09942
0.09359
0.08579
0.07841
0.0721
0.06847
0.06235
0.05667
0.05264
0.04961
0.04626
0.04624
0.05208
0.05693
0.06282
0.07137
0.08081
0.09444
0.09614
0.08588
0.07692
0.06896
0.06011
0.05114
0.04574
0.04059
0.03264
0.02595
0.09614
0.08588
0.07692
0.06896
0.06011
0.05114
0.04574
0.04059
0.03264
0.02595
0.09319
0.09858
0.10663
0.11338
0.12149
0.12718
0.12874
0.12949
0.12895
0.12633
0.12107
0.11631
0.11117
0.09319
0.09858
0.10663
0.11338
0.12149
0.12718
0.12874
0.12949
0.12895
0.12633
0.12107
0.11631
0.11117
0.10485
0.09614
0.08588
0.09319
0.09858
0.10663
0.11338
0.12149
0.12718
0.12874
0.12949
0.12895
0.12633
0.12107
0.11631
0.11117
0.10485
0.09614
0.08588
0.07692
0.06896
0.06011
0.05114
0.08476
0.07985
0.07669
0.07095
0.06452
0.05904
0.05568
0.0538
0.05198
0.05434
0.05363
0.05408
0.05248
0.05249
0.053
0.05432
0.05602
0.05681
0.06015
0.06466
0.06869
0.07419
0.07854
0.08578
0.08476
0.07985
0.07669
0.07095
0.06452
0.05904
0.05568
0.0538
0.05198
0.05434
0.05363
0.05408
0.05248
0.05249
0.053
0.05432
0.05602
0.05681
0.06015
0.06466
0.06869
0.07419
0.07854
0.08578
0.08925
0.09523
0.1026
0.10836
0.11303
0.11611
0.00393
-0.0117
-0.00993
-0.00674
-0.00787
-0.01211
-0.01752
-0.02323
-0.02844
-0.03255
-0.03796
-0.04442
-0.05114
-0.05416
-0.05862
-0.06139
-0.06423
-0.06514
-0.06316
-0.05831
-0.05243
-0.04615
-0.0382
-0.02897
-0.01962
-0.00951
-0.00105
0.00785
0.01418
0.01629
0.01568
0.01752
0.0175
0.01244
0.0066
-0.00115
-0.01105
-0.01962
-0.02723
-0.0371
-0.04778
-0.05402
-0.06054
-0.0676
-0.06857
-0.06818
-0.06927
-0.06903
-0.06518
-0.06157
-0.05551
-0.04535
-0.03719
-0.03357
-0.02627
-0.01952
-0.01328
-0.00655
0.00336
0.00975
0.01583
0.02286
0.02804
0.03063
0.03496
0.03578
0.0307
0.02264
0.01808
0.0086
-0.00238
-0.01401
-0.02489
-0.03731
-0.04548
-0.05344
-0.06155
-0.06528
-0.0682
-0.07187
-0.07268
-0.06762
-0.06092
-0.0564
-0.05131
-0.04803
-0.04553
-0.04258
-0.03977
-0.03964
-0.04052
-0.04189
-0.04674
-0.05121
-0.05652
-0.05932
-0.06481
-0.06838
-0.06998
-0.0703
-0.06624
-0.06365
-0.06046
-0.05711
-0.05384
-0.04854
-0.04345
-0.0372
-0.03243
-0.02653
-0.02372
-0.02167
-0.01743
-0.01502
-0.01301
-0.01262
-0.01087
-0.01083
-0.01169
-0.01137
-0.01297
-0.01302
-0.01214
-0.01057
-0.00828
-0.00543
3.25613E-4
0.00513
0.00955
0.0159
0.02493
0.03308
0.04056
0.04832
0.05195
0.05593
0.0589
0.06052
0.05888
0.05625
0.05242
0.04198
0.02995
0.02015
0.00823
-0.0016
-0.0107
-0.01962
-0.0297
-0.0376
-0.04475
-0.05244
-0.05797
-0.05956
-0.06157
-0.06326
-0.06253
-0.0625
-0.06257
-0.06012
-0.05823
-0.05415
-0.04998
-0.04261
-0.03542
-0.02959
-0.02361
-0.01977
-0.01687
-0.01411
-0.01093
-0.00646
-0.00239
0.0021
0.00572
0.00728
0.00869
0.01118
0.01117
0.01308
0.0159
0.01787
0.02174
0.0228
0.02201
0.01822
0.01425
0.01101
0.00677
0.00346
-0.00196
-0.00838
-0.0157
-0.02397
-0.03251
-0.03765
-0.04123
-0.0451
-0.04676
-0.04591
-0.04222
-0.03801
-0.03563
-0.03107
-0.02926
-0.02529
-0.0218
-0.01724
-0.01162
-0.00812
-0.00753
-0.00795
-0.00811
-0.00288
8.16613E-4
0.00658
0.01183
0.01394
0.0127
0.01263
0.01118
0.01097
0.01043
0.01014
0.00966
0.00707
0.00546
0.00369
8.90846E-4
-7.20178E-4
-0.00673
-0.01099
-0.01311
-0.0162
-0.02215
-0.0289
-0.03554
-0.04344
-0.05354
-0.06106
-0.06462
-0.06577
-0.06803
-0.07076
-0.07237
-0.07024
-0.06833
-0.0648
-0.05949
-0.04908
-0.03802
-0.0296
-0.02188
-0.01106
-0.00208
0.00581
0.01134
0.01501
0.01573
0.01347
0.00653
-0.00425
-0.01437
-0.02336
-0.03554
-0.04724
-0.05716
-0.06354
-0.06994
-0.07565
-0.08127
-0.08551
-0.08395
-0.08194
-0.07926
-0.07146
-0.06235
-0.05362
-0.04654
-0.03772
-0.02756
-0.01672
-0.00506
0.00484
0.01429
0.02186
0.02736
0.03025
0.03264
0.03313
0.03171
0.03007
0.02742
0.0222
0.01785
0.01152
0.00464
-0.00375
-0.01098
-0.0171
-0.01783
-0.01676
-0.01486
-0.0103
-0.00658
-0.00526
-0.00714
-0.00969
-0.00969
-0.01083
-0.00898
-0.0065
-0.00562
-0.0025
-0.00189
-0.0045
-0.00669
-0.01101
-0.01517
-0.01511
-0.01336
-0.00836
-0.00235
0.00379
0.00724
0.01039
0.01291
0.01202
0.01096
0.00911
0.00495
-0.00178
-0.01109
-0.02378
-0.03724
-0.04942
-0.06014
-0.07101
-0.08147
-0.08907
-0.09809
-0.10452
-0.10987
-0.11436
-0.11494
-0.11252
-0.10899
-0.10201
-0.09213
-0.07996
-0.06887
-0.05643
-0.04452
-0.03103
-0.01851
-0.00674
3.21365E-5
0.00839
0.01007
0.01006
0.00956
0.0068
0.00259
-0.00291
-0.01005
-0.01698
-0.02659
-0.03392
-0.04107
-0.04668
-0.05088
-0.05505
-0.05656
-0.05536
-0.05357
-0.0544
-0.05217
-0.04703
-0.04127
-0.03802
-0.03164
-0.02622
-0.02181
-0.018
-0.01289
-0.01314
-0.01079
-0.0103
-0.0084
-0.00804
-0.00551
-0.00515
-0.00652
-0.0069
-0.00585
-0.00946
-0.0091
-0.00675
-0.00702
-0.01033
-0.00709
-0.00381
-9.64113E-4
0.00258
0.00497
0.00626
0.00741
0.00873
0.00789
0.00703
0.0091
0.00877
0.00805
0.0088
0.00844
0.00865
0.00455
0.00174
-0.00128
-0.00414
-0.00565
-0.00855
-0.01526
-0.02502
-0.03583
-0.04498
-0.05666
-0.0669
-0.07744
-0.08633
-0.09636
-0.10309
-0.11061
-0.11742
-0.12006
-0.12208
-0.12315
-0.1195
-0.11294
-0.10423
-0.09635
-0.08401
-0.07651
-0.06747
-0.05815
-0.05042
-0.04206
-0.03327
-0.02453
-0.01791
-0.0115
-0.00594
-0.00149
0.00456
0.00685
0.00805
0.00679
0.00704
0.00366
-7.3412E-5
-0.00217
-0.0061
-0.01002
-0.01807
-0.02581
-0.03254
-0.03753
-0.0431
-0.05048
-0.05156
-0.05473
-0.05864
-0.06061
-0.06086
-0.06081
-0.06284
-0.06361
-0.0637
-0.06108
-0.05811
-0.05951
-0.05986
-0.05791
-0.05607
-0.05773
-0.05715
-0.05431
-0.05162
-0.04969
-0.04772
-0.04505
-0.04269
-0.04091
-0.03862
-0.03678
-0.03373
-0.03093
-0.03064
-0.02895
-0.0273
-0.02722
-0.02728
-0.02628
-0.02441
-0.02208
-0.01941
-0.01925
-0.0179
-0.01382
-0.01254
-0.00394