0
1.637
2.243
2.869
5.232
6.559
7.922
9.097
10.413
11.579
12.851
14.224
15.369
16.697
17.878
19.141
20.282
21.43
22.686
23.835
25.138
26.308
27.582
28.725
30.045
31.2
32.514
33.634
35.054
36.33
37.482
38.661
39.864
41.046
42.342
43.516
44.791
45.967
47.264
48.434
49.706
50.888
52.178
53.362
54.632
55.795
57.085
58.237
59.543
60.677
61.813
63.062
64.206
65.518
66.727
67.974
69.128
70.267
71.524
72.719
73.984
75.104
76.209
77.341
78.58
79.71
80.829
81.964
83.186
84.324
85.471
86.74
87.89
89.179
90.314
91.433
92.709
93.85
95.186
96.316
97.439
98.717
99.867
101.163
102.32
103.451
104.7
105.858
106.985
108.238
109.359
110.479
111.588
112.856
114.029
115.13
116.362
117.474
118.688
119.902
121.045
122.171
123.433
124.808
125.951
127.109
128.354
129.485
130.641
131.885
133.024
134.176
135.411
136.555
137.693
138.95
140.1
141.237
142.477
143.636
144.758
146.032
147.183
148.468
149.631
150.936
152.309
153.75
155.45
156.823
158.161
159.549
160.748
161.983
163.216
164.461
165.663
166.895
168.135
169.679
171.067
172.437
173.826
175.189
176.438
177.802
179.038
180.421
181.635
182.882
184.105
185.333
186.565
188.132
189.476
190.697
191.959
193.333
194.714
196.094
197.903
199.176
200.561
201.939
203.33
204.71
205.901
207.165
208.541
209.924
211.288
212.672
213.882
215.161
216.519
217.897
219.097
220.352
221.747
223.119
224.313
225.574
226.818
228.053
229.257
230.506
231.733
232.956
234.349
235.572
236.795
238.191
239.554
240.778
242.041
243.399
244.788
246.002
247.24
248.453
249.707
250.911
252.179
253.576
254.932
256.313
257.691
259.066
260.466
261.836
263.213
264.409
265.685
267.046
268.258
269.526
270.915
272.125
273.519
275.057
276.415
277.639
278.898
280.11
281.341
282.722
284.21
285.585
287.209
288.679
290.084
291.327
292.704
293.888
295.172
296.37
297.638
299.018
300.392
301.61
302.875
304.243
305.435
306.694
307.926
309.157
310.371
311.592
312.997
314.191
315.471
316.952
318.199
319.656
320.997
322.345
323.54
324.829
326.194
327.594
328.81
330.086
331.424
332.618
333.891
335.27
336.656
338.01
339.233
340.473
341.662
342.954
344.179
345.41
346.792
348.008
349.245
350.46
351.997
353.38
354.567
355.841
357.228
358.599
360.002
361.194
362.455
363.657
364.908
366.297
367.502
368.743
369.97
371.192
372.419
373.653
374.84
376.107
377.322
378.578
379.781
381.336
382.722
384.432
385.802
387.188
388.386
389.637
391.032
392.23
393.464
394.701
395.934
397.301
398.53
399.903
401.231
402.547
403.918
405.131
406.371
407.583
408.822
410.044
411.301
412.668
413.915
415.131
416.51
417.887
419.295
420.65
421.864
423.115
424.514
426.025
427.407
428.97
430.658
432.044
433.266
434.492
435.859
437.241
438.454
439.723
441.088
442.273
443.547
444.769
446.021
447.384
448.582
449.912
451.239
452.458
453.688
454.891
456.16
457.545
458.74
460.033
461.36
462.557
463.819
465.011
466.288
467.523
468.743
470.139
471.513
472.704
473.959
475.341
476.728
478.111
479.806
481.196
482.582
483.722
484.873
486.097
487.229
488.402
489.642
490.792
492.106
493.246
494.541
495.679
496.867
498.077
499.22
500.394
501.607
502.76
503.89
505.133
506.315
507.612
508.766
510.051
511.199
512.523
513.731
514.98
516.11
517.26
518.503
519.656
520.962
522.1
523.25
524.514
525.643
526.809
528.034
529.17
530.311
531.577
532.768
534.034
535.258
536.472
537.633
538.784
540.026
541.199
542.792
543.99
545.238
546.379
547.518
548.784
549.937
551.236
552.403
553.682
554.847
556.134
557.303
558.607
559.755
561.074
562.22
563.348
564.58
565.732
566.887
568.132
569.305
570.593
571.784
573.172
574.44
575.584
576.878
578.057
579.325
580.499
581.792
582.957
584.246
585.396
586.545
587.797
588.951
590.24
591.435
592.715
593.891
595.169
596.538
597.731
599.379
601.071
602.987
604.669
606.393
608.048
609.751
611.581
613.205
614.819
616.551
618.269
619.928
621.574
623.269
624.986
626.661
628.351
630.144
631.824
633.421
635.087
637.106
638.798
640.303
641.868
643.58
645.239
646.619
648
649.175
650.471
651.646
652.919
654.058
655.392
656.768
657.943
659.199
660.38
661.655
662.828
664.132
665.319
666.596
667.76
669.055
670.241
671.496
672.646
673.969
675.137
676.415
677.585
678.889
680.051
681.342
682.492
683.79
684.945
686.237
687.393
688.551
689.793
690.943
692.222
693.388
694.695
695.866
697.141
698.297
699.604
700.804
702.061
703.23
704.54
705.917
707.136
708.398
709.809
711.145
712.504
713.752
715.008
716.665
718.363
720.026
721.714
723.482
725.144
726.877
728.565
730.482
731.99
733.546
735.063
736.638
738.136
739.776
741.404
742.832
744.471
746.162
747.634
749.549
751.229
752.923
754.708
756.608
758.311
759.654
761.365
763.097
764.74
766.47
768.178
770.109
771.942
773.615
775.248
776.887
778.601
780.265
781.773
783.315
784.842
786.417
787.777
789.276
791.009
792.551
794.038
795.632
796.985
798.682
800.078
801.54
803.129
804.625
806.209
807.913
809.586
811.06
812.506
814.102
815.724
817.425
818.924
820.493
821.985
823.56
825.096
826.644
828.13
829.709
832.426
834.932
837.004
838.718
841.347
843.532
844.956
846.401
847.995
849.423
851.075
852.76
855.047
857.059
859.114
861.058
863.344
865.429
867.331
868.767
870.406
872.114
873.848
875.496
877.236
878.858
880.291
881.953
883.407
885.018
886.531
888.102
889.781
891.465
893.149
894.622
896.274
897.908
899.406
901.293
902.968
904.526
906.049
907.56
909.124
910.57
911.937
913.59
915.084
916.973
918.646
920.438
922.128
924.03
925.728
927.393
929.101
930.792
932.467
933.844
935.552
936.95
938.32
939.72
941.203
942.775
944.236
945.844
947.378
948.973
950.424
951.992
953.675
955.164
956.736
958.437
960.112
961.818
963.517
965.225
966.872
968.388
969.96
971.653
973.349
975.027
976.716
978.41
980.103
981.838
983.474
985.167
986.672
988.042
989.626
991.313
992.747
994.115
995.766
997.463
999.153
1000.581
1002.224
1003.891
1005.598
1007.267
1008.671
1010.36
1011.859
1013.414
1014.901
1016.487
1017.974
1019.621
1021.243
1022.943
1024.629
1026.317
1027.791
1029.474
1031.096
1032.789
1034.253
1035.949
1037.681
1039.219
1040.632
1041.768
1043.07
1044.257
1045.534
1046.73
1047.986
1049.127
1050.755
1052.284
1053.828
1055.51
1057.21
1058.633
1060.11
1061.7
1063.354
1065.048
1066.715
1068.429
1070.11
1071.518
1073.162
1074.859
1076.553
1078.236
1079.92
1081.421
1083.051
1084.694
1086.688
1088.396
1089.884
1091.463
1092.918
1094.543
1095.995
1097.618
1098.973
1100.684
1102.136
1103.746
1105.44
1107.128
1108.915
1110.495
1112.2
1113.87
1115.588
1117.261
1118.94
1120.651
1122.34
1124.035
1125.693
1127.402
1129.078
1130.786
1132.263
1133.85
1135.547
1137.233
1138.926
1140.609
1142.305
1144.006
1145.713
1147.43
1149.054
1150.753
1152.447
1154.125
1155.83
1157.623
1159.512
1161.2
1162.888
1164.572
1166.265
1167.937
1169.473
1171.057
1172.726
1174.424
1176.087
1177.593
1179.159
1180.852
1182.546
1184.245
1185.922
1187.473
1188.999
1190.673
1192.368
1194.054
1195.743
1197.27
1199.125
1200.813
1202.538
1204.308
1205.883
1207.574
1209.276
1210.959
1212.638
1214.332
1216.015
1217.708
1219.413
1221.096
1222.797
1224.462
1226.193
1227.852
1229.559
1231.249
1232.922
1234.599
1236.374
1238.026
1239.676
1241.513
1243.159
1244.744
1246.428
1247.965
1249.561
1251.221
1252.893
1254.695
1256.296
1257.801
1259.359
1260.779
1262.183
1263.836
1265.497
1266.973
1268.551
1270.265
1271.945
1273.637
1275.324
1277.031
1278.685
1280.398
1282.19
1284.06
1285.773
1287.444
1288.904
1290.556
1292.269
1293.903
1295.331
1296.764
1298.352
1299.832
1301.437
1302.93
1304.514
1306.011
1307.575
1309.025
1310.643
1312.162
1313.725
1315.207
1316.778
1318.29
1319.889
1321.688
1323.326
1324.928
1326.137
1327.377
1328.523
1329.843
1331.031
1332.375
1333.68
1335.087
1336.755
1338.443
1339.885
1341.511
1343.02
1344.608
1346.287
1347.962
1349.674
1351.363
1352.889
1354.22
1355.795
1357.292
1358.964
1360.678
1362.3
1363.781
1365.361
1367.016
1368.53
1370.168
1371.611
1373.158
1374.683
1376.229
1377.671
1379.039
1380.446
1382.072
1383.755
1385.235
1386.848
1388.256
1389.673
1391.282
1392.784
1394.365
1395.743
1397.451
1399.13
1400.596
1402.193
1403.893
1405.395
1407.021
1408.683
1410.343
1412.017
1413.706
1415.097
1416.584
1418.484
1420.162
1421.664
1423.246
1424.721
1426.117
1427.702
1429.372
1430.879
1432.455
1434.156
1435.823
1437.54
1439.226
1440.905
1442.605
1444.356
1446.125
1447.957
1449.669
1451.336
1453.037
1454.717
1456.215
1457.801
1459.528
1461.165
1462.652
1464.244
1465.767
1467.316
1469.005
1470.698
1472.402
1474.168
1475.824
1477.196
1478.86
1480.343
1481.937
1483.606
1485.286
1486.972
1488.678
1490.061
1491.579
1493.124
1494.635
1496.194
1497.904
1499.385
1500.796
1502.343
1503.853
1505.412
1507.209
1508.787
1510.326
1511.959
1513.636
1515.241
1516.923
1519.552
1521.247
1522.937
1524.347
1525.74
1527.136
1528.472
1529.914
1531.359
1532.897
1534.307
1535.983
1537.438
1538.862
1540.432
1541.852
1543.204
1544.892
1546.416
1547.971
1549.668
1551.106
1552.579
1554.103
1555.56
1557.222
1558.861
1560.546
1562.248
1563.937
1565.622
1567.333
1569.098
1570.735
1572.396
1574.078
1575.759
1577.256
1578.841
1580.339
1581.758
1583.283
1584.685
1586.174
1587.756
1589.221
1590.834
1592.529
1594.205
1595.711
1597.391
1598.965
1600.403
1601.817
1603.405
1604.877
1606.312
1607.859
1609.353
1610.803
1612.338
1613.77
1615.177
1616.483
1618.158
1619.644
1621.072
1622.611
1624.095
1625.689
1627.131
1629.386
1631.378
1633.052
1634.576
1636.192
1637.833
1639.312
1640.901
1642.592
1644.291
1645.979
1647.661
1649.664
1651.942
1653.681
1655.652
1657.336
1658.823
1660.397
1661.816
1663.276
1665.178
1667.477
1669.482
1671.159
1673.162
1674.688
1676.294
1678.541
1680.961
1682.511
1684.012
1685.589
1687.05
1688.712
1690.371
1692.053
1693.452
1694.965
1696.505
1698.203
1699.648
1701.266
1702.784
1704.381
1706.016
1707.714
1709.402
1710.951
1712.553
1713.896
1715.545
1716.979
1718.634
1720.422
1722.008
1723.705
1725.523
1727.059
1728.475
1730.157
1731.59
1733.023
1734.596
1736.289
1737.962
1739.666
1741.12
1742.724
1744.419
1745.958
1747.535
1748.995
1750.561
1751.945
1753.418
1755.014
1756.725
1758.166
1759.831
1761.48
1763
1764.563
1765.989
1767.624
1769.324
1771.016
1772.691
1774.382
1776.073
1777.759
1779.454
1780.961
1782.249
1783.405
1784.675
1786.059
1787.425
1788.613
1789.903
1791.278
1792.475
1793.725
1794.95
1796.28
1797.578
1798.957
1800.167
1801.416
1802.628
1803.894
1805.261
1806.622
1807.844
1809.103
1810.304
1811.557
1812.729
1813.995
1815.2
1816.475
1817.842
1819.241
1820.628
1822.001
1823.386
1824.771
1826.145
1827.349
1828.669
1829.977
1831.374
1832.743
1834.432
1836.116
1837.824
1839.515
1841.215
1842.882
1844.563
1846.266
1847.966
1849.657
1851.328
1853.018
1854.71
1856.417
1858.093
1859.782
1861.308
1862.864
1864.552
1866.339
1867.966
1869.723
1871.313
1872.995
1874.8
1876.492
1878.113
1879.771
1881.445
1883.159
1884.83
1886.514
1888.206
1889.886
1891.337
1892.956
1894.652
1896.334
1898.033
1899.716
1901.413
1902.809
1904.485
1906.167
1907.899
1909.634
1911.536
1913.263
1914.944
1916.628
1918.318
1919.985
1921.682
1923.362
1925.084
1926.811
1928.497
1930.128
1931.823
1933.504
1935.202
1936.881
1938.574
1940.262
1941.959
1943.639
1945.379
1947.091
1948.706
1950.412
1952.101
1953.85
1955.478
1957.172
1958.853
1960.535
1962.263
1963.945
1965.629
1967.3
1969.013
1970.694
1972.37
1974.064
1975.802
1977.441
1979.123
1980.829
1982.515
1984.192
1985.903
1987.596
1989.274
1990.968
1992.747
1994.38
1996.329
1998.074
1999.778
2001.718
2003.398
2005.081
2006.772
2008.469
2010.167
2011.843
2013.548
2015.009
2016.311
2017.689
2019.372
2020.902
2022.765
2024.474
2026.151
2027.824
2029.532
2031.217
2032.912
2034.575
2036.272
2038.037
2039.764
2041.428
2043.021
2044.509
2046.113
2047.802
2049.497
2051.183
2052.63
2054.244
2055.946
2057.639
2059.333
2060.996
2062.691
2064.374
2066.066
2067.77
2069.471
2071.143
2072.821
2074.537
2076.205
2077.926
2079.722
2081.398
2083.035
2084.726
2086.342
2088.028
2089.546
2091.124
2092.815
2094.504
2096.172
2097.882
2099.551
2101.256
2102.945
2104.618
2106.385
2108.31
2110.014
2111.692
2113.376
2114.902
2116.773
2118.448
2120.133
2121.941
2123.609
2125.268
2126.888
2128.422
2130.016
2131.707
2133.424
2135.057
2136.749
2138.459
2140.125
2141.806
2143.5
2145.242
2146.867
2148.547
2150.256
2151.955
2153.617
2155.335
2157.017
2158.715
2160.463
2162.126
2163.9
2165.527
2167.29
2168.977
2170.613
2172.243
2173.934
2175.587
2177.298
2178.988
2180.72
2182.365
2184.069
2185.725
2187.429
2189.119
2190.802
2192.514
2194.25
2196.011
2197.858
2199.572
2201.25
2203.01
2204.72
2206.631
2208.329
2209.996
2211.714
2213.411
2215.072
2216.767
2218.466
2220.135
2221.837
2223.522
2225.212
2226.891
2228.581
2230.286
2231.975
2233.671
2235.358
2237.023
2238.718
2240.464
2242.137
2243.792
2245.337
2247.01
2248.87
2250.553
2252.253
2253.929
2255.618
2257.35
2259.088
2260.715
2262.399
2264.073
2265.75
2267.448
2269.127
2270.83
2272.534
2274.2
2275.891
2277.587
2279.294
2280.974
2282.673
2284.353
2286.03
2287.716
2289.405
2291.135
2292.787
2294.485
2296.189
2297.856
2299.328
2300.633
2301.861
2303.136
2304.473
2305.858
2307.238
2308.625
2309.998
2311.398
2312.766
2313.978
2315.278
2316.617
2317.812
2319.055
2320.445
2321.671
2322.92
2324.294
2325.671
2327.043
2328.421
2329.642
2330.875
2332.273
2333.658
2335.024
2336.262
2337.487
2338.866
2340.094
2341.345
2342.71
2343.923
2345.174
2346.553
2347.756
2349.011
2350.206
2351.484
2352.855
2354.097
2355.351
2356.681
2358.099
2359.469
2360.677
2361.933
2363.298
2364.504
2365.769
2367.137
2368.519
2369.909
2371.278
2372.679
2374.067
2375.426
2376.661
2377.898
2379.278
2380.48
2381.719
2383.104
2384.51
2385.869
2387.082
2388.333
2389.71
2391.409
2392.779
2393.997
2395.237
2396.443
2397.697
2399.079
2400.482
2401.852
2403.23
2404.467
2405.707
2407.069
2408.286
2409.597
2410.913
2412.305
2413.681
2415.068
2416.302
2417.528
2418.899
2420.282
2421.672
2423.049
2424.421
2425.851
2427.209
2428.418
2429.664
2431.026
2432.25
2433.499
2434.87
2436.121
2437.33
2438.739
2440.104
2441.471
2442.855
2444.253
2445.647
2447.028
2448.411
2449.774
2450.998
2452.226
2453.632
2454.998
2456.373
2457.779
2459.165
2460.543
2461.926
2463.288
2464.529
2465.761
2466.989
2468.221
2469.593
2470.971
2472.192
2473.427
2474.803
2476.042
2477.263
2478.648
2480.031
2481.252
2482.487
2483.696
2484.954
2486.367
2487.716
2488.922
2490.262
2491.552
2492.804
2494.038
2495.388
2496.788
2498.169
2499.535
2500.929
2502.306
2503.541
2504.766
2506.159
2507.54
2508.933
2510.317
2511.684
2513.058
2514.44
2515.655
2516.92
2518.293
2519.68
2521.047
2522.293
2523.825
2525.201
2526.575
2527.963
2529.352
2530.736
2532.126
2533.489
2534.88
2536.261
2537.476
2538.702
2540.108
2541.472
2542.852
2544.106
2545.331
2546.698
2547.936
2549.168
2550.547
2551.918
2553.31
2554.693
2556.072
2557.455
2558.831
2560.207
2561.442
2562.683
2563.919
2565.201
2566.509
2567.905
2569.278
2570.672
2572.041
2573.439
2574.827
2576.193
2577.575
2578.973
2580.34
2581.717
2583.109
2584.501
2585.874
2587.255
2588.624
2590.027
2591.417
2592.799
2594.172
2595.557
2596.932
2598.329
2599.689
2601.08
2602.298
2603.531
2604.91
2606.288
2607.684
2609.066
2610.436
2611.83
2613.043
2614.281
2615.497
2616.737
2617.962
2619.201
2620.575
2621.813
2623.086
2624.474
2625.807
2627.205
2628.59
2629.956
2631.34
2632.72
2633.936
2635.188
2636.561
2637.932
2639.334
2640.725
2642.083
2643.463
2644.869
2646.243
2647.635
2648.992
2650.216
2651.47
2652.689
2653.915
2655.305
2656.697
2658.086
2659.442
2660.821
2662.222
2663.599
2664.978
2666.359
2667.735
2669.141
2670.51
2671.907
2673.29
2674.673
2676.034
2677.415
2678.807
2680.198
2681.563
2682.955
2684.331
2685.727
2687.104
2688.475
2689.86
2691.235
2692.644
2694.001
2695.405
2696.785
2698.232
2699.549
2700.919
2702.31
2703.7
2705.067
2706.461
2707.825
2709.21
2710.596
2711.987
2713.376
2714.736
2716.136
2717.517
2718.916
2720.284
2721.674
2723.046
2724.429
2725.818
2727.177
2728.411
2729.647
2730.849
2732.127
2733.499
2734.878
2736.266
2737.633
2739.023
2740.229
2741.479
2742.847
2744.546
2746.324
2748.064
2749.913
2751.699
2753.6
2755.316
2757.309
2759.03
2760.798
2762.428
2764.063
2765.79
2767.494
2769.112
2770.825
2772.551
2774.503
2776.201
2777.935
2779.572
2781.268
2782.939
2784.947
2786.634
2788.335
2790.317
2792.017
2794.02
2795.72
2797.382
2799.066
2800.752
2802.459
2803.985
2805.839
2807.625
2809.524
2811.201
2812.999
2814.733
2816.429
2818.289
2819.977
2821.711
2823.337
2825.034
2826.792
2828.467
2830.117
2831.807
2833.581
2835.185
2836.864
2838.269
2839.757
2841.431
2843.066
2844.715
2846.489
2848.08
2849.762
2851.461
2853.188
2854.842
2856.537
2858.226
2859.92
2861.312
2862.963
2864.975
2866.724
2868.509
2870.182
2871.419
2872.585
2873.868
2875.068
2876.33
2877.538
2878.812
2880.022
2881.264
2882.476
2883.698
2884.913
2886.172
2887.559
2888.743
2890.002
2891.186
2892.458
2893.627
2894.929
2896.094
2897.377
2898.536
2899.833
2901.033
2902.306
2903.467
2904.766
2905.965
2907.218
2908.414
2909.664
2910.873
2912.121
2913.524
2914.881
2916.102
2917.357
2918.745
2919.886
2921.183
2922.34
2923.658
2925.029
2926.219
2927.508
2928.712
2929.944
2931.128
2932.393
2933.792
2935.163
2936.382
2937.616
2938.845
2940.091
2941.299
2942.534
2943.709
2945
2946.184
2947.446
2948.665
2949.953
2951.285
2952.471
2953.757
2954.942
2956.199
2957.432
2958.681
2959.896
2961.13
2962.307
2963.602
2964.803
2966.059
2967.428
2968.805
2969.996
2971.272
2972.468
2973.794
2975.107
2976.301
2977.555
2978.762
2980.012
2981.402
2982.62
2983.856
2985.068
2986.33
2987.477
2988.777
2989.967
2991.221
2992.453
2993.696
2994.908
2996.209
2997.546
2998.915
3000.135
3001.363
3002.592
3003.824
3005.062
3006.288
3007.512
3008.75
3009.945
3011.196
3012.593
3013.802
3015.048
3016.252
3017.498
3018.672
3019.97
3021.34
3022.55
3023.797
3024.971
3026.269
3027.487
3028.704
3029.924
3031.17
3032.407
3033.639
3034.844
3036.104
3037.303
3038.557
3039.737
3040.991
3042.218
3043.512
3044.847
3046.233
3047.599
3048.832
3050.059
3051.276
3052.562
3053.898
3055.106
3056.37
3057.741
3058.973
3060.191
3061.6
3062.792
3064.038
3065.412
3066.618
3067.896
3069.102
3070.329
3071.519
3072.797
3074.167
3075.561
3076.75
3078.027
3079.218
3080.478
3081.675
3082.929
3084.112
3085.398
3086.605
3087.841
3089.022
3090.302
3091.494
3092.755
3093.966
3095.23
3096.445
3097.668
3098.848
3100.142
3101.513
3102.734
3103.973
3105.21
3106.504
3107.809
3109.01
3110.285
3111.659
3113.048
3114.268
3115.515
3116.726
3117.967
3119.19
3120.402
3121.641
3122.859
3124.058
3125.32
3126.716
3128.083
3129.31
3130.565
3131.741
3133.015
3134.188
3135.48
3136.693
3137.994
3139.311
3140.533
3141.786
3143
3144.228
3145.419
3146.689
3147.888
3149.142
3150.513
3151.749
3152.976
3154.213
3155.446
3156.612
3157.887
3159.084
3160.344
3161.532
3162.796
3163.991
3165.268
3166.463
3167.73
3169.123
3170.3
3171.555
3172.776
3174.033
3175.209
3176.485
3177.873
3179.063
3180.335
3181.513
3182.777
3183.981
3185.225
3186.423
3187.701
3189.085
3190.449
3191.651
3192.913
3194.121
3195.369
3196.586
3197.827
3199.21
3200.598
3201.986
3203.182
3204.445
3205.662
3206.881
3208.061
3209.345
3210.547
3211.808
3213.011
3214.283
3215.467
3216.729
3217.938
3219.176
3220.568
3221.769
3223.018
3224.391
3225.621
3226.878
3228.25
3229.623
3230.831
3232.127
3233.478
3234.681
3235.937
3237.159
3238.399
3239.604
3240.832
3242.033
3243.308
3244.533
3245.762
3246.95
3248.216
3249.45
3250.675
3251.891
3253.12
3254.344
3255.587
3256.813
3258.047
3259.437
3260.822
3262.18
3263.567
3264.799
3266.026
3267.401
3268.616
3269.873
3271.261
3272.625
3273.858
3275.085
3276.294
3277.625
3278.948
3280.323
3281.539
3282.765
3283.956
3285.238
3286.425
3287.692
3288.899
3290.136
3291.342
3292.599
3293.84
3295.13
3296.446
3297.628
3298.911
3300.3
3301.673
3303.05
3304.429
3305.602
3306.889
3308.279
3309.477
3310.74
3312.128
3313.332
3314.563
3315.76
3317.039
3318.408
3319.81
3321.192
3322.567
3323.776
3325.017
3326.223
3327.56
3328.861
3330.042
3331.32
3332.533
3333.759
3335.01
3336.253
3337.601
3338.795
3340.074
3341.441
3342.834
3344.051
3345.285
3346.497
3347.764
3348.969
3350.227
3351.395
3352.656
3353.863
3355.137
3356.517
3357.904
3359.257
3360.456
3361.714
3362.898
3364.183
3365.423
3366.66
3368.039
3369.398
3370.609
3371.863
3373.062
3374.309
3375.527
3376.771
3377.998
3379.244
3380.451
3381.714
3382.921
3384.15
3385.346
3386.6
3387.81
3389.063
3390.463
3391.852
3393.053
3394.291
3395.481
3396.752
3397.967
3399.194
3400.409
3401.667
3402.86
3404.138
3405.355
3406.573
3407.778
3409.03
3410.25
3411.503
3412.886
3414.096
3415.322
3416.531
3417.79
3418.993
3420.246
3421.649
3423.009
3424.219
3425.463
3426.69
3427.92
3429.127
3430.38
3431.786
3433.142
3434.368
3435.624
3436.832
3438.065
3439.269
3440.522
3441.712
3443.001
3444.18
3445.457
3446.832
3448.045
3449.291
3450.666
3451.849
3453.189
3454.51
3455.673
3456.955
3458.19
3459.415
3460.635
3461.889
3463.083
3464.35
3465.727
3467.112
3468.33
3469.556
3470.756
3472.029
3473.205
3474.467
3475.695
3476.945
3478.131
3479.375
3480.564
3481.856
3483.215
3484.604
3485.831
3487.072
3488.467
3489.842
3491.203
3492.393
3493.681
3494.88
3496.14
3497.342
3498.603
3499.814
3501.057
3502.429
3503.634
3504.891
3506.096
3507.345
3508.555
3509.802
3511.177
3512.563
3513.765
3515.021
3516.423
3517.628
3518.857
3520.095
3521.318
3522.509
3523.767
3524.952
3526.233
3527.43
3528.703
3530.099
3531.296
3532.522
3533.73
3534.997
3536.215
3537.458
3538.678
3539.908
3541.281
3542.482
3543.742
3544.973
3546.207
3547.605
3548.983
3550.37
3551.58
3552.834
3554.201
3555.568
3556.794
3558.041
3559.238
3560.488
3561.674
3562.952
3564.346
3565.731
3566.93
3568.215
3569.395
3570.626
3571.82
3573.074
3574.466
3575.843
3577.23
3578.609
3579.999
3581.215
3582.471
3583.691
3584.914
3586.097
3587.36
3588.542
3589.839
3591.213
3592.391
3593.663
3595.065
3596.26
3597.508
3598.725
3600.005
3601.36
3602.559
3603.81
3605.024
3606.257
3607.475
3608.734
3609.926
3611.208
3612.57
3613.771
3615.026
3616.257
3617.48
3618.688
3619.942
3621.317
3622.513
3623.767
3625.009
3626.251
3627.457
3628.697
3629.88
3631.144
3632.542
3633.933
3635.289
3636.521
3637.752
3639.151
3640.353
3641.595
3642.975
3644.368
3645.6
3646.814
3648.048
3649.303
3650.665
3651.861
3653.138
3654.491
3655.718
3656.954
3658.163
3659.424
3660.644
3661.862
3663.076
3664.321
3665.538
3666.8
3667.998
3669.241
3670.452
3671.702
3673.07
3674.454
3675.655
3676.928
3678.136
3679.402
3680.756
3682.164
3683.361
3684.621
3685.979
3687.185
3688.433
3689.644
3690.908
3692.296
3693.663
3694.893
3696.171
3697.517
3698.731
3699.959
3701.172
3702.435
3703.633
3704.879
3706.251
3707.64
3708.878
3710.11
3711.307
3712.576
3713.956
3715.174
3716.401
3717.782
3719.176
3720.385
3721.623
3722.819
3724.071
3725.28
3726.526
3727.704
3729.002
3730.38
3731.749
3732.929
3734.215
3735.419
3736.689
3738.058
3739.45
3740.64
3741.891
3743.07
3744.349
3745.585
3746.815
3748.007
3749.267
3750.662
3752.046
3753.407
3754.631
3755.871
3757.267
3758.631
3759.865
3761.105
3762.315
3763.547
3764.955
3766.329
3767.543
3768.772
3770.164
3771.364
3772.63
3773.989
3775.402
3776.772
3777.993
3779.271
3780.611
3781.835
3783.073
3784.448
3785.663
3786.905
3788.279
3789.522
3790.755
3792.129
3793.33
3794.6
3795.961
3797.179
3798.433
3799.798
3801.024
3802.311
3803.642
3805.045
3806.399
3807.646
3808.883
3810.065
3811.33
3812.724
3814.089
3815.472
3816.871
3818.227
3819.439
3820.709
3822.077
3823.294
3824.539
3825.936
3827.305
3828.691
3830.079
3831.463
3832.672
3833.914
3835.289
3836.49
3837.754
3839.121
3840.33
3841.595
3842.803
3844.048
3845.438
3846.812
3848.184
3849.397
3850.657
3851.883
3853.105
3854.295
3855.573
3856.782
3858.034
3859.232
3860.479
3861.863
3863.255
3864.635
3865.832
3867.116
3868.478
3869.86
3871.221
3872.454
3873.725
3875.066
3876.285
3877.526
3878.904
3880.301
3881.665
3882.889
3884.124
3885.506
3886.722
3887.971
3889.355
3890.602
3891.835
3893.205
3894.586
3895.957
3897.179
3898.415
3899.812
3901.194
3902.579
3903.964
3905.346
3906.72
3907.916
3909.17
3910.389
3911.646
3913.029
3914.414
3915.766
3917.159
3918.555
3919.94
3921.302
3922.53
3923.755
3925.136
3926.392
3927.638
3929.006
3930.359
3931.584
3932.94
3934.2
3935.418
3936.682
3938.062
3939.451
3940.834
3942.214
3943.571
3944.798
3946.068
3947.274
3948.518
3949.885
3951.264
3952.659
3954.033
3955.404
3956.605
3957.882
3959.247
3960.489
3961.748
3963.079
3964.304
3965.601
3966.935
3968.3
3969.681
3970.92
3972.168
3973.361
3974.627
3976.009
3977.385
3978.766
3979.98
3981.234
3982.593
3983.968
3985.187
3986.426
3987.64
3988.882
3990.279
3991.671
3993.059
3994.432
3995.634
3996.869
3998.276
3999.654
4000.861
4002.116
4003.475
4004.876
4006.242
4007.456
4008.724
4010.107
4011.47
4012.697
4013.937
4015.317
4016.692
4018.078
4019.449
4020.68
4021.93
4023.164
4024.388
4025.757
4027.14
4028.514
4029.921
4031.284
4032.513
4033.738
4034.94
4036.244
4037.576
4038.976
4040.356
4041.74
4043.115
4044.487
4045.725
4046.963
4048.185
4049.411
4050.642
4051.899
4053.271
4054.63
4055.853
4057.096
4058.332
4059.588
4060.947
4062.317
4063.718
4065.085
4066.455
4067.835
4069.22
4070.464
4071.735
4073.07
4074.457
4075.697
4076.947
4078.291
4079.493
4080.751
4082.136
4083.508
4084.886
4086.12
4087.371
4088.741
4090.117
4091.52
4092.89
4094.277
4095.665
4097.036
4098.419
4099.627
4100.86
4102.056
4103.334
4104.725
4106.1
4107.47
4108.865
4110.247
4111.629
4112.864
4114.136
4115.47
4116.84
4118.224
4119.617
4120.99
4122.393
4123.749
4125.155
4126.517
4127.911
4129.291
4130.676
4132.041
4133.255
4134.518
4135.903
4137.111
4138.367
4139.731
4141.133
4142.501
4143.893
4145.262
4146.493
4147.709
4148.943
4150.226
4151.552
4152.791
4154.022
4155.407
4156.783
4158.154
4159.397
4160.617
4162.006
4163.406
4164.772
4166.142
4167.37
4168.627
4169.834
4171.079
4172.445
4173.663
4174.901
4176.108
4177.379
4178.768
4180.147
4181.508
4182.734
4183.993
4185.355
4186.748
4188.118
4189.491
4190.881
4192.275
4193.647
4194.874
4196.177
4197.493
4198.863
4200.274
4201.647
4203.014
4204.396
4205.781
4206.983
4208.243
4209.626
4211.005
4212.402
4213.773
4215.15
4216.525
4217.934
4219.308
4220.691
4222.076
4223.458
4224.842
4226.222
4227.584
4228.984
4230.396
4231.751
4233.25
4235.111
4237.115
4239.107
4240.926
4242.623
4244.511
4246.508
4248.254
4250.165
4252.189
4253.974
4255.873
4257.849
4259.55
4261.556
4263.358
4265.23
4267.001
4268.964
4270.953
4272.916
4274.905
4277.039
4278.892
4280.986
4282.886
4284.628
4286.598
4288.578
4290.576
4292.396
4294.273
4296.008
4297.959
4299.651
4301.645
4303.649
4305.434
4307.306
4309.115
4311.018
4312.994
4314.748
4316.475
4318.39
4320.387
4322.384
4324.363
4326.057
4327.437
4328.833
4330.214
4331.916
4333.575
4335.348
4336.964
4338.47
4340.033
4341.833
4343.812
4345.713
4347.182
4349.135
4350.807
4352.486
4354.18
4355.844
4357.552
4359.24
4361.058
4362.661
4364.311
4366.311
4367.994
4369.999
4371.678
4373.488
4375.183
4376.855
4378.451
4380.127
4381.922
4383.559
4385.299
4386.914
4388.588
4390.262
4391.969
4393.645
4395.322
4396.837
4398.719
4400.4
4402.389
4404.088
4405.808
4407.471
4409.461
4411.245
4412.843
4414.62
4416.263
4418.225
4419.897
4421.633
4423.39
4425.33
4427.283
4429.275
4430.968
4432.716
4434.488
4436.362
4438.095
4440.048
4441.724
4443.43
4445.136
4446.819
4448.794
4450.54
4452.173
4453.875
4455.546
4457.223
4458.923
4460.629
4462.374
4464.156
4465.817
4467.698
4469.417
4471.129
4472.432
4473.663
4474.955
4476.297
4477.682
4479.055
4480.444
4481.809
4483.807
4485.539
4487.512
4489.562
4491.489
4493.474
4495.477
4497.48
4499.485
4501.46
4503.483
4505.466
4507.183
4509.159
4511.001
4512.969
4514.847
4516.821
4518.843
4520.878
4522.814
4524.833
4526.883
4528.81
4530.262
4531.896
4533.584
4535.274
4536.659
4538.022
4539.433
4540.804
4542.186
4543.658
4545.251
4546.967
4548.746
4550.624
4552.376
4554.144
4555.711
4557.499
4559.152
4560.762
4562.448
4564.146
4565.85
4567.661
4569.53
4571.306
4573.204
4574.709
4576.395
4578.265
4579.729
4581.405
4583.16
4584.796
4586.421
4588.103
4589.856
4591.628
4593.47
4595.221
4597.007
4598.848
4600.555
4602.309
4604.05
4605.926
4607.609
4609.306
4610.981
4612.678
4614.465
4616.05
4617.787
4619.753
4621.511
4623.267
4624.892
4626.637
4628.499
4630.224
4631.94
4633.598
4635.383
4637.267
4639.066
4640.951
4642.692
4644.391
4646.338
4648.154
4650.005
4651.839
4654.02
4655.8
4657.493
4659.389
4661.373
4663.054
4664.757
4666.436
4667.905
4669.515
4671.287
4673.201
4674.895
4676.644
4678.416
4680.263
4681.967
4683.719
4685.501
4687.338
4689.034
4691.026
4692.788
4694.468
4696.397
4697.915
4699.549
4701.188
4703.26
4704.859
4706.526
4708.526
4710.368
4712.245
4713.982
4716.221
4718.223
4720.216
4722.204
4723.888
4725.669
4727.584
4729.307
4731.05
4732.685
4734.335
4736.035
4737.722
4739.224
4740.865
4742.481
4744.167
4745.868
4747.559
4749.246
4750.918
4752.324
4753.702
4755.085
4756.458
4757.87
4759.221
4760.62
4762.003
4763.363
4764.739
4766.136
4767.517
4768.902
4770.288
4771.665
4773.05
4774.417
4775.81
4777.2
4778.571
4779.956
4781.331
4782.737
4784.103
4785.491
4786.886
4788.27
4789.639
4791.014
4792.45
4793.831
4795.162
4796.557
4797.945
4799.327
4800.706
4802.072
4803.476
4804.832
4806.223
4807.612
4808.977
4810.361
4811.771
4813.151
4814.52
4815.898
4817.284
4818.675
4820.042
4821.421
4822.818
4824.201
4825.59
4827.004
4828.345
4829.731
4831.121
4832.49
4833.863
4835.262
4836.643
4838.013
4839.414
4840.775
4842.157
4843.546
4844.92
4846.319
4847.7
4849.088
4850.455
4851.87
4853.238
4854.607
4856.005
4857.391
4858.774
4860.145
4861.567
4862.931
4864.285
4865.675
4867.05
4868.431
4869.832
4871.199
4872.573
4873.965
4875.361
4876.744
4878.12
4879.501
4880.898
4882.265
4883.724
4885.061
4886.416
4887.804
4889.184
4890.564
4891.941
4893.333
4894.701
4896.076
4897.493
4898.846
4900.217
4901.616
4902.993
4904.377
4905.764
4907.157
4908.52
4909.91
4911.29
4912.665
4914.068
4915.438
4916.83
4918.207
4919.59
4920.955
4922.365
4923.721
4925.119
4926.501
4927.875
4929.262
4930.678
4932.018
4933.417
4934.807
4936.164
4937.543
4938.953
4940.333
4941.705
4943.095
4944.472
4945.845
4947.226
4948.627
4950.01
4951.386
4952.755
4954.161
4955.542
4956.915
4958.3
4959.679
4961.07
4962.43
4963.83
4965.227
4966.586
4967.961
4969.341
4970.744
4972.128
4973.503
4974.884
4976.282
4977.639
4979.043
4980.401
4981.782
4983.17
4984.577
4985.941
4987.335
4988.725
4990.098
4991.462
4992.867
4994.266
4995.609
4997.005
4998.382
4999.785
5001.262
5002.518
5003.926
5005.306
5006.688
5008.07
5009.458
5010.863
5012.21
5013.577
5014.98
5016.399
5017.825
5019.223
5020.552
5021.904
5023.277
5024.639
5026.035
5027.41
5028.798
5030.17
5031.569
5032.95
5034.318
5035.7
5037.098
5038.48
5039.852
5041.232
5042.628
5044.008
5045.384
5046.768
5048.152
5049.549
5050.912
5052.297
5053.675
5055.059
5056.436
5057.825
5059.226
5060.596
5061.984
5063.353
5064.742
5066.127
5067.492
5068.926
5070.258
5071.663
5073.028
5074.415
5075.805
5077.193
5078.58
5079.948
5081.318
5082.702
5084.109
5085.478
5086.865
5088.245
5089.619
5091.011
5092.4
5093.779
5095.16
5096.532
5097.926
5099.295
5100.685
5102.067
5103.492
5104.834
5106.225
5107.608
5108.974
5110.383
5111.748
5113.114
5114.508
5115.9
5117.268
5118.669
5120.047
5121.413
5122.81
5124.193
5125.563
5126.956
5128.327
5129.705
5131.104
5132.471
5133.855
5135.246
5136.627
5138.052
5139.408
5140.768
5142.152
5143.532
5144.941
5146.295
5147.693
5149.06
5150.458
5151.84
5153.229
5154.588
5156.016
5157.362
5158.758
5160.132
5161.518
5162.891
5164.291
5165.666
5167.042
5168.425
5169.796
5171.186
5172.605
5173.956
5175.33
5176.724
5178.095
5179.496
5180.87
5182.254
5183.627
5185.016
5186.402
5187.783
5189.166
5190.55
5191.936
5193.321
5194.679
5196.063
5197.446
5198.848
5200.213
5201.617
5202.99
5204.38
5205.755
5207.208
5208.505
5209.899
5211.283
5212.661
5214.096
5215.432
5216.807
5218.185
5219.583
5220.944
5222.35
5223.738
5225.105
5226.485
5227.863
5229.258
5230.621
5232.02
5233.391
5234.776
5236.18
5237.55
5238.939
5240.311
5241.729
5243.063
5244.445
5245.84
5247.228
5248.61
5249.996
5251.37
5252.753
5254.131
5255.507
5256.915
5258.277
5259.671
5261.044
5262.422
5263.8
5265.209
5266.586
5267.95
5269.346
5270.711
5272.118
5273.493
5274.871
5276.334
5277.669
5279.024
5280.408
5281.787
5283.153
5284.544
5285.945
5287.322
5288.688
5290.073
5291.471
5292.833
5294.212
5295.623
5296.984
5298.363
5299.767
5301.156
5302.508
5303.917
5305.301
5306.672
5308.05
5309.422
5310.887
5312.281
5313.612
5314.962
5316.346
5317.728
5319.102
5320.496
5321.867
5323.248
5324.758
5326.031
5327.393
5328.8
5330.184
5331.555
5332.924
5334.324
5335.691
5337.091
5338.466
5339.833
5341.221
5342.621
5344.004
5345.385
5346.774
5348.13
5349.517
5350.919
5352.275
5353.683
5355.04
5356.428
5357.837
5359.191
5360.596
5361.981
5363.364
5364.74
5366.121
5367.495
5368.894
5370.276
5371.647
5373.039
5374.411
5375.795
5377.174
5378.547
5379.942
5381.327
5382.692
5384.106
5385.464
5386.86
5388.239
5389.605
5390.987
5392.393
5393.768
5395.162
5396.535
5397.93
5399.293
5400.671
5402.07
5403.449
5404.835
5406.198
5407.598
5408.967
5410.336
5411.748
5413.117
5414.553
5415.873
5417.253
5418.637
5420.033
5421.404
5422.795
5424.179
5425.576
5426.961
5428.327
5429.716
5431.074
5432.485
5433.861
5435.227
5436.603
5438.006
5439.392
5440.757
5442.148
5443.54
5444.908
5446.301
5447.693
5449.1
5450.453
5451.817
5453.218
5454.584
5455.976
5457.342
5458.738
5460.115
5461.513
5462.898
5464.282
5465.637
5467.039
5468.405
5469.785
5471.177
5472.558
5473.931
5475.331
5476.699
5478.095
5479.461
5480.863
5482.23
5483.688
5484.994
5486.392
5487.779
5489.146
5490.545
5491.929
5493.31
5494.67
5496.053
5497.46
5498.828
5500.226
5501.6
5502.97
5504.365
5505.733
5507.141
5508.517
5509.886
5511.288
5512.655
5514.048
5515.44
5516.805
5518.219
5519.565
5520.959
5522.321
5523.713
5525.084
5526.472
5527.86
5529.226
5530.628
5532.009
5533.389
5534.773
5536.16
5537.537
5538.923
5540.293
5541.687
5543.07
5544.446
5545.834
5547.219
5548.592
5549.887
5551.186
5552.738
5554.135
5555.519
5556.906
5558.267
5559.672
5561.031
5562.43
5563.814
5565.201
5566.586
5567.944
5569.376
5570.712
5572.099
5573.496
5574.874
5576.229
5577.629
5579
5580.407
5581.772
5583.173
5584.538
5585.939
5587.321
5588.677
5590.064
5591.441
5592.829
5594.212
5595.585
5596.996
5598.369
5599.735
5601.139
5602.506
5603.897
5605.265
5606.657
5608.03
5609.437
5610.862
5612.178
5613.594
5614.962
5616.321
5617.71
5619.113
5620.485
5621.883
5623.261
5624.647
5626.028
5627.414
5628.763
5630.147
5631.566
5632.921
5634.322
5635.693
5637.061
5638.447
5639.844
5641.221
5642.609
5643.992
5645.361
5646.765
5648.119
5649.518
5650.888
5652.272
5653.659
5655.032
5656.432
5657.815
5659.187
5660.582
5661.946
5663.33
5664.738
5666.111
5667.502
5668.853
5670.235
5671.645
5673.03
5674.389
5675.767
5677.167
5678.55
5679.929
5681.31
5682.738
5684.092
5685.447
5686.855
5688.224
5689.596
5691.04
5692.386
5693.746
5695.126
5696.517
5697.888
5699.277
5700.649
5702.05
5703.435
5704.825
5706.203
5707.581
5708.964
5710.337
5711.728
5713.127
5714.479
5715.865
5717.267
5718.651
5720.014
5721.386
5722.776
5724.164
5725.559
5726.931
5728.325
5729.686
5731.09
5732.457
5733.839
5735.255
5736.603
5737.985
5739.369
5740.751
5742.154
5743.527
5744.903
5746.304
5747.675
5749.052
5750.432
5751.8
5753.182
5754.566
5755.965
5757.365
5758.733
5760.152
5761.49
5762.889
5764.26
5765.644
5767.029
5768.402
5769.803
5771.154
5772.543
5773.933
5775.326
5776.709
5778.077
5779.461
5780.855
5782.228
5783.622
5785.005
5786.377
5787.748
5789.139
5790.532
5791.895
5793.296
5794.775
5796.103
5797.427
5798.81
5800.213
5801.586
5802.954
5804.347
5805.725
5807.113
5808.498
5809.863
5811.256
5812.63
5814.035
5815.397
5816.776
5818.185
5819.57
5820.945
5822.326
5823.696
5825.1
5826.462
5827.858
5829.242
5830.601
5832.005
5833.406
5834.766
5836.141
5837.538
5838.92
5840.286
5841.678
5843.072
5844.442
5845.816
5847.199
5848.59
5849.961
5851.347
5852.749
5854.126
5855.508
5856.877
5858.254
5859.64
5861.027
5862.394
5863.793
5865.17
5866.559
5867.931
5869.371
5870.708
5872.111
5873.46
5874.855
5876.538
5878.292
5879.597
5880.983
5882.393
5883.776
5885.147
5886.513
5887.905
5889.608
5891.274
5892.97
5894.66
5896.037
5897.423
5898.804
5900.268
5901.613
5902.946
5904.344
5905.728
5907.104
5908.475
5909.877
5911.244
5912.624
5914.02
5915.419
5916.817
5918.18
5919.555
5920.936
5922.35
5923.71
5925.123
5926.455
5927.842
5929.227
5930.607
5931.998
5933.376
5934.804
5936.129
5937.524
5938.923
5940.3
5941.673
5943.064
5944.432
5945.809
5947.183
5948.578
5949.966
5951.349
5952.722
5954.099
5955.505
5956.879
5958.243
5959.64
5961.023
5962.404
5963.776
5965.174
5966.553
5967.92
5969.326
5970.685
5972.084
5973.467
5974.848
5976.216
5977.606
5979.002
5980.38
5981.748
5983.139
5984.509
5985.904
5987.292
5988.686
5990.084
5991.46
5992.812
5994.194
5995.587
5997.005
5998.352
5999.726
6001.104
6002.502
6003.949
6005.327
6006.667
6008.035
6009.403
6010.805
6012.166
6013.553
6014.942
6016.334
6017.711
6019.078
6020.461
6021.862
6023.223
6024.6
6026.005
6027.401
6028.783
6030.134
6031.525
6032.92
6034.285
6035.662
6037.045
6038.471
6039.817
6041.219
6042.592
6043.976
6045.362
6046.733
6048.12
6049.507
6050.892
6052.262
6053.662
6055.029
6056.432
6057.795
6059.169
6060.545
6061.954
6063.322
6064.69
6066.098
6067.473
6068.857
6070.223
6071.615
6073.09
6074.449
6075.782
6077.137
6078.522
6079.902
6081.28
6082.68
6084.066
6085.444
6086.818
6088.217
6089.58
6090.967
6092.353
6093.728
6095.13
6096.515
6097.899
6099.26
6100.701
6102.053
6103.409
6104.782
6106.183
6107.624
6108.932
6110.33
6111.718
6113.095
6114.461
6115.857
6117.227
6118.633
6120.071
6121.413
6122.782
6124.154
6125.519
6126.916
6128.29
6129.669
6131.072
6132.436
6133.822
6135.216
6136.579
6137.961
6139.365
6140.753
6142.183
6143.524
6144.885
6146.26
6147.671
6149.038
6150.426
6151.797
6153.186
6154.553
6155.952
6157.329
6158.726
6160.081
6161.473
6162.869
6164.244
6165.63
6167.004
6168.386
6169.843
6171.162
6172.547
6173.932
6175.314
6176.736
6178.054
6179.454
6180.821
6182.211
6183.607
6184.98
6186.349
6187.75
6189.119
6190.506
6191.904
6193.282
6194.644
6196.03
6197.42
6198.806
6200.196
6201.572
6202.945
6204.331
6205.718
6207.084
6208.484
6209.871
6211.343
6212.687
6214.038
6215.413
6216.782
6218.222
6219.573
6220.908
6222.317
6223.681
6225.066
6226.45
6227.828
6229.214
6230.582
6231.995
6233.377
6234.756
6236.126
6237.524
6238.902
6240.26
6241.665
6243.029
6244.407
6245.865
6247.188
6248.566
6249.953
6251.348
6252.727
6254.112
6255.497
6256.866
6258.248
6259.661
6261.003
6262.398
6263.786
6265.146
6266.553
6267.927
6269.314
6270.68
6272.073
6273.465
6274.828
6276.21
6277.59
6279.01
6280.468
6281.888
6283.222
6284.586
6285.947
6287.319
6288.671
6290.039
6291.41
6292.811
6294.204
6295.597
6297.014
6298.387
6299.708
6301.113
6302.492
6303.861
6305.234
6306.632
6308.015
6309.409
6310.775
6312.151
6313.558
6315.017
6316.342
6317.677
6319.07
6320.442
6321.834
6323.224
6324.594
6326.059
6327.41
6328.76
6330.136
6331.512
6332.903
6334.275
6335.654
6337.03
6338.42
6339.844
6341.187
6342.569
6343.957
6345.356
6346.719
6348.097
6349.569
6350.928
6352.236
6353.63
6355.01
6356.453
6357.887
6359.223
6360.693
6362.054
6363.473
6364.832
6366.212
6367.544
6368.902
6370.235
6371.622
6373
6374.367
6375.764
6377.18
6378.529
6379.906
6381.296
6382.67
6384.145
6385.475
6386.817
6388.181
6389.58
6390.976
6392.337
6393.723
6395.149
6396.497
6397.882
6399.246
6400.644
6402.027
6403.393
6404.77
6406.18
6407.546
6408.942
6410.318
6411.695
6413.074
6414.449
6415.859
6417.219
6418.634
6420.006
6421.359
6422.744
6424.125
6425.507
6426.896
6428.298
6429.664
6431.064
6432.422
6433.806
6435.199
6436.572
6437.96
6439.333
6440.731
6442.108
6443.486
6444.869
6446.267
6447.653
6449.029
6450.417
6451.78
6453.198
6454.557
6455.945
6457.307
6458.695
6460.129
6461.459
6462.859
6464.217
6465.616
6467.014
6468.402
6469.76
6471.152
6472.519
6473.897
6475.278
6476.66
6478.057
6479.422
6480.809
6482.204
6483.577
6484.967
6486.357
6487.801
6489.158
6490.549
6491.879
6493.269
6494.65
6496.038
6497.402
6498.779
6500.188
6501.546
6502.933
6504.309
6505.706
6507.082
6508.454
6509.852
6511.234
6512.69
6514.052
6515.47
6516.844
6518.228
6519.603
6520.958
6522.584
6523.975
6525.398
6526.761
6528.224
6529.827
6531.312
6532.876
6534.28
6535.748
6537.133
6538.491
6539.953
6541.478
6542.892
6544.377
6545.943
6547.341
6548.834
6550.394
6551.774
6553.164
6554.538
6555.928
6557.298
6558.779
6560.116
6561.489
6562.83
6564.217
6565.612
6566.993
6568.358
6569.743
6571.184
6572.555
6573.935
6575.353
6576.977
6578.352
6579.809
6581.22
6582.59
6583.971
6585.341
6586.654
6588.04
6589.415
6590.794
6592.185
6593.639
6594.946
6596.339
6597.733
6599.101
6600.502
6601.892
6603.244
6604.644
6606.019
6607.403
6608.786
6610.164
6611.552
6612.911
6614.293
6615.682
6617.065
6618.446
6619.844
6621.215
6622.599
6623.964
6625.347
6626.748
6628.172
6629.529
6630.895
6632.28
6633.661
6635.029
6636.412
6637.815
6639.171
6640.577
6641.942
6643.324
6644.71
6646.087
6647.507
6648.882
6650.237
6651.636
6653.014
6654.403
6655.772
6657.144
6658.539
6659.912
6661.318
6662.763
6664.092
6665.478
6666.82
6668.232
6669.59
6670.969
6672.368
6673.761
6675.142
6676.516
6677.905
6679.273
6680.647
6682.058
6683.844
6685.734
6687.427
6689.414
6691.52
6693.403
6695.402
6697.088
6698.772
6700.458
6702.471
6704.253
6706.474
6708.518
6710.443
6712.157
6714.185
6716.242
6717.976
6719.841
6721.821
6723.555
6725.506
6727.344
6729.313
6731.221
6733.006
6734.359
6735.703
6737.031
6738.408
6739.78
6741.189
6742.569
6743.957
6745.407
6746.869
6748.213
6749.556
6750.926
6752.269
6753.628
6755.038
6756.41
6757.888
6759.25
6760.602
6762.213
6763.608
6764.981
6766.363
6767.804
6769.44
6771.263
6773.113
6774.814
6776.223
6777.613
6778.984
6780.359
6781.833
6783.253
6784.609
6785.959
6787.309
6788.701
6790.159
6791.53
6792.917
6794.302
6795.653
6797.043
6798.408
6799.739
6801.091
6802.474
6803.839
6805.224
6806.616
6807.979
6809.378
6810.875
6812.257
6813.686
6815.254
6816.9
6818.311
6819.762
6821.13
6822.726
6824.177
6825.821
6827.259
6828.59
6830.278
6831.719
6833.331
6834.715
6836.111
6837.495
6838.86
6840.251
6841.638
6843.013
6844.392
6845.768
6847.162
6848.556
6849.926
6851.318
6852.791
6854.211
6855.567
6856.906
6858.241
6859.604
6860.981
6862.369
6863.744
6865.128
6866.506
6867.901
6869.295
6870.68
6872.033
6873.434
6874.843
6876.191
6877.593
6878.963
6880.36
6881.733
6883.193
6884.532
6885.933
6887.393
6888.693
6890.033
6891.443
6892.803
6894.203
6895.603
6897.039
6898.346
6899.682
6901.083
6902.448
6903.854
6905.226
6906.594
6908.006
6909.398
6910.773
6912.123
6913.541
6914.907
6916.275
6917.671
6919.049
6920.454
6921.939
6923.306
6924.673
6926.035
6927.434
6928.784
6930.135
6931.488
6932.872
6934.265
6935.656
6937.02
6938.405
6939.78
6941.175
6942.55
6943.939
6945.325
6946.7
6948.069
6949.469
6950.852
6952.244
6953.617
6954.999
6956.45
6957.773
6959.164
6960.524
6961.906
6963.276
6964.675
6966.062
6967.448
6968.812
6970.191
6971.586
6972.98
6974.353
6975.731
6977.13
6978.502
6979.894
6981.323
6982.678
6984.07
6985.398
6986.789
6988.193
6989.573
6991.232
6992.622
6994.31
6996.009
6997.511
6999.073
7000.565
7002.144
7003.833
7005.268
7006.663
7008.053
7009.672
7011.142
7012.74
7014.241
7015.806
7017.524
7018.906
7020.264
7021.644
7023.044
7024.421
7025.801
7027.285
7028.872
7030.279
7031.654
7033.023
7034.399
7035.783
7037.165
7038.548
7039.932
7041.346
7042.716
7044.099
7045.468
7046.852
7048.29
7049.696
7051.059
7052.443
7053.845
7055.468
7056.831
7058.207
7059.59
7060.991
7062.383
7064.049
7065.434
7066.839
7068.204
7069.577
7070.971
7072.356
7073.718
7075.104
7076.504
7077.872
7079.267
7080.669
7082.018
7083.421
7084.782
7086.208
7087.549
7088.949
7090.304
7091.699
7093.101
7094.48
7095.846
7097.238
7098.682
7100.018
7101.371
7102.751
7104.154
7105.541
7106.917
7108.277
7109.662
7111.11
7112.452
7113.828
7115.208
7116.589
7117.963
7119.353
7120.736
7122.107
7123.498
7124.866
7126.269
7127.648
7129.027
7130.401
7131.801
7133.238
7134.574
7135.937
7137.342
7138.699
7140.098
7141.463
7142.863
7144.221
7145.633
7147.005
7148.366
7149.759
7151.243
7152.61
7153.95
7155.291
7156.681
7158.056
7159.441
7160.826
7162.223
7163.573
7164.973
7166.363
7167.791
7169.12
7170.511
7171.871
7173.268
7174.636
7176.036
7177.402
7178.782
7180.166
7181.555
7182.954
7184.31
7185.698
7187.089
7188.488
7189.869
7191.246
7192.612
7194.012
7195.383
7196.781
7198.15
7199.528
7200.9
7202.345
7203.721
7205.059
7206.446
7207.821
7209.208
7210.581
7211.963
7213.356
7214.742
7216.124
7217.52
7218.897
7220.281
7221.654
7223.025
7224.43
7225.813
7227.166
7228.555
7229.965
7231.32
7232.709
7234.082
7235.466
7236.869
7238.238
7239.636
7240.991
7242.378
7243.754
7245.199
7246.528
7247.93
7249.297
7250.671
7252.06
7253.441
7254.826
7256.216
7257.618
7259.027
7260.396
7261.798
7263.17
7264.62
7266.186
7267.729
7269.256
7270.658
7272.102
7273.419
7274.788
7276.167
7277.583
7278.954
7280.313
7281.704
7283.103
7284.46
7285.865
7287.234
7288.61
7290.021
7291.38
7292.759
7294.177
7295.553
7296.923
7298.32
7299.671
7301.074
7302.443
7303.851
7305.224
7306.7
7308.059
7309.38
7310.736
7312.118
7313.518
7314.92
7316.286
7317.947
7319.334
7320.739
7322.723
7324.722
7326.72
7328.714
7330.4
7332.2
7334.088
7336.12
7337.534
7338.847
7340.225
7341.608
7342.995
7344.377
7345.782
7347.158
7348.526
7349.897
7351.299
7352.69
7354.05
7355.544
7356.88
7358.195
7359.643
7361.268
7362.957
7364.66
7366.34
7368.026
7369.717
7371.406
7373.112
7374.808
7376.495
7378.163
7379.859
7381.537
7383.238
7385.012
7386.623
7388.327
7389.987
7391.678
7393.366
7395.084
7396.747
7398.444
7400.151
7401.815
7403.275
7404.641
7406.017
7407.353
7408.749
7410.14
7411.526
7412.896
7414.255
7415.656
7417.037
7418.407
7419.787
7421.195
7422.629
7424.034
7425.369
7426.838
7428.185
7429.547
7430.916
7432.269
7433.621
7435.006
7436.38
7437.781
7439.155
7440.549
7441.921
7443.318
7444.685
7446.052
7447.46
7448.826
7450.21
7451.645
7453.028
7454.354
7455.775
7457.241
7458.601
7459.939
7461.276
7462.672
7464.042
7465.415
7466.793
7468.178
7469.561
7471.05
7472.43
7473.801
7475.203
7476.578
7477.903
7479.251
7480.622
7482.01
7483.383
7484.776
7486.152
7487.54
7488.907
7490.298
7491.984
7493.377
7494.768
7496.128
7497.53
7498.899
7500.294
7501.687
7503.066
7504.439
7505.807
7507.193
7508.596
7509.983
7511.358
7512.74
7514.122
7515.493
7516.895
7518.27
7519.655
7521.023
7522.411
7523.793
7525.182
7526.671
7528.003
7529.34
7530.748
7532.125
7533.483
7534.851
7536.237
7537.606
7539.003
7540.369
7541.776
7543.141
7544.517
7545.919
7547.331
7548.695
7550.064
7551.432
7552.833
7554.223
7555.574
7556.987
7558.352
7559.722
7561.21
7562.559
7563.886
7565.281
7566.654
7568.013
7569.409
7570.813
7572.185
7573.59
7574.949
7576.31
7577.698
7579.072
7580.471
7581.849
7583.221
7584.617
7585.985
7587.381
7588.779
7590.152
7591.61
7592.977
7594.326
7595.787
7597.141
7598.484
7599.826
7601.208
7602.58
7603.975
7605.345
7606.753
7608.141
7609.508
7610.881
7612.257
7613.655
7615.02
7616.404
7617.808
7619.171
7620.58
7621.951
7623.323
7624.726
7626.09
7627.473
7628.839
7630.266
7631.632
7633.032
7634.397
7635.764
7637.137
7638.524
7639.915
7641.283
7642.687
7644.059
7645.434
7646.842
7648.218
7649.584
7650.992
7652.363
7653.757
7655.108
7656.511
7657.899
7659.254
7660.654
7662.039
7663.407
7664.836
7666.196
7667.584
7668.955
7670.354
7671.723
7673.095
7674.485
7675.853
7677.246
7678.615
7680.013
7681.389
7682.782
7684.164
7685.52
7686.93
7688.3
7689.681
7691.05
7692.437
7693.841
7695.209
7696.599
7697.983
7699.432
7700.739
7702.127
7703.495
7704.896
7706.273
7707.666
7709.037
7710.428
7711.795
7713.196
7714.571
7716.002
7717.335
7718.788
7720.134
7721.532
7722.885
7724.257
7725.637
7727.018
7728.469
7729.85
7731.219
7732.567
7734.015
7735.345
7736.68
7738.052
7739.463
7740.837
7742.205
7743.593
7744.992
7746.378
7747.76
7749.117
7750.524
7751.89
7753.289
7754.66
7756.057
7757.417
7758.812
7760.197
7761.574
7762.962
7764.33
7765.712
7767.099
7768.617
7769.932
7771.359
7772.737
7774.068
7775.468
7776.906
7778.272
7779.606
7781.03
7782.401
7783.765
7785.13
7786.47
7787.823
7789.251
7790.622
7791.981
7793.355
7794.761
7796.134
7797.518
7798.977
7800.323
7801.666
7803.118
7804.476
7805.842
7807.201
7808.564
7809.961
7811.356
7812.705
7814.088
7815.486
7816.861
7818.255
7819.653
7821.021
7822.41
7823.868
7825.191
7826.552
7827.942
7829.296
7830.68
7832.101
7833.446
7834.868
7836.256
7837.73
7839.085
7840.455
7841.845
7843.195
7844.562
7845.933
7847.282
7848.658
7850.06
7851.427
7852.796
7854.193
7855.564
7856.958
7858.34
7859.71
7861.093
7862.496
7863.855
7865.243
7866.639
7868.005
7869.403
7870.798
7872.276
7873.629
7875.035
7876.4
7877.758
7879.118
7880.465
7881.837
7883.241
7884.625
7885.982
7887.368
7888.755
7890.133
7891.55
7892.945
7894.313
7895.681
7897.045
7898.459
7899.81
7901.234
7902.567
7903.95
7905.374
7906.811
7908.178
7909.601
7910.946
7912.316
7913.719
7915.126
7916.489
7917.871
7919.222
7920.624
7921.994
7923.367
7924.684
7926.086
7927.475
7928.852
7930.217
7931.615
7933
7934.369
7935.772
7937.141
7938.515
7939.963
7941.603
7943.005
7944.351
7945.756
7947.128
7948.508
7949.877
7951.283
7952.675
7954.033
7955.435
7956.808
7958.191
7959.575
7960.996
7962.39
7963.779
7965.154
7966.51
7967.905
7969.553
7970.985
7972.357
7973.718
7975.103
7976.605
7977.972
7979.305
7980.654
7982.072
7983.433
7984.79
7986.165
7987.55
7988.922
7990.296
7991.696
7993.039
7994.462
7995.921
7997.264
7998.595
7999.963
8001.363
8002.741
8004.099
8005.506
8006.928
8008.268
8009.671
8011.344
8013.021
8014.424
8015.788
8017.173
8018.57
8019.969
8021.338
8022.69
8024.073
8025.479
8026.878
8028.219
8029.605
8030.99
8032.368
8033.768
8035.131
8036.522
8037.924
8039.308
8040.663
8042.052
8043.436
8044.809
8046.282
8047.897
8049.565
8051.307
8053.047
8055.026
8056.691
8058.325
8060.029
8061.811
8063.71
8065.406
8067.102
8068.924
8070.775
8072.469
8074.192
8075.883
8077.535
8079.236
8080.919
8082.601
8084.31
8086.089
8087.799
8089.67
8091.35
8092.743
8094.137
8095.509
8096.898
8098.331
8099.769
8101.156
8102.542
8103.919
8105.798
8107.622
8109.17
8110.551
8111.963
8113.357
8114.75
8116.147
8117.511
8118.883
8120.285
8121.677
8123.008
8124.403
8126.09
8127.461
8128.853
8130.226
8131.628
8132.982
8134.36
8135.744
8137.143
8138.535
8139.924
8141.299
8142.686
8144.103
8145.483
8146.862
8148.248
8149.609
8151.05
8152.466
8153.819
8155.208
8156.633
8157.994
8159.373
8160.933
8162.342
8163.755
8165.174
8166.565
8167.982
8169.553
8170.955
8172.341
8173.715
8175.124
8176.541
8177.909
8179.314
8180.729
8182.109
8183.487
8184.87
8186.275
8187.838
8189.229
8190.609
8191.977
8193.344
8194.743
8196.257
8197.62
8199.204
8200.588
8201.949
8203.33
8204.733
8206.104
8207.478
8208.884
8210.258
8211.702
8213.101
8214.518
8215.914
8217.287
8218.638
8220.026
8221.402
8222.788
8224.151
8225.54
8226.959
8228.351
8229.719
8231.303
8232.705
8234.086
8235.469
8236.855
8238.227
8239.609
8240.985
8242.419
8243.79
8245.186
8246.541
8247.91
8249.316
8250.701
8252.124
8253.496
8254.907
8256.28
8257.672
8259.059
8260.435
8261.816
8263.205
8264.591
8266.171
8267.56
8268.954
8270.319
8271.751
8273.137
8274.49
8275.853
8277.228
8278.609
8279.992
8281.361
8282.778
8284.154
8285.533
8286.947
8288.354
8289.751
8291.143
8292.481
8293.816
8295.208
8296.58
8297.993
8299.356
8300.871
8302.274
8303.802
8305.224
8306.571
8307.972
8309.346
8310.753
8312.189
8313.576
8314.992
8316.366
8317.764
8319.313
8320.711
8322.069
8323.484
8324.853
8326.222
8327.628
8329.023
8330.432
8331.815
8333.18
8334.526
8336.027
8337.411
8338.966
8340.395
8341.793
8343.193
8344.57
8345.955
8347.308
8348.708
8350.11
8351.505
8352.918
8354.483
8355.863
8357.259
8358.672
8360.022
8361.445
8362.838
8364.255
8365.622
8366.978
8368.387
8369.822
8371.381
8372.78
8374.179
8375.553
8376.948
8378.33
8379.701
8381.13
8382.47
8383.847
8385.249
8386.638
8388.039
8389.428
8390.83
8392.197
8393.626
8395.007
8396.368
8397.73
8399.135
8400.537
8401.935
8403.312
8404.875
8406.343
8407.707
8409.117
8410.498
8411.886
8413.298
8414.848
8416.243
8417.608
8419.016
8420.409
8421.817
8423.21
8424.573
8425.966
8427.389
8428.779
8430.155
8431.541
8432.888
8434.289
8435.649
8437.037
8438.432
8439.805
8441.431
8442.833
8444.19
8445.586
8446.986
8448.375
8449.784
8451.183
8452.589
8454.188
8455.558
8457.019
8458.428
8460.017
8461.389
8462.782
8464.221
8465.606
8466.961
8468.351
8469.735
8471.177
8472.566
8473.97
8475.351
8476.902
8478.307
8479.683
8481.094
8482.506
8483.921
8485.499
8486.906
8488.384
8489.781
8491.134
8492.543
8494.113
8495.494
8496.889
8498.286
8499.681
8501.044
8502.446
8503.826
8505.207
8506.622
8508.014
8509.391
8510.787
8512.409
8513.92
8515.315
8516.696
8518.225
8519.608
8520.998
8522.407
8523.841
8525.22
8526.607
8528.008
8529.426
8530.978
8532.385
8533.749
8535.137
8536.544
8537.972
8539.348
8540.711
8540.711
8542.087
8543.459
8544.851
8546.265
8547.67
8549.072
8550.452
8551.8
8553.141
8554.525
8555.914
8557.29
8558.681
8560.052
8561.43
8562.82
8564.315
8565.705
8567.067
8568.42
8569.772
8571.113
8572.503
8573.883
8575.26
8576.648
8578.071
8579.446
8580.808
8582.186
8583.576
8584.974
8586.392
8587.798
8589.142
8590.565
8591.955
8593.305
8594.659
8595.992
8597.401
8598.911
8600.26
8601.616
8602.991
8604.321
8605.723
8607.167
8608.55
8609.916
8611.268
8612.654
8614.09
8615.502
8616.862
8618.226
8619.565
8620.934
8622.289
8623.658
8625.051
8626.425
8627.796
8629.173
8630.574
8631.934
8633.62
8635.046
8636.434
8637.859
8639.478
8640.947
8642.543
8643.979
8645.602
8647.293
8648.985
8650.676
8652.387
8654.066
8655.748
8657.435
8659.16
8660.811
8662.201
8663.622
8665.033
8666.448
8667.88
8669.256
8670.611
8672.198
8673.581
8674.957
8676.34
8677.733
8679.088
8680.472
8681.856
8683.265
8684.636
8686.005
8687.408
8688.782
8690.166
8691.534
8692.944
8694.328
8695.735
8697.083
8698.529
8700.154
8701.674
8703.22
8704.642
8706.086
8707.762
8709.348
8710.756
8712.133
8713.6
8715.048
8716.577
8718.002
8719.35
8720.741
8722.096
8723.486
8724.88
8726.25
8727.649
8729.035
8730.397
8731.784
8733.158
8734.571
8735.931
8737.318
8738.695
8740.088
8741.478
8742.934
8744.281
8745.649
8747.02
8748.385
8749.766
8751.144
8752.518
8753.896
8755.303
8756.664
8758.049
8759.429
8760.818
8762.199
8763.585
8764.974
8766.338
8767.729
8769.141
8770.486
8771.888
8773.256
8774.644
8776.013
8777.486
8778.852
8780.284
8781.875
8783.294
8784.76
8786.331
8787.762
8789.221
8790.787
8792.229
8793.861
8795.31
8796.772
8798.29
8799.724
8801.167
8802.763
8804.458
8805.946
8807.531
8809.011
8810.582
8812.02
8813.658
8815.35
8816.861
8818.407
8819.922
8821.506
8823
8824.562
8826.246
8827.743
8829.337
8831.03
8832.497
8834.081
8835.538
8837.175
8838.591
8840.247
8841.712
8843.303
8844.745
8846.226
8847.749
8849.217
8850.829
8852.27
8853.915
8855.409
8856.975
8858.451
8860.059
8861.507
8863.106
8864.581
8866.179
8867.64
8869.264
8870.707
8872.152
8873.705
8875.213
8876.781
8878.246
8879.87
8881.275
8882.756
8884.315
8885.805
8887.381
8888.852
8890.482
8892.2
8893.828
8895.273
8896.746
8898.301
8899.768
8901.382
8902.811
8904.282
8905.818
8907.294
8908.906
8910.35
8911.965
8913.439
8915.043
8916.476
8918.101
8919.536
8921.031
8922.56
8924.011
8925.627
8927.121
8928.722
8930.403
8931.839
8933.32
8934.846
8936.304
8937.916
8939.382
8941.003
8942.784
8944.686
8946.681
8948.38
8949.846
8951.447
8952.977
8954.53
8956.022
8957.584
8959.088
8960.668
8962.118
8963.719
8965.177
8966.617
8968.187
8969.868
8971.552
8973.373
8974.939
8976.427
8978.025
8979.503
8981.086
8982.823
8984.453
8985.948
8987.527
8988.995
8990.619
8992.074
8993.685
8995.143
8996.766
8998.206
8999.678
9001.195
9002.695
9004.291
9005.964
9007.429
9009.05
9010.557
9012.225
9013.813
9015.271
9016.877
9018.355
9019.963
9021.399
9023.015
9024.487
9026.083
9027.509
9029.023
9030.544
9032.008
9033.616
9035.053
9036.684
9038.149
9039.758
9041.237
9042.826
9044.348
9045.913
9047.609
9049.1
9050.671
9052.137
9053.758
9055.203
9056.816
9058.519
9060.037
9061.588
9063.043
9064.639
9066.076
9067.566
9069.099
9070.554
9072.215
9073.881
9075.368
9076.945
9078.45
9080.023
9081.732
9083.234
9084.777
9086.474
9087.933
9089.523
9091.016
9092.602
9094.064
9095.677
9097.12
9098.759
9100.231
9101.832
9103.315
9104.908
9106.583
9108.021
9109.641
9111.115
9112.741
9114.201
9115.785
9117.226
9118.863
9120.344
9121.954
9123.456
9125.322
9126.841
9128.402
9129.876
9131.458
9133.161
9134.622
9136.278
9137.971
9139.594
9141.074
9142.511
9144.06
9145.517
9147.122
9148.577
9150.198
9151.651
9153.271
9154.697
9156.173
9157.735
9159.221
9160.811
9162.272
9163.872
9165.412
9166.936
9168.404
9169.862
9171.416
9172.864
9174.469
9175.911
9177.558
9179.012
9180.623
9182.07
9183.547
9185.069
9186.506
9188.134
9189.648
9191.21
9193.012
9194.585
9196.063
9197.682
9199.121
9200.736
9202.436
9203.917
9205.509
9206.98
9208.577
9210.046
9211.638
9213.054
9214.47
9215.896
9217.5
9218.919
9220.379
9221.95
9223.442
9225.02
9226.498
9228.085
9229.526
9230.982
9232.531
9233.977
9235.926
9237.636
9239.312
9240.993
9242.517
9244.062
9245.551
9247.135
9248.57
9250.037
9251.598
9253.27
9254.805
9256.339
9257.79
9259.409
9260.844
9262.318
9263.864
9265.317
9266.781
9268.318
9269.737
9271.394
9272.842
9274.271
9275.846
9277.28
9278.927
9280.367
9281.777
9283.136
9284.518
9285.864
9287.253
9288.677
9290.029
9291.405
9292.797
9294.212
9295.634
9297.198
9298.582
9300.035
9301.493
9303.047
9304.494
9305.933
9307.513
9308.952
9310.405
9311.946
9313.652
9315.337
9316.829
9318.389
9319.806
9321.281
9322.872
9324.306
9325.739
9327.161
9328.69
9330.078
9331.505
9332.967
9334.537
9335.951
9337.405
9338.992
9340.429
9341.889
9343.441
9344.895
9346.5
9347.904
9349.312
9350.782
9352.362
9353.887
9355.433
9356.862
9358.304
9359.864
9361.285
9362.718
9364.164
9365.701
9367.132
9368.614
9370.169
9371.585
9373.069
9374.633
9376.082
9377.539
9379.063
9380.516
9381.937
9383.522
9384.949
9386.39
9387.803
9389.411
9390.883
9392.436
9393.827
9395.258
9396.714
9398.271
9399.692
9401.096
9402.533
9404.12
9405.809
9407.254
9408.873
9410.32
9411.793
9413.344
9414.814
9416.418
9417.872
9419.478
9420.936
9422.552
9424.006
9425.614
9427.128
9428.682
9430.061
9431.501
9432.944
9434.545
9436.032
9437.611
9439.096
9440.684
9442.118
9443.57
9445.123
9446.563
9448.013
9449.585
9451.011
9452.431
9453.864
9455.412
9456.877
9458.321
9459.867
9461.31
9462.784
9464.406
9466.014
9467.465
9468.94
9470.466
9471.906
9473.374
9474.93
9476.384
9478.005
9479.408
9480.83
9482.29
9483.89
9485.351
9486.96
9488.592
9490.299
9491.67
9493.058
9494.482
9495.936
9497.341
9498.731
9500.099
9501.646
9503.086
9504.494
9505.866
9507.258
9508.604
9510.012
9511.4
9512.79
9514.153
9515.783
9517.169
9518.554
9519.921
9521.312
9522.706
9524.16
9525.758
9527.163
9528.569
9529.938
9531.34
9532.728
9534.156
9536.058
9537.748
9539.174
9540.54
9541.897
9543.359
9544.961
9546.674
9548.028
9549.434
9550.818
9552.181
9553.568
9554.998
9556.364
9557.751
9559.092
9560.49
9561.871
9563.258
9564.625
9565.998
9567.393
9568.793
9570.17
9571.547
9573.023
9574.365
9575.74
9577.124
9578.514
9579.869
9581.234
9582.598
9583.988
9585.37
9586.751
9588.161
9589.513
9590.896
9592.289
9593.688
9595.068
9596.417
9597.823
9599.179
9600.572
9601.946
9603.341
9604.711
9606.094
9607.564
9608.928
9610.273
9611.635
9613.012
9614.402
9615.784
9617.17
9618.544
9619.913
9621.299
9622.69
9624.084
9625.444
9626.848
9628.222
9629.61
9630.985
9632.355
9633.739
9635.129
9636.527
9637.913
9639.291
9640.68
9642.136
9643.541
9644.901
9646.252
9647.621
9648.987
9650.375
9651.746
9653.131
9654.488
9655.959
9657.287
9658.658
9660.053
9661.455
9662.824
9664.233
9665.647
9667.003
9668.373
9669.753
9671.138
9672.542
9673.898
9675.307
9676.741
9678.298
9679.674
9681.068
9682.451
9683.838
9685.239
9686.615
9687.99
9689.373
9690.782
9692.156
9693.55
9694.903
9696.276
9697.666
9699.037
9700.41
9701.799
9703.218
9704.669
9706.067
9707.464
9708.837
9710.237
9711.787
9713.175
9714.545
9715.918
9717.328
9718.697
9720.087
9721.495
9722.831
9724.22
9725.643
9727.145
9728.681
9730.122
9731.568
9733.129
9734.61
9736.653
9738.854
9740.867
9742.798
9744.817
9747.099
9749.122
9751.092
9753.421
9755.412
9757.2
9758.834
9760.212
9761.589
9763.025
9764.63
9766.058
9767.479
9768.897
9770.446
9771.9
9773.362
9774.919
9776.597
9778.044
9779.479
9781.072
9782.489
9783.927
9785.499
9786.922
9788.35
9789.779
9791.351
9792.796
9794.224
9795.809
9797.27
9798.69
9800.251
9801.679
9803.117
9804.729
9806.164
9807.563
9809.167
9810.607
9812.061
9813.63
9815.057
9816.493
9817.931
9819.446
9820.883
9822.315
9823.908
9825.399
9826.828
9828.373
9829.853
9831.43
9832.876
9834.302
9835.888
9837.346
9838.98
9840.417
9841.891
9843.421
9844.89
9846.479
9847.967
9849.578
9851.001
9852.451
9854.009
9855.438
9857.092
9858.516
9859.922
9861.349
9862.928
9864.335
9866.001
9867.429
9868.852
9870.241
9871.854
9873.284
9874.724
9876.308
9877.786
9879.38
9880.826
9882.256
9883.829
9885.227
9886.653
9888.272
9889.755
9891.354
9892.801
9894.238
9895.798
9897.282
9898.883
9900.31
9901.959
9903.642
9905.08
9906.508
9908.085
9909.506
9910.936
9912.352
9913.927
9915.365
9916.814
9918.382
9919.8
9921.228
9922.659
9924.233
9925.672
9927.286
9928.731
9930.139
9931.538
9933.115
9934.532
9935.935
9937.371
9938.975
9940.492
9942.046
9943.712
9945.165
9946.631
9948.173
9949.624
9951.052
9952.636
9954.072
9955.521
9957.077
9958.513
9960.002
9961.547
9962.974
9964.416
9965.837
9967.374
9968.881
9970.444
9971.889
9973.362
9974.894
9976.347
9977.992
9979.428
9980.884
9982.443
9983.873
9985.315
9986.744
9988.262
9989.667
9991.092
9992.547
9994.108
9995.517
9996.974
9998.387
9999.946
10001.635
10003.087
10004.544
10006.086
10007.598
10009.172
10010.612
10012.231
10013.629
10015.293
10016.733
10018.213
10019.761
10021.186
10022.646
10024.218
10025.642
10027.062
10028.475
10030.037
10031.477
10032.925
10034.306
10035.9
10037.319
10038.975
10040.426
10041.837
10043.423
10044.93
10046.49
10047.909
10049.341
10050.955
10052.622
10054.332
10055.758
10057.187
10058.768
10060.224
10061.655
10063.238
10064.695
10066.288
10067.703
10069.179
10070.767
10072.257
10073.829
10075.286
10076.751
10078.267
10079.724
10081.17
10082.745
10084.199
10085.809
10087.25
10088.707
10090.258
10091.674
10093.148
10094.718
10096.214
10097.64
10099.165
10100.579
10102.009
10103.417
10104.847
10106.379
10107.84
10109.282
10110.854
10112.307
10113.923
10115.364
10116.773
10118.168
10119.746
10121.227
10122.655
10124.206
10125.598
10127.273
10128.694
10130.117
10131.585
10133.13
10134.596
10136.009
10137.572
10139.051
10140.645
10142.108
10143.542
10145.097
10146.514
10147.938
10149.389
10150.947
10152.381
10153.85
10155.403
10156.85
10158.263
10159.857
10161.259
10162.694
10164.309
10165.78
10167.186
10168.604
10170.139
10171.618
10173.209
10174.613
10176.012
10177.425
10178.838
10180.442
10181.855
10183.267
10184.707
10186.272
10187.788
10189.355
10190.786
10192.2
10193.78
10195.193
10196.654
10198.071
10199.47
10201.025
10202.689
10204.095
10205.527
10206.98
10208.541
10210.005
10211.426
10212.993
10214.479
10216.069
10217.518
10219.15
10220.585
10222.209
10223.669
10225.116
10226.661
10228.096
10229.542
10231.109
10232.567
10234
10235.561
10237.012
10238.633
10240.102
10241.727
10243.183
10244.628
10246.172
10247.604
10249.024
10250.615
10252.023
10253.43
10254.828
10256.287
10257.852
10259.349
10260.761
10262.286
10263.744
10265.175
10266.6
10268.127
10269.567
10271.028
10272.601
10274.031
10275.65
10277.13
10278.548
10280.133
10281.585
10283.186
10284.583
10286.056
10287.475
10289.037
10290.476
10291.89
10293.305
10294.874
10296.337
10297.773
10299.305
10300.785
10302.234
10303.78
10305.217
10306.63
10308.017
10309.61
10311.051
10312.695
10314.169
10315.757
10317.209
10318.633
10320.207
10321.643
10323.276
10324.737
10326.158
10327.736
10329.196
10330.608
10332.205
10333.653
10335.083
10336.649
10338.054
10339.533
10341.108
10342.513
10343.97
10345.557
10346.98
10348.434
10350.011
10351.463
10352.871
10354.454
10355.916
10357.363
10358.928
10360.38
10362.003
10363.489
10365.075
10366.747
10368.227
10369.827
10371.281
10372.743
10374.283
10375.747
10377.359
10378.788
10380.229
10381.818
10383.269
10384.879
10386.313
10387.937
10389.353
10390.801
10392.388
10393.84
10395.267
10396.857
10398.337
10399.759
10401.314
10402.736
10404.175
10405.777
10407.225
10408.673
10410.213
10411.64
10413.084
10414.678
10416.123
10417.56
10419.13
10420.566
10422.007
10423.576
10425.129
10426.65
10428.084
10429.522
10431.103
10432.527
10433.964
10435.554
10436.98
10438.454
10440.023
10441.47
10443.087
10444.496
10445.958
10447.541
10448.976
10450.4
10451.997
10453.437
10454.862
10456.277
10457.836
10459.322
10460.92
10462.609
10464.063
10465.677
10467.096
10468.552
10470.115
10471.54
10472.983
10474.403
10475.961
10477.397
10478.839
10480.264
10481.789
10483.26
10484.721
10486.255
10487.699
10489.151
10490.721
10492.16
10493.585
10495.151
10496.583
10498.041
10499.626
10501.067
10502.508
10504.072
10505.501
10506.922
10508.532
10509.988
10511.605
10513.063
10514.496
10516.051
10517.476
10518.929
10520.495
10522.006
10523.585
10525.082
10526.638
10528.076
10529.509
10531.118
10532.519
10534.004
10535.553
10537.103
10538.639
10540.082
10541.505
10543.102
10544.53
10545.985
10547.558
10548.982
10550.407
10551.818
10553.365
10554.791
10556.25
10557.684
10559.227
10560.663
10562.077
10563.493
10565.059
10566.479
10567.949
10569.493
10570.96
10572.397
10573.954
10575.432
10577.026
10578.518
10580.107
10581.808
10583.257
10584.704
10586.238
10587.701
10589.317
10590.777
10592.226
10593.786
10595.231
10596.846
10598.338
10599.932
10601.359
10602.775
10604.362
10605.794
10607.243
10608.833
10610.274
10611.889
10613.335
10614.825
10616.359
10617.838
10619.292
10620.819
10622.267
10623.717
10625.384
10626.967
10628.638
10630.081
10631.509
10632.937
10634.468
10635.911
10637.362
10638.953
10640.39
10641.809
10643.395
10644.883
10646.454
10647.878
10649.54
10650.99
10652.438
10653.985
10655.438
10656.894
10658.434
10659.848
10661.34
10662.902
10664.391
10665.972
10667.399
10668.857
10670.414
10671.843
10673.288
10674.883
10676.338
10677.779
10679.334
10680.81
10682.403
10683.823
10685.271
10686.857
10688.29
10689.735
10691.331
10692.767
10694.176
10695.781
10697.253
10698.83
10700.328
10701.752
10703.292
10704.733
10706.159
10707.573
10709.159
10710.609
10712.209
10713.648
10715.092
10716.649
10718.101
10719.725
10721.141
10722.583
10724.175
10725.648
10727.275
10728.72
10730.324
10731.759
10733.194
10734.634
10736.164
10737.635
10739.061
10740.614
10742.067
10743.708
10745.147
10746.606
10748.143
10749.557
10751.219
10752.708
10754.079
10755.665
10757.145
10758.735
10760.443
10762.451
10763.871
10765.259
10766.719
10768.274
10769.66
10771.156
10772.744
10774.117
10775.538
10776.918
10778.354
10779.78
10781.339
10782.764
10784.214
10785.811
10787.215
10788.645
10790.086
10791.624
10793.056
10794.466
10795.874
10797.461
10798.966
10800.539
10801.974
10803.411
10804.813
10806.218
10807.748
10809.192
10810.622
10812.189
10813.626
10815.047
10816.495
10818.052
10819.452
10820.892
10822.494
10823.916
10825.366
10826.753
10828.16
10829.729
10831.132
10832.533
10833.932
10835.549
10836.964
10838.403
10839.825
10841.393
10842.812
10844.261
10845.68
10847.238
10848.646
10850.083
10851.522
10853.065
10854.428
10855.899
10857.309
10858.888
10860.348
10861.778
10863.182
10864.766
10866.172
10867.599
10869.179
10870.582
10872.251
10873.654
10875.058
10876.495
10877.913
10879.472
10880.945
10882.378
10883.954
10885.362
10886.8
10888.231
10889.767
10891.189
10892.645
10894.062
10895.599
10897.007
10898.419
10899.851
10901.307
10902.816
10904.254
10905.688
10907.104
10908.654
10910.089
10911.541
10912.938
10914.489
10915.933
10917.352
10918.772
10920.341
10921.768
10923.192
10924.624
10926.183
10927.586
10929.004
10930.455
10932.007
10933.419
10934.835
10936.233
10937.686
10939.227
10940.696
10942.16
10943.68
10945.183
10946.59
10948.14
10949.539
10950.957
10952.371
10953.79
10955.373
10956.787
10958.222
10959.648
10961.186
10962.606
10964.101
10965.669
10967.068
10968.487
10969.917
10971.484
10972.904
10974.335
10975.765
10977.338
10978.732
10980.131
10981.62
10983.183
10984.597
10986.02
10987.616
10989.013
10990.446
10991.905
10993.451
10994.893
10996.279
10997.674
10999.116
11000.685
11002.143
11003.576
11005.156
11006.808
11008.52
11009.968
11011.429
11012.98
11014.406
11016.046
11017.449
11019.118
11020.55
11021.983
11023.549
11024.96
11026.364
11027.782
11029.217
11030.64
11032.153
11033.632
11035.074
11036.631
11038.036
11039.459
11040.877
11042.287
11043.847
11045.303
11046.709
11048.295
11049.746
11051.187
11052.557
11054.127
11055.809
11057.238
11058.698
11060.258
11061.702
11063.157
11064.712
11066.136
11067.574
11069.195
11070.615
11072.038
11073.472
11075.033
11076.481
11078.095
11079.497
11080.915
11082.284
11083.705
11085.105
11086.516
11088.086
11089.491
11090.909
11092.525
11093.94
11095.381
11096.81
11098.368
11099.815
11101.222
11102.683
11104.204
11105.61
11107.028
11108.469
11110.054
11111.489
11112.903
11114.284
11115.701
11117.269
11118.956
11120.434
11121.857
11123.425
11124.904
11126.479
11127.896
11129.555
11130.98
11132.391
11133.831
11135.395
11136.848
11138.292
11139.857
11141.277
11142.743
11144.303
11145.707
11147.135
11148.558
11150.125
11151.538
11153.007
11154.405
11155.955
11157.382
11158.803
11160.239
11161.824
11163.239
11164.653
11166.271
11167.707
11169.108
11170.707
11172.152
11173.565
11174.976
11176.408
11177.951
11179.35
11180.797
11182.23
11183.764
11185.176
11186.601
11188.003
11189.433
11190.996
11192.4
11193.848
11195.235
11196.825
11198.262
11199.665
11201.284
11202.807
11204.358
11205.778
11207.23
11208.799
11210.241
11211.671
11213.103
11214.661
11216.107
11217.55
11219.097
11220.509
11221.953
11223.398
11224.949
11226.38
11227.798
11229.408
11230.813
11232.23
11233.681
11235.218
11236.688
11238.094
11239.679
11241.126
11242.536
11244.134
11245.537
11247.004
11248.429
11249.968
11251.395
11252.868
11254.443
11255.866
11257.324
11258.753
11260.273
11261.673
11263.087
11264.528
11265.954
11267.479
11268.912
11270.346
11271.793
11273.317
11274.756
11276.397
11277.833
11279.3
11280.859
11282.329
11283.753
11285.291
11286.73
11288.194
11289.763
11291.158
11292.613
11294.018
11295.583
11297.03
11298.451
11299.871
11301.443
11302.876
11304.317
11305.883
11307.323
11308.742
11310.163
11311.712
11313.408
11314.84
11316.287
11317.708
11319.254
11320.686
11322.107
11323.71
11325.127
11326.57
11328.165
11329.556
11330.989
11332.614
11334.032
11335.483
11336.913
11338.441
11339.887
11341.304
11342.732
11344.285
11345.727
11347.15
11348.569
11350.142
11351.636
11353.191
11354.64
11356.114
11357.656
11359.06
11360.478
11361.949
11363.5
11365.01
11366.55
11367.981
11369.42
11370.854
11372.385
11373.805
11375.239
11376.677
11378.252
11379.688
11381.298
11382.799
11384.404
11385.821
11387.454
11388.924
11390.534
11392.011
11393.412
11394.988
11396.442
11397.911
11399.446
11388.925
11390.466
11391.935
11393.399
11394.919
11396.422
11397.829
11399.379
11400.778
11402.196
11403.61
11405.029
11406.612
11408.026
11409.461
11410.887
11412.425
11413.845
11415.34
11416.908
11418.307
11419.726
11421.156
11422.723
11424.143
11425.574
11427.004
11428.577
11429.971
11431.37
11432.859
11434.422
11435.836
11437.259
11438.855
11440.252
11441.685
11443.144
11444.69
11446.132
11447.518
11448.913
11450.355
11451.924
11453.382
11454.815
11456.395
11458.047
11459.759
11461.207
11462.668
11464.219
11465.645
11467.285
11468.688
11470.357
11471.789
11473.222
11474.788
11476.199
11477.603
11479.021
11480.456
11481.879
11483.392
11484.871
11486.313
11487.87
11489.275
11490.698
11492.116
11493.526
11495.086
11496.542
11497.948
11499.534
11500.985
11502.426
11503.796
11505.366
11507.048
11508.477
11509.937
11511.497
11512.941
11514.396
11515.951
11517.375
11518.813
11520.434
11521.854
11523.277
11524.711
11526.272
11527.72
11529.334
11530.736
11532.154
11533.523
11534.944
11536.344
11537.755
11539.325
11540.73
11542.148
11543.764
11545.179
11546.62
11548.049
11549.607
11551.054
11552.461
11553.922
11555.443
11556.849
11558.267
11559.708
11561.293
11562.728
11564.142
11565.523
11566.94
11568.508
11570.195
11571.673
11573.096
11574.664
11576.143
11577.718
11579.135
11580.794
11582.219
11583.63
11585.07
11586.634
11588.087
11589.531
11591.096
11592.516
11593.982
11595.542
11596.946
11598.374
11599.797
11601.364
11602.777
11604.246
11605.644
11607.194
11608.621
11610.042
11611.478
11613.063
11614.478
11615.892
11617.51
11618.946
11620.347
11621.946
11623.391
11624.804
11626.215
11627.647
11629.19
11630.589
11632.036
11633.469
11635.003
11636.415
11637.84
11639.242
11640.672
11642.235
11643.639
11645.087
11646.474
11648.064
11649.501
11650.904
11652.523
11654.046
11655.597
11657.017
11658.469
11660.038
11661.48
11662.91
11664.342
11665.9
11667.346
11668.789
11670.336
11671.748
11673.192
11674.637
11676.188
11677.619
11679.037
11680.647
11682.052
11683.469
11684.92
11686.457
11687.927
11689.333
11690.918
11692.365
11693.775
11695.373
11696.776
11698.243
11699.668
11701.207
11702.634
11704.107
11705.682
11707.105
11708.563
11709.992
11711.512
11712.912
11714.326
11715.767
11717.193
11718.718
11720.151
11721.585
11723.032
11724.556
11725.995
11727.636
11729.072
11730.539
11732.098
11733.568
11734.992
11736.53
11737.969
11739.433
11741.002
11742.397
11743.852
11745.257
11746.822
11748.269
11749.69
11751.11
11752.682
11754.115
11755.556
11757.122
11758.562
11759.981
11761.402
11762.951
11764.647
11766.079
11767.526
11768.947
11770.493
11771.925
11773.346
11774.949
11776.366
11777.809
11779.404
11780.795
11782.228
11783.853
11785.271
11786.722
11788.152
11789.68
11791.126
11792.543
11793.971
11795.524
11796.966
11798.389
11799.808
11801.381
11802.875
11804.43
11805.879
11807.353
11808.895
11810.299
11811.717
11813.188
11814.739
11816.249
11817.789
11819.22
11820.659
11822.093
11823.624
11825.044
11826.478
11827.916
11829.491
11830.927
11832.537
11834.038
11835.643
11837.06
11838.693
11840.163
11841.773
11843.25
11844.651
11846.227
11847.681
11849.15
11850.685
11852.14
11853.735
11855.178
11855.744