0.04853
0.06584
0.03709
0.01738
0.00896
0.01151
0.02258
0.03887
0.05552
0.0785
0.09343
0.09237
0.09252
0.07961
0.06842
0.06333
0.05477
0.04199
0.02784
0.01206
-0.00595
-0.0151
-0.02351
-0.03738
-0.03224
-0.01681
-0.01141
-0.00223
0.00492
0.00758
0.00922
0.01262
-0.00432
-0.02035
-0.03321
-0.04716
-0.07031
-0.07865
-0.09244
-0.10362
-0.10601
-0.10994
-0.11984
-0.12242
-0.12066
-0.10881
-0.10299
-0.08846
-0.08499
-0.07219
-0.05848
-0.05073
-0.03833
-0.02623
-0.00506
0.01425
0.02021
0.03181
0.03719
0.04492
0.05133
0.06568
0.08169
0.08916
0.09515
0.08804
0.07542
0.06167
0.04103
0.019
0.00253
-0.01304
-0.03257
-0.05599
-0.07443
-0.09168
-0.0971
-0.10127
-0.09501
-0.08263
-0.06382
-0.04265
-0.02118
-0.00834
0.00233
0.01053
0.01886
0.01311
0.00821
-0.00222
-0.00791
-0.01351
-0.02619
-0.04639
-0.06249
-0.06958
-0.07224
-0.07251
-0.05739
-0.04185
-0.02546
-0.02194
-0.02402
-0.03312
-0.04519
-0.0555
-0.06821
-0.07663
-0.08144
-0.08887
-0.08773
-0.08932
-0.08379
-0.08298
-0.08003
-0.07495
-0.07383
-0.07087
-0.07191
-0.06682
-0.05844
-0.06642
-0.06749
-0.07721
-0.07684
-0.07386
-0.06914
-0.06399
-0.06328
-0.06584
-0.08318
-0.10935
-0.12197
-0.14373
-0.15231
-0.16052
-0.17195
-0.18259
-0.1893
-0.19927
-0.21349
-0.21231
-0.20742
-0.20176
-0.18748
-0.16836
-0.15098
-0.12698
-0.1129
-0.10618
-0.10046
-0.08319
-0.07653
-0.06678
-0.06462
-0.064
-0.06725
-0.07363
-0.08428
-0.08616
-0.08109
-0.06402
-0.05015
-0.03585
-0.02618
-0.01367
-8.05E-4
0.00545
0.00562
-0.00314
-0.01177
-0.0166
-0.02342
-0.02734
-0.02762
-0.02428
-0.01742
-0.01689
-0.01366
-0.0044
0.01797
0.04585
0.07416
0.09284
0.09684
0.09524
0.08693
0.06988
0.05935
0.04319
0.03181
0.0133
-0.00279
-0.02567
-0.04145
-0.04431
-0.04432
-0.04045
-0.03614
-0.03401
-0.02287
-0.015
-0.00684
-0.01355
-0.02089
-0.03571
-0.05699
-0.07555
-0.09132
-0.09415
-0.08143
-0.06664
-0.05838
-0.04866
-0.02989
-0.00987
0.01765
0.05178
0.08691
0.12138
0.15431
0.1672
0.17155
0.17562
0.17535
0.17012
0.15585
0.13733
0.1186
0.09169
0.06237
0.02494
-4.16E-4
-0.02427
-0.04004
-0.04557
-0.04568
-0.03494
-0.02151
-0.02293
-0.02883
-0.04014
-0.0507
-0.06261
-0.06714
-0.0614
-0.04943
-0.03203
-0.01443
-0.00606
0.00777
0.02531
0.04363
0.06988
0.0899
0.10912
0.12032
0.12574
0.12404
0.11821
0.12224
0.13032
0.14192
0.15422
0.15545
0.15319
0.13898
0.11682
0.09129
0.06589
0.04866
0.03572
0.02743
0.01937
0.01477
0.01171
0.00699
0.00747
0.01275
0.01973
0.02839
0.03149
0.02708
0.01987
0.01481
0.01144
0.01366
0.01876
0.02532
0.02974
0.03282
0.03182
0.03375
0.03729
0.04334
0.04712
0.05085
0.04398
0.03839
0.03059
0.02538
0.01818
0.01212
0.00435
-0.00615
-0.0155
-0.02531
-0.04297
-0.05532
-0.0685
-0.08036
-0.09409
-0.10146
-0.10228
-0.10406
-0.09367
-0.09283
-0.08971
-0.08131
-0.07047
-0.05265
-0.0341
-0.0136
-0.00591
-0.01125
-0.01426
-0.02816
-0.03272
-0.03968
-0.04501
-0.04499
-0.05011
-0.05766
-0.06334
-0.0631
-0.05134
-0.03489
-0.01496
0.00724
0.02915
0.05301
0.06323
0.0721
0.08635
0.09105
0.09245
0.0885
0.0779
0.07609
0.07169
0.07408
0.07082
0.07675
0.08144
0.07807
0.07466
0.06593
0.05933
0.05605
0.04565
0.03559
0.01986
0.01095
0.00248
-0.00385
-0.01064
-0.01604
-0.01024
-0.00715
-0.00896
-0.01659
-0.02812
-0.02939
-0.03703
-0.05302
-0.07383
-0.08449
-0.08157
-0.07697
-0.07055
-0.05978
-0.04331
-0.02231
-0.01379
-3.9E-5
0.02699
0.07061
0.12061
0.16279
0.2002
0.2332
0.2619
0.28277
0.29261
0.29204
0.27938
0.25408
0.2203
0.16716
0.11348
0.0616
0.02522
-0.0023
-0.02531
-0.0447
-0.04574
-0.03542
-0.01117
0.00726
0.03311
0.05433
0.07765
0.08259
0.07679
0.07072
0.07032
0.06322
0.06282
0.04846
0.03559
0.0158
0.00228
-0.01786
-0.02778
-0.03038
-0.02953
-0.02727
-0.02488
-0.03753
-0.04176
-0.04907
-0.04241
-0.03889
-0.0298
-0.02187
-0.01588
-0.00988
-0.01379
-0.02186
-0.01396
-0.01176
-0.00564
-0.00662
-0.01627
-0.0265
-0.03437
-0.04456
-0.05963
-0.07203
-0.06886
-0.07947
-0.08779
-0.09069
-0.09872
-0.09419
-0.08436
-0.08084
-0.07757
-0.08008
-0.08283
-0.09858
-0.10913
-0.11287
-0.11598
-0.11246
-0.09845
-0.08581
-0.07034
-0.05442
-0.0311
-0.0042
0.02452
0.04623
0.06677
0.08643
0.10285
0.11945
0.15372
0.20015
0.27761
0.39658
0.5272
0.69091
0.88737
1.11408
1.36189
1.63057
1.90834
2.17398
2.44299
2.65953
2.8058
2.947
3.05189
3.13577
3.18176
3.17181
3.14226
3.0951
3.02982
2.92565
2.83258
2.77704
2.73492
2.70582
2.68507
2.64725
2.65202
2.67074
2.69801
2.7305
2.7599
2.78114
2.79835
2.79513
2.79241
2.74441
2.72468
2.71318
2.71404
2.70111
2.69202
2.71774
2.78998
2.8736
2.94535
2.98597
3.0634
3.132
3.16811
3.16573
3.16942
3.17952
3.17604
3.14795
3.09841
3.05142
3.04395
3.0387
3.05416
3.082
3.13323
3.18145
3.22175
3.26031
3.29175
3.30456
3.34251
3.34216
3.33618
3.29382
3.25795
3.21451
3.17767
3.14287
3.11664
3.09397
3.09759
3.06121
3.04694
3.03314
3.0378
3.02661
3.01923
3.02037
3.00463
2.98883
2.98012
2.94342
2.93378
2.93383
2.94
2.91375
2.90108
2.89539
2.85061
2.83046
2.80695
2.77381
2.79814
2.84216
2.87299
2.87872
2.90573
2.93552
2.94983
2.99713
3.03843
3.07961
3.13259
3.13304
3.09672
3.07027
3.04952
3.04104
3.04134
3.05509
3.04579
3.03069
3.02558
2.98735
2.9918
3.03267
3.06183
3.07887
3.10302
3.10934
3.07544
3.06478
3.06444
3.05556
3.07115
3.07526
3.0631
3.04189
3.0316
3.00545
2.9425
2.91832
2.89678
2.86007
2.82388
2.81281
2.81931
2.81821
2.81411
2.82466
2.80406
2.84248
2.88006
2.88291
2.91328
2.94604
2.96992
2.9739
2.98324
2.99653
2.99768
3.0528
3.06642
3.0553
3.0754
3.05089
3.03602
3.0345
3.03378
3.02916
3.0655
3.12689
3.14544
3.19385
3.25102
3.24971
3.27786
3.30105
3.27246
3.23551
3.22582
3.18839
3.14029
3.13283
3.12264
3.09656
3.13229
3.16092
3.15551
3.16905
3.19269
3.16049
3.14579
3.12943
3.0943
3.05287
3.0505
3.03362
2.9953
2.99017
2.99734
2.9805
2.99401
2.98946
2.97031
2.96705
2.98052
2.98376
2.96637
2.99229
3.02757
3.0617
3.1103
3.1365
3.15092
3.17432
3.18908
3.16566
3.11341
3.07704
3.03299
2.99339
2.9582
2.92612
2.94903
2.97663
3.01209
3.02721
3.06104
3.10782
3.16798
3.20677
3.22817
3.23955
3.25786
3.23704
3.24064
3.2267
3.2365
3.26523
3.28134
3.28362
3.30957
3.32724
3.36458
3.40484
3.43335
3.42946
3.44169
3.43194
3.38815
3.39501
3.42023
3.41087
3.40952
3.39088
3.32929
3.2925
3.27147
3.22705
3.20622
3.21296
3.19216
3.12266
3.08156
3.04407
2.99499
2.97622
2.95208
2.9231
2.92003
2.91327
2.92516
2.9481
3.02714
3.0815
3.12346
3.1523
3.14822
3.12908
3.10955
3.0919
3.08129
3.06023
3.03071
2.97111
2.93841
2.91381
2.90802
2.92946
2.97193
3.0223
3.03875
3.05553
3.06575
3.06158
3.0748
3.09344
3.13337
3.13696
3.1404
3.13703
3.11492
3.10164
3.06731
3.01727
2.98183
2.96279
2.95418
2.92108
2.9261
2.95109
2.96742
2.97751
3.00945
3.06499
3.09758
3.13439
3.15483
3.13301
3.09446
3.06531
3.00159
2.95746
2.95925
2.95494
2.93514
2.96497
2.98055
2.97953
3.00779
3.04193
3.04909
3.09968
3.13493
3.12923
3.14026
3.15532
3.13253
3.12292
3.13123
3.09994
3.08074
3.08288
3.02882
2.97156
2.93791
2.87786
2.83179
2.82656
2.82946
2.83457
2.89252
2.9438
2.98468
3.07153
3.14022
3.18122
3.24548
3.27825
3.27952
3.28749
3.29527
3.25426
3.24244
3.24364
3.20307
3.18295
3.1691
3.116
3.07491
3.03568
2.96568
2.87022
2.81356
2.74003
2.66244
2.6157
2.57307
2.58688
2.68476
2.82286
2.99202
3.16912
3.33781
3.44809
3.49692
3.48253
3.42624
3.3687
3.27187
3.10979
2.90328
2.64905
2.37097
2.09127
1.8335
1.61709
1.45558
1.32705
1.19955
1.0704
0.95794
0.84431
0.74262
0.66081
0.60436
0.55879
0.51391
0.47111
0.43396
0.39556
0.3604
0.31277
0.27516
0.25235
0.24257
0.2311
0.22036
0.22587
0.23031
0.22706
0.22106
0.21348
0.21038
0.20536
0.19992
0.18853
0.17602
0.1776
0.17827
0.18029
0.19054
0.20928
0.22415
0.23574
0.24445
0.2446
0.23435
0.22154
0.20045
0.17562
0.15328
0.13553
0.11715
0.09493
0.07244
0.05031
0.03381
0.02661
0.02591
0.03468
0.04646
0.05893
0.0656
0.0607
0.05832
0.0548
0.06239
0.06609
0.07219
0.07722
0.07373
0.05694
0.03747
0.02111
0.01092
-0.00391
-0.00185
-0.00489
-0.00573
-0.00836
-0.01595
-0.03317
-0.03501
-0.03156
-0.0308
-0.02527
0.00344
0.02236
0.03553
0.04839
0.05579
0.06436
0.08702
0.10166
0.10769
0.10824
0.10422
0.07905
0.04567
0.01931
-0.00178
-0.00931
-0.00546
-3.51E-4
0.0048
0.00881
0.01951
0.02289
0.02731
0.03546
0.03782
0.03554
0.02619
0.01046
-0.00838
-0.02522
-0.02309
-0.02079
-0.00827
0.00139
0.012
0.01563
0.01425
0.01322
0.01309
0.01092
0.02664
0.03251
0.03552
0.03662
0.04158
0.04976
0.06233
0.08119
0.09606
0.10263
0.11551
0.10856
0.10097
0.09484
0.08828
0.08803
0.07601
0.06493
0.04607
0.03042
0.02509
0.01949
0.02197
0.01725
0.01542
0.0102
-0.00589
-0.01339
-0.02074
-0.01752
-0.01137
-0.00626
-0.00886
-0.01815
-0.02046
-0.03048
-0.0415
-0.04127
-0.03479
-0.02447
-0.01683
-0.0171
-0.02644
-0.03268
-0.03683
-0.03999
-0.03812
-0.02627
-0.01741
-0.02231
-0.03329
-0.04987
-0.06308
-0.07317
-0.08264
-0.08853
-0.0967
-0.10688
-0.12101
-0.13448
-0.14073
-0.14229
-0.14138
-0.14998
-0.15688
-0.16857
-0.17683
-0.18006
-0.17218
-0.15431
-0.13578
-0.11867
-0.10685
-0.0973
-0.08086
-0.06548
-0.04268
-0.02145
-0.00522
0.00311
-8.23E-4
-0.01329
-0.0307
-0.04325
-0.05887
-0.06913
-0.07407
-0.07506
-0.07881
-0.08379
-0.08556
-0.08287
-0.07664
-0.05796
-0.04396
-0.02117
-0.00406
0.00966
0.01639
0.02544
0.04412
0.05842
0.06744
0.07743
0.07261
0.06253
0.04083
0.02312
0.00763
5.8E-4
-0.00368
-0.01226
-0.01632
-0.01593
-0.01908
-0.02268
-0.02286
-0.01768
-0.0136
-0.0114
-0.01443
-0.01969
-0.02611
-0.02876
-0.04609
-0.06089
-0.06828
-0.06913
-0.06563
-0.06358
-0.06017
-0.06368
-0.07073
-0.08043
-0.10452
-0.10765
-0.09518
-0.07385
-0.04605
-0.01981
0.0047
0.02041
0.03641
0.04701
0.05701
0.07697
0.09855
0.10834
0.11511
0.11091
0.10993
0.11442
0.11982
0.12711
0.14212
0.15566
0.16237
0.15131
0.13486
0.10652
0.07794
0.04396
-3.85E-4
-0.03292
-0.05714
-0.07995
-0.0934
-0.09635
-0.09008
-0.08665
-0.07838
-0.06838
-0.06068
-0.04878
-0.04685
-0.04832
-0.05266
-0.06527
-0.0796
-0.09163
-0.08976
-0.08427
-0.07565
-0.06121
-0.04696
-0.02946
-0.01872
-0.01402
-0.00924
-0.01662
-0.0285
-0.05259
-0.07927
-0.10157
-0.1237
-0.13519
-0.1389
-0.13106
-0.12746
-0.12491
-0.1157
-0.1115
-0.10354
-0.09511
-0.09973
-0.1078
-0.12852
-0.1502
-0.18063
-0.19327
-0.19424
-0.18736
-0.16866
-0.15209
-0.13902
-0.12009
-0.10535
-0.08376
-0.06806
-0.05013
-0.03609
-0.02887
-0.03215
-0.04159
-0.04416
-0.04312
-0.04167
-0.03562
-0.04405
-0.05966
-0.07366
-0.09021
-0.10534
-0.11556
-0.11876
-0.1323
-0.13897
-0.14797
-0.14034
-0.09504
0.02109
0.19299
0.43528
0.72197
1.06513
1.42289
1.81596
2.19645
2.59667
2.97172
3.32188
3.6132
3.84243
3.98816
4.09058
4.11979
4.13905
4.1121
4.08731
4.04596
4.01855
4.00448
3.99171
3.98451
3.98193
3.97442
3.98648
3.96296
3.95524
3.96301
3.96063
3.95758
3.95997
3.94462
3.93014
3.92706
3.9166
3.91243
3.94147
3.96749
3.9895
4.03592
4.09017
4.11437
4.13908
4.15736
4.16
4.18053
4.17664
4.15881
4.16064
4.15024
4.13612
4.0976
4.05891
4.05541
4.04457
4.05168
4.0542
4.06132
4.08201
4.08362
4.09092
4.09016
4.10273
4.12981
4.13495
4.1546
4.16383
4.17487
4.20131
4.2204
4.24321
4.25891
4.2717
4.27506
4.26612
4.25702
4.23722
4.23669
4.23787
4.24109
4.25019
4.25603
4.26763
4.27498
4.26588
4.27142
4.25927
4.25156
4.25006
4.23284
4.22634
4.20512
4.16546
4.13649
4.09176
4.08451
4.0617
4.04431
4.04514
4.0087
3.9941
3.95497
3.92262
3.93129
3.9472
4.00861
4.05208
4.11582
4.18824
4.24404
4.30265
4.3223
4.33097
4.31968
4.30057
4.25896
4.21039
4.18505
4.15433
4.16175
4.16015
4.16481
4.20116
4.24477
4.3143
4.37062
4.43437
4.47717
4.4932
4.49145
4.44205
4.39595
4.35379
4.31041
4.28605
4.26605
4.26376
4.26739
4.27421
4.27541
4.28228
4.30214
4.31008
4.3302
4.34215
4.32261
4.31325
4.28282
4.24359
4.21365
4.19645
4.1943
4.17956
4.20497
4.20964
4.21107
4.25177
4.25301
4.26301
4.28469
4.29074
4.28942
4.27159
4.29059
4.27531
4.27827
4.29641
4.28811
4.32125
4.34624
4.34672
4.35333
4.35632
4.36967
4.35655
4.35331
4.35114
4.34792
4.34935
4.33042
4.29855
4.27961
4.25481
4.23326
4.23566
4.23487
4.23743
4.25701
4.26109
4.27507
4.29322
4.32453
4.34584
4.36185
4.39227
4.37315
4.35634
4.34639
4.30457
4.27427
4.25613
4.223
4.20112
4.19237
4.18601
4.1816
4.20633
4.23269
4.25301
4.2716
4.28499
4.26675
4.27822
4.26849
4.26027
4.28024
4.28876
4.3164
4.33929
4.34003
4.36243
4.37942
4.4091
4.41073
4.42064
4.4255
4.40239
4.38531
4.3291
4.27593
4.259
4.23125
4.22153
4.21572
4.22556
4.2502
4.25158
4.25783
4.26196
4.28564
4.30295
4.28967
4.27497
4.25326
4.24571
4.22706
4.20984
4.2432
4.28746
4.34491
4.38038
4.41503
4.44772
4.46639
4.47021
4.44704
4.44678
4.44103
4.40959
4.37669
4.34174
4.33863
4.34508
4.35383
4.36791
4.38606
4.40776
4.39857
4.3689
4.31721
4.27538
4.22501
4.16593
4.11568
4.08628
4.07455
4.08381
4.10863
4.13006
4.16749
4.23589
4.26922
4.30194
4.33081
4.35774
4.37147
4.40137
4.4079
4.41498
4.4462
4.48799
4.51519
4.56943
4.60241
4.63429
4.63551
4.64965
4.61313
4.59142
4.53766
4.49055
4.43151
4.38138
4.31664
4.28206
4.24977
4.25867
4.24837
4.27991
4.28934
4.33266
4.344
4.36051
4.36541
4.37809
4.38481
4.39979
4.37537
4.36565
4.34105
4.33244
4.31272
4.31873
4.33354
4.36308
4.40893
4.44385
4.44842
4.46645
4.46949
4.45603
4.44412
4.43524
4.42312
4.40892
4.39665
4.3813
4.38898
4.40761
4.42271
4.44491
4.48532
4.51182
4.52791
4.53807
4.54278
4.539
4.50931
4.45821
4.41047
4.37712
4.37086
4.35612
4.34906
4.35142
4.35261
4.3406
4.32055
4.32552
4.33544
4.37057
4.40944
4.41936
4.41873
4.42251
4.40583
4.37556
4.32703
4.27077
4.17094
4.03741
3.84591
3.6298
3.42223
3.24303
3.08525
2.97301
2.90384
2.89987
2.94403
3.04334
3.21055
3.44641
3.7085
3.95396
4.1518
4.28088
4.31836
4.27513
4.14436
3.9481
3.71738
3.44882
3.14652
2.83119
2.53795
2.28427
2.07456
1.93406
1.84886
1.81677
1.82682
1.85495
1.90546
1.96396
2.01813
2.02754
1.98599
1.90168
1.76929
1.59483
1.39409
1.18068
0.98034
0.78499
0.60689
0.44585
0.33394
0.28145
0.27586
0.31677
0.39653
0.50429
0.6206
0.72101
0.8048
0.87104
0.94051
1.00803
1.06178
1.12352
1.18666
1.25582
1.31351
1.36293
1.40653
1.44375
1.4785
1.48986
1.48769
1.48604
1.47671
1.46492
1.44906
1.44646
1.45602
1.47415
1.49823
1.51526
1.54529
1.57706
1.59973
1.61147
1.6129
1.60154
1.58189
1.55078
1.51131
1.45757
1.40794
1.34682
1.27541
1.19773
1.11008
1.01794
0.93316
0.84295
0.75856
0.67416
0.60446
0.53187
0.46452
0.40254
0.34956
0.31723
0.29486
0.28025
0.27716
0.27611
0.27654
0.26561
0.25372
0.24084
0.23185
0.22854
0.22047
0.21968
0.213
0.19855
0.17907
0.15878
0.15063
0.14617
0.14489
0.14496
0.1426
0.13932
0.12613
0.10979
0.0948
0.08152
0.07647
0.06818
0.06566
0.0614
0.06191
0.06108
0.06826
0.08319
0.09718
0.10859
0.11599
0.11669
0.11795
0.11106
0.10499
0.09719
0.10081
0.09594
0.07873
0.06188
0.05079
0.04315
0.0413
0.03683
0.04077
0.05567
0.0716
0.07137
0.06646
0.06609
0.06618
0.06037
0.05514
0.03892
0.02201
-6.4E-5
-0.03146
-0.06273
-0.08161
-0.09461
-0.10158
-0.10312
-0.09486
-0.08698
-0.07792
-0.07176
-0.06762
-0.06312
-0.05623
-0.05142
-0.04181
-0.02737
-0.00495
0.01203
0.02846
0.04386
0.05974
0.06982
0.08294
0.0944
0.10189
0.10852
0.10975
0.10404
0.10267
0.09968
0.09878
0.09107
0.08493
0.06984
0.04689
0.0197
-0.00415
-0.0231
-0.03495
-0.04218
-0.0429
-0.04157
-0.03156
-0.01791
-0.00714
0.01242
0.03416
0.04185
0.04588
0.0429
0.02558
0.00929
-0.00751
-0.02402
-0.03321
-0.02654
-0.02532
-0.02204
-0.00749
0.00788
0.01561
0.03566
0.04559
0.05892
0.07584
0.07922
0.07955
0.07768
0.06716
0.04911
0.02566
0.00583
-0.01646
-0.03367
-0.04979
-0.06933
-0.07456
-0.08701
-0.09709
-0.09355
-0.07466
-0.05263
-0.02084
-2.65E-4
0.01582
0.02767
0.03681
0.03468
0.03655
0.04123
0.04835
0.04599
0.03731
0.0193
0.00413
0.00126
3.51E-4
-9.87E-4
-0.00285
-0.00527
-0.00892
-0.01928
-0.03086
-0.0345
-0.03257
-0.01805
-0.0078
0.00341
0.01355
0.03025
0.04552
0.05834
0.06477
0.06358
0.06463
0.05663
0.04146
0.02466
0.00589
-0.00241
-0.01091
-0.02344
-0.03177
-0.03631
-0.02592
-0.02575
-0.0146
-0.00517
0.00672
0.01582
0.01302
0.0137
0.02309
0.02626
0.03882
0.03862
0.04539
0.04472
0.04144
0.02142
-5.02E-4
-0.01395
-0.03025
-0.04665
-0.05108
-0.06147
-0.06059
-0.05189
-0.04309
-0.03297
-0.01692
0.00703
0.03263
0.05887
0.07841
0.08659
0.09568
0.10344
0.10776
0.11306
0.11376
0.12309
0.12346
0.11674
0.09867
0.08375
0.07318
0.07329
0.08213
0.0813
0.08136
0.08923
0.09117
0.10356
0.11214
0.13152
0.14771
0.16678
0.17457
0.16378
0.16149
0.15491
0.14373
0.13686
0.11566
0.10237
0.09015
0.08079
0.07286
0.06262
0.06038
0.0454
0.03401
0.02261
0.01145
0.01213
0.01576
0.01004
0.00468
3.49E-4
0.00153
-3.86E-4
0.00592
0.0137
0.0346
0.05701
0.0752
0.08234
0.09198
0.10451
0.10697
0.09592
0.08783
0.08502
0.08848
0.08698
0.07708
0.06388
0.05427
0.04481
0.03106
0.02501
0.03647
0.05228
0.06442
0.07086
0.0615
0.04987
0.03819
0.02776
0.02522
0.03726
0.04686
0.05238
0.0397
0.02879
0.01054
-0.00262
-0.00912
-0.01052
-0.00638
0.00291
0.0054
0.01231
0.01568
0.03818
0.06468
0.09831
0.13646
0.17006
0.19626
0.20904
0.20785
0.2036
0.18939
0.16995
0.14767
0.1214
0.09288
0.06554
0.04209
0.02188
0.00906
0.00316
-0.01089
-0.02357
-0.04048
-0.06764
-0.07999
-0.04207
0.06479
0.24487
0.5014
0.8317
1.21741
1.6501
2.09949
2.56132
3.03288
3.4898
3.89572
4.2262
4.47578
4.64841
4.75973
4.82824
4.8619
4.8882
4.90776
4.92772
4.95832
4.99427
5.02708
5.06249
5.10287
5.11784
5.10931
5.0947
5.07425
5.06945
5.07408
5.07058
5.05523
5.03878
5.01352
4.97568
4.96749
4.9797
4.99422
5.0113
5.01526
5.00316
4.9778
4.96396
4.95592
4.95755
4.97588
4.97416
4.95444
4.93989
4.92918
4.921
4.92171
4.9303
4.92806
4.92224
4.91411
4.89658
4.8827
4.8929
4.90878
4.92554
4.95145
4.9789
5.01661
5.06879
5.11761
5.162
5.1962
5.22622
5.24849
5.26556
5.28575
5.29825
5.29375
5.2675
5.21784
5.16601
5.12993
5.1267
5.14816
5.168
5.18046
5.17816
5.15873
5.1398
5.12983
5.13946
5.18526
5.25217
5.30812
5.33799
5.34431
5.33067
5.29708
5.27391
5.25722
5.24422
5.23533
5.21458
5.17732
5.1237
5.07952
5.04966
5.03902
5.0627
5.09573
5.13103
5.15948
5.17448
5.18049
5.1749
5.19121
5.21435
5.23612
5.25205
5.25503
5.24661
5.23583
5.23234
5.24194
5.2535
5.27978
5.30425
5.30566
5.29393
5.2766
5.25782
5.24433
5.24608
5.25123
5.24542
5.23639
5.20917
5.15034
5.08588
5.02628
4.98
4.95171
4.95772
4.96855
4.97318
4.98488
4.98664
4.98616
4.99183
5.01575
5.06498
5.13347
5.20938
5.25125
5.2602
5.25528
5.23247
5.2193
5.20114
5.19274
5.18597
5.16876
5.13208
5.06872
5.00905
4.97172
4.97013
5.00388
5.03796
5.08637
5.13827
5.18481
5.21316
5.227
5.24735
5.26883
5.2915
5.29926
5.28119
5.26367
5.24088
5.21349
5.18492
5.17316
5.18039
5.18698
5.18326
5.17592
5.15079
5.12469
5.10361
5.09592
5.10242
5.11915
5.12587
5.12098
5.10735
5.1009
5.08267
5.07868
5.10312
5.12995
5.14465
5.1399
5.1169
5.09699
5.0729
5.05202
5.028
5.01026
5.00978
5.00207
4.99832
5.00991
5.04275
5.08448
5.12061
5.14948
5.16794
5.16846
5.17329
5.17659
5.18555
5.19294
5.19824
5.17973
5.15392
5.12641
5.10824
5.09682
5.11686
5.15754
5.19235
5.21814
5.24385
5.25204
5.25935
5.26059
5.25783
5.24778
5.24314
5.22953
5.19973
5.17811
5.16246
5.14774
5.14547
5.16083
5.19635
5.23802
5.27818
5.30696
5.32286
5.32411
5.30981
5.28741
5.25849
5.22706
5.18951
5.14192
5.09389
5.05227
5.02285
5.00569
5.00634
5.01757
5.03822
5.05673
5.07406
5.09613
5.11825
5.14531
5.18389
5.22517
5.2735
5.33378
5.39269
5.42006
5.42491
5.4042
5.35975
5.31543
5.27699
5.24396
5.24011
5.25146
5.24733
5.22545
5.20291
5.18745
5.19623
5.234
5.28095
5.33045
5.37436
5.37501
5.34087
5.29579
5.24263
5.18841
5.14429
5.10346
5.05131
4.99993
4.95037
4.91837
4.9181
4.94772
4.98011
5.01033
5.04371
5.06732
5.08419
5.10702
5.14381
5.18835
5.21965
5.24119
5.25622
5.27421
5.29149
5.30563
5.31277
5.31062
5.29784
5.26039
5.21407
5.1681
5.14165
5.11343
5.09311
5.09036
5.10427
5.13119
5.15852
5.18073
5.19153
5.18014
5.15571
5.10428
5.06633
5.0296
5.01573
5.0095
5.011
5.03113
5.06201
5.10764
5.17206
5.24204
5.30793
5.3391
5.35691
5.33675
5.29498
5.25719
5.22006
5.20973
5.22511
5.24094
5.24472
5.23749
5.22524
5.19738
5.17545
5.17856
5.18579
5.20349
5.19902
5.16832
5.13789
5.12445
5.12772
5.1383
5.1616
5.19374
5.20476
5.1974
5.16564
5.1254
5.09339
5.06197
5.03105
5.00487
4.98456
4.97231
4.9601
4.95855
4.9779
5.00729
5.04077
5.08679
5.141
5.18907
5.21295
5.22019
5.20456
5.17584
5.15025
5.11689
5.08963
5.08238
5.06342
5.02462
4.98655
4.96958
4.97987
5.01422
5.06331
5.10828
5.14706
5.17037
5.16512
5.14202
5.12126
5.10589
5.09787
5.08724
5.07923
5.07887
5.08786
5.10553
5.12405
5.15061
5.17896
5.20308
5.21543
5.202
5.17762
5.14931
5.11407
5.07299
5.03288
5.00734
4.98696
4.98457
4.99392
5.01205
5.05101
5.10164
5.1515
5.19541
5.24212
5.27928
5.31166
5.34815
5.38299
5.42229
5.46341
5.50159
5.52165
5.53067
5.53385
5.53219
5.53233
5.52202
5.49504
5.44829
5.38247
5.30236
5.21395
5.14146
5.08462
5.05794
5.04269
5.04203
5.05926
5.09407
5.14191
5.20117
5.2741
5.34626
5.39634
5.42234
5.40157
5.33343
5.21578
5.06195
4.88124
4.69994
4.52729
4.3593
4.20746
4.08628
3.98428
3.89673
3.83042
3.79064
3.77286
3.76792
3.75845
3.73938
3.7109
3.6637
3.58488
3.48143
3.35426
3.20252
3.02896
2.82195
2.59628
2.36533
2.12553
1.87662
1.63201
1.40826
1.20725
1.03852
0.91524
0.81345
0.74337
0.69158
0.65374
0.6298
0.62289
0.6264
0.63054
0.64469
0.66605
0.67247
0.701
0.73458
0.77751
0.80974
0.8148
0.79099
0.73479
0.6581
0.55092
0.4305
0.3203
0.19667
0.07551
-0.05066
-0.15832
-0.22882
-0.2691
-0.27139
-0.24521
-0.19397
-0.12974
-0.06484
0.00492
0.07719
0.16127
0.23641
0.29629
0.34174
0.36876
0.37785
0.38308
0.37964
0.37124
0.36068
0.34344
0.32089
0.29856
0.27957
0.26416
0.25591
0.25479
0.24981
0.23717
0.2214
0.20175
0.18171
0.15589
0.13774
0.11485
0.09935
0.08148
0.06285
0.05059
0.05087
0.05289
0.05093
0.0455
0.04632
0.03565
0.02688
0.01452
0.00609
0.00979
0.01045
0.01243
0.0129
0.01998
0.03072
0.03608
0.03878
0.04776
0.05464
0.05828
0.05308
0.04847
0.03883
0.03108
0.01797
0.00278
-0.01617
-0.03005
-0.04518
-0.05941
-0.06474
-0.07325
-0.07663
-0.07494
-0.06655
-0.05702
-0.04828
-0.04065
-0.03246
-0.02603
-0.01934
-0.01984
-0.01472
-0.0145
-0.01439
-0.02076
-0.02578
-0.0258
-0.01801
-0.01228
-0.00224
0.00708
0.02021
0.01813
0.01451
0.00805
7.3E-4
-0.00504
-0.01258
-0.02402
-0.02651
-0.03477
-0.0366
-0.05372
-0.06173
-0.06808
-0.07593
-0.08115
-0.08265
-0.08018
-0.07489
-0.07067
-0.06199
-0.05703
-0.03797
-0.01597
0.00776
0.03162
0.04953
0.05418
0.05335
0.05423
0.05186
0.04269
0.02778
0.0091
-0.00595
-0.03386
-0.06653
-0.09993
-0.1212
-0.13468
-0.14882
-0.16429
-0.17344
-0.17415
-0.17111
-0.17478
-0.16879
-0.15959
-0.14915
-0.14279
-0.13845
-0.13484
-0.1296
-0.12006
-0.10959
-0.10359
-0.10291
-0.11093
-0.1226
-0.12976
-0.13508
-0.14115
-0.14168
-0.13356
-0.13053
-0.13716
-0.14771
-0.15981
-0.16005
-0.1563
-0.15037
-0.13401
-0.12009
-0.11441
-0.11581
-0.11899
-0.1219
-0.12339
-0.11427
-0.1059
-0.08803
-0.07283
-0.07679
-0.08645
-0.09089
-0.09484
-0.09709
-0.096
-0.08635
-0.07305
-0.06435
-0.06673
-0.06999
-0.06619
-0.05651
-0.04881
-0.04706
-0.05808
-0.06972
-0.08442
-0.10472
-0.11524
-0.11615
-0.11243
-0.10926
-0.11365
-0.12851
-0.14683
-0.14943
-0.14258
-0.13058
-0.11486
-0.10371
-0.1005
-0.10064
-0.10098
-0.08993
-0.06541
-0.02939
0.00145
0.02282
0.03279
0.03353
0.02786
0.02338
0.01978
0.025
0.03219
0.03766
0.0389
0.04035
0.04343
0.0524
0.06199
0.07233
0.0823
0.08984
0.08598
0.0738
0.06022
0.03693
0.00923
-0.0191
-0.05065
-0.07949
-0.10196
-0.11916
-0.13392
-0.13436
-0.12577
-0.11843
-0.11149
-0.10605
-0.10045
-0.09418
-0.07985
-0.06454
-0.05355
-0.03833
-0.02984
-0.02963
-0.04006
-0.04229
-0.0333
-0.02703
-0.02025
-0.01374
-0.01601
-0.02212
-0.02917
-0.03869
-0.04213
-0.03136
-0.01881
-0.01726
-0.00362
0.01656
0.0237
0.02785
0.0417
0.04168
0.04178
0.03476
0.02356
0.00953
0.00976
0.00211
-0.01372
-0.02631
-0.02697
-0.04313
-0.04764
-0.05519
-0.05633
-0.04867
-0.0386
-0.03217
-0.02197
-0.01493
-0.00515
-0.00912
-0.00799
-0.01811
-0.02619
-0.03448
-0.05328
-0.06469
-0.07337
-0.08616
-0.08654
-0.08674
-0.07535
-0.06352
-0.0445
-0.02669
-0.01178
0.00407
0.01286
0.01472
0.0193
0.01598
0.01554
0.01367
0.01876
0.03058
0.04846
0.06107
0.07068
0.07365
0.07824
0.0727
0.06833
0.06824
0.07224
0.07949
0.07963
0.07521
0.07224
0.07098
0.07287
0.06705
0.06945
0.07647
0.07721
0.06565
0.03987
0.02151
0.00527
2.21E-4
0.00462
0.01221
0.02114
0.03582
0.05016
0.05575
0.05795
0.07129
0.07887
0.08623
0.08418
0.07009
0.04863
0.03862
0.01959
-0.00736
-0.02649
-0.0331
-0.04531
-0.05523
-0.05978
-0.05975
-0.05503
-0.03964
-0.03682
-0.02958
-0.01916
-0.01866
-0.02444
-0.02087
-0.01605
-0.01566
-0.01712
-0.01425
-0.01476
-0.00727
3.28E-4
1.7E-4
0.00206
0.00734
0.00511
-6.36E-4
-0.01019
-0.01909
-0.02593
-0.03059
-0.03315
-0.04803
-0.06092
-0.05972
-0.05836
-0.05795
-0.05422
-0.0476
-0.04
-0.0375
-0.03959
-0.05013
-0.05083
-0.05368
-0.07266
-0.0551
0.02056
0.16812
0.40722
0.7273
1.13021
1.59189
2.08526
2.57885
3.0686
3.58218
4.05714
4.47567
4.82329
5.07637
5.25186
5.34659
5.39321
5.41433
5.42571
5.45244
5.45959
5.4615
5.46429
5.47005
5.47446
5.49237
5.51266
5.52444
5.52971
5.54172
5.54418
5.5394
5.53431
5.5248
5.50957
5.50857
5.4797
5.45333
5.43648
5.43082
5.43
5.42415
5.42362
5.43144
5.44121
5.44363
5.42275
5.40984
5.38792
5.36326
5.33807
5.32176
5.33885
5.37079
5.41327
5.46344
5.50894
5.5637
5.59671
5.63051
5.65781
5.68154
5.69432
5.67259
5.65148
5.62407
5.58382
5.56272
5.54512
5.55296
5.55894
5.56879
5.57147
5.57451
5.59518
5.61412
5.61984
5.63275
5.64183
5.63176
5.61511
5.61318
5.60938
5.62534
5.64904
5.66784
5.67695
5.69219
5.6947
5.67198
5.65463
5.64058
5.62363
5.61168
5.59239
5.56347
5.54471
5.52158
5.49784
5.49283
5.51297
5.55344
5.59446
5.62291
5.64884
5.66155
5.67449
5.67332
5.68791
5.70931
5.71296
5.70579
5.68693
5.67103
5.66322
5.65172
5.64276
5.63946
5.62936
5.60123
5.55856
5.54629
5.52419
5.4869
5.42838
5.34776
5.25761
5.17893
5.11584
5.08779
5.11514
5.19176
5.24653
5.31735
5.39605
5.4739
5.56391
5.64353
5.70588
5.74422
5.76781
5.74699
5.68917
5.62473
5.56981
5.52405
5.50778
5.4863
5.48786
5.50401
5.52792
5.53946
5.54946
5.55065
5.5762
5.59316
5.61835
5.62704
5.65073
5.66091
5.65804
5.63615
5.61876
5.60238
5.60145
5.59377
5.59467
5.58927
5.58772
5.5737
5.57165
5.57246
5.59557
5.62918
5.66904
5.7146
5.75709
5.7795
5.79057
5.7948
5.79712
5.78908
5.77547
5.75591
5.72009
5.69064
5.64478
5.60396
5.57895
5.56449
5.55787
5.57233
5.58513
5.60581
5.62582
5.65468
5.64909
5.64571
5.61443
5.56991
5.52221
5.4786
5.42321
5.37805
5.35058
5.33593
5.3103
5.31025
5.30951
5.33568
5.36739
5.41044
5.45409
5.49457
5.5356
5.56088
5.57623
5.58804
5.60121
5.62103
5.63729
5.65633
5.66736
5.67436
5.68096
5.68907
5.69064
5.68079
5.68976
5.68701
5.67708
5.65862
5.64607
5.63643
5.62804
5.63408
5.6311
5.64384
5.6622
5.66493
5.67079
5.67753
5.67876
5.67673
5.67717
5.67724
5.66088
5.65459
5.63347
5.61846
5.61226
5.60834
5.59841
5.60423
5.60352
5.59435
5.5793
5.57752
5.56481
5.55565
5.55034
5.5409
5.5201
5.50256
5.48268
5.47626
5.47777
5.50175
5.51848
5.53913
5.5572
5.57225
5.58539
5.59825
5.62084
5.65173
5.67495
5.69474
5.69297
5.67947
5.65667
5.64239
5.62073
5.59735
5.60126
5.60988
5.61892
5.62859
5.63903
5.65108
5.67487
5.70463
5.72124
5.72973
5.73466
5.71334
5.68675
5.64725
5.60797
5.57533
5.56102
5.54027
5.53601
5.53753
5.54603
5.56514
5.59916
5.63085
5.65349
5.6585
5.65047
5.61941
5.60837
5.58358
5.56597
5.57655
5.58889
5.6043
5.60897
5.62224
5.64937
5.693
5.73987
5.76713
5.78625
5.80514
5.7926
5.77506
5.74273
5.71843
5.69205
5.66846
5.63105
5.60464
5.5849
5.58784
5.58801
5.60425
5.62191
5.64772
5.67462
5.69751
5.71938
5.74087
5.74209
5.72984
5.69275
5.64677
5.57582
5.49084
5.38789
5.24672
5.08423
4.89763
4.7056
4.52841
4.383
4.27824
4.20775
4.16896
4.1461
4.11275
4.08696
4.04299
3.98174
3.87447
3.72808
3.53118
3.28163
2.98393
2.65767
2.32215
2.00357
1.70283
1.43817
1.19923
1.00717
0.84837
0.71804
0.60939
0.52083
0.44598
0.37203
0.30646
0.24663
0.19447
0.159
0.13589
0.11822
0.10856
0.10204
0.10233
0.10379
0.10619
0.1128
0.12791
0.14095
0.15248
0.15731
0.16261
0.15984
0.15671
0.14546
0.12999
0.1211
0.109
0.09184
0.07537
0.06005
0.0492
0.03701
0.02605
0.01865
0.01832
0.02534
0.02769
0.02656
0.02092
0.01095
-0.00779
-0.03395
-0.06649
-0.08779
-0.10671
-0.11321
-0.11897
-0.12336
-0.11907
-0.11479
-0.10628
-0.0955
-0.08246
-0.05447
-0.03628
-0.02008
-0.01801
-0.02651
-0.02962
-0.03602
-0.0389
-0.04491
-0.04771
-0.04121
-0.04765
-0.0629
-0.07429
-0.07902
-0.07554
-0.07056
-0.06637
-0.05886
-0.04478
-0.02242
-0.0122
-0.00379
0.02049
0.04308
0.054
0.05932
0.05877
0.05717
0.05188
0.04536
0.03911
0.03646
0.04748
0.05194
0.05933
0.06671
0.07823
0.08625
0.09656
0.10264
0.10496
0.09182
0.0822
0.06235
0.05439
0.04329
0.03846
0.03275
0.03709
0.0333
0.02663
0.021
0.02259
0.01989
0.02495
0.02218
0.0095
-0.00904
-0.02779
-0.05319
-0.07068
-0.07532
-0.06902
-0.06011
-0.04552
-0.03126
-0.02096
-0.00468
0.0103
0.0238
0.03834
0.0533
0.06916
0.07558
0.0793
0.08501
0.08227
0.08025
0.07734
0.07706
0.07378
0.06808
0.05835
0.05105
0.04532
0.04609
0.04011
0.04336
0.05085
0.0534
0.05278
0.04853
0.0469
0.05199
0.05054
0.04932
0.0425
0.03479
0.02272
0.00158
-0.01243
-0.02393
-0.02112
-0.01888
-0.01765
-0.02241
-0.02975
-0.04343
-0.05426
-0.06394
-0.06628
-0.06681
-0.06412
-0.06673
-0.0679
-0.07131
-0.06356
-0.05271
-0.02882
-0.01116
0.00447
0.01688
0.02428
0.02343
0.02039
0.02182
0.02288
0.02228
0.01321
-0.00688
-0.0212
-0.04413
-0.07093
-0.09871
-0.11585
-0.12791
-0.14492
-0.15691
-0.1773
-0.18264
-0.1929
-0.20732
-0.21508
-0.20808
-0.20072
-0.19033
-0.18193
-0.17186
-0.16779
-0.15426
-0.15057
-0.13294
-0.1115
-0.08414
-0.07059
-0.05528
-0.04666
-0.04324
-0.04665
-0.04624
-0.04968
-0.05121
-0.05787
-0.06225
-0.06479
-0.0655
-0.05814
-0.05309
-0.04362
-0.03037
-0.02542
-0.0257
-0.02676
-0.02785
-0.03245
-0.04791
-0.05319
-0.0612
-0.0549
-0.04084
-0.01348
0.03203
0.09194
0.1586
0.21832
0.26076
0.29135
0.29427
0.27768
0.23006
0.16385
0.0782
-0.01937
-0.11668
-0.21287
-0.29689
-0.34957
-0.37251
-0.36625
-0.34503
-0.29075
-0.22018
-0.1395
-0.05655
0.0178
0.06998
0.11542
0.13965
0.14471
0.13362
0.12732
0.11122
0.09001
0.07594
0.05956
0.0352
0.02965
0.0199
0.01523
0.01344
0.01082
0.00121
-0.01678
-0.03391
-0.05958
-0.08409
-0.09594
-0.11041
-0.1095
-0.09335
-0.06978
-0.0401
-0.01113
0.01349
0.03241
0.04175
0.04375
0.03819
0.029
0.01099
-0.01903
-0.05329
-0.08254
-0.10432
-0.11669
-0.12263
-0.12416
-0.11183
-0.10751
-0.10042
-0.09044
-0.07398
-0.05349
-0.03533
-0.02758
-0.02314
-0.02634
-0.02604
-0.04511
-0.056
-0.06278
-0.06733
-0.0755
-0.09153
-0.10261
-0.112
-0.11674
-0.12105
-0.12501
-0.1228
-0.10917
-0.09991
-0.09713
-0.09381
-0.08406
-0.09178
-0.1004
-0.10814
-0.10053
-0.09567
-0.08088
-0.08413
-0.08806
-0.08236
-0.07729
-0.07873
-0.06999
-0.0472
-0.02306
-0.01317
-0.00158
1.24E-4
0.00364
0.00761
-4.04E-4
-0.02085
-0.03719
-0.05359
-0.08029
-0.10775
-0.12254
-0.13103
-0.13701
-0.13583
-0.13454
-0.12892
-0.10606
-0.087
-0.0649
-0.03946
-0.02016
-0.01469
-0.02264
-0.02771
-0.02896
-0.03026
-0.03263
-0.04234
-0.04124
-0.03691
-0.03868
-0.03989
-0.04049
-0.02628
-0.01208
-0.01595
-0.0257
-0.03385
-0.04247
-0.05866
-0.07697
-0.08957
-0.09406
-0.08731
-0.08584
-0.09311
-0.08509
-0.06442
-0.05017
-0.03932
-0.02418
-0.01023
0.00734
0.01749
0.01775
0.00897
0.00648
0.0047
-0.00506
-0.0376
-0.06271
-0.05124
0.01664
0.1702
0.41884
0.76625
1.20266
1.69936
2.23419
2.76131
3.3146
3.86883
4.3785
4.83305
5.19816
5.47127
5.63746
5.71631
5.7498
5.74765
5.7572
5.77988
5.79815
5.82588
5.86165
5.90886
5.95546
6.01328
6.07707
6.12116
6.15723
6.18949
6.20585
6.2197
6.22608
6.22691
6.21972
6.2155
6.2137
6.20679
6.21428
6.23095
6.24844
6.25637
6.26195
6.26454
6.26132
6.25218
6.2421
6.22999
6.22605
6.21173
6.19797
6.18404
6.18165
6.18421
6.19184
6.19238
6.19401
6.19109
6.17499
6.15324
6.14255
6.12466
6.10882
6.10195
6.09876
6.0934
6.09891
6.10166
6.10166
6.11772
6.14357
6.16152
6.19006
6.21401
6.22938
6.24313
6.25417
6.26425
6.28552
6.31388
6.33777
6.34853
6.35673
6.34684
6.33396
6.32815
6.32095
6.33032
6.34263
6.35029
6.35639
6.36527
6.37857
6.40136
6.42565
6.44893
6.46014
6.47153
6.46404
6.44715
6.43089
6.41408
6.39514
6.38113
6.35543
6.32677
6.30515
6.29724
6.28359
6.27611
6.28879
6.29498
6.30073
6.31006
6.30977
6.30471
6.31093
6.30893
6.29976
6.28976
6.2841
6.26061
6.23821
6.2127
6.18699
6.17601
6.18103
6.17804
6.18951
6.19642
6.21092
6.22928
6.25176
6.2839
6.33084
6.37384
6.41276
6.44135
6.47729
6.50088
6.52395
6.55329
6.57576
6.58847
6.578
6.54657
6.51817
6.48146
6.45178
6.41616
6.38485
6.36338
6.3339
6.29923
6.26827
6.25168
6.25297
6.25039
6.26237
6.26093
6.26391
6.26987
6.27575
6.26794
6.26096
6.24896
6.23373
6.21056
6.19721
6.17266
6.1597
6.1607
6.158
6.14226
6.14287
6.13446
6.1327
6.14365
6.15804
6.17118
6.17968
6.20612
6.21705
6.22412
6.23236
6.22966
6.24631
6.26862
6.28175
6.28516
6.2784
6.28707
6.27626
6.26711
6.27115
6.28899
6.31381
6.32658
6.33638
6.34098
6.34576
6.36693
6.39356
6.42575
6.47316
6.50531
6.51467
6.52372
6.53483
6.52919
6.52391
6.52816
6.5277
6.50514
6.48752
6.44741
6.41921
6.41582
6.4074
6.39589
6.40226
6.40493
6.40458
6.38673
6.38089
6.35874
6.34298
6.31719
6.26873
6.22147
6.18231
6.14209
6.12316
6.11566
6.13322
6.14544
6.16852
6.19313
6.21591
6.25781
6.32002
6.38455
6.45615
6.5202
6.56356
6.58432
6.59529
6.60037
6.59744
6.59313
6.58049
6.55219
6.52524
6.49133
6.44801
6.41904
6.39808
6.39721
6.40255
6.40374
6.41259
6.429
6.45292
6.46899
6.48185
6.50691
6.52274
6.52936
6.52171
6.4921
6.47283
6.45334
6.4346
6.40794
6.38822
6.37335
6.35094
6.32212
6.30223
6.28263
6.28041
6.27493
6.26249
6.25161
6.24837
6.24029
6.23761
6.23472
6.24973
6.27171
6.29991
6.31865
6.33493
6.36794
6.39707
6.41383
6.42174
6.4192
6.42369
6.43784
6.4471
6.45277
6.47244
6.50395
6.53144
6.56418
6.59937
6.64045
6.67783
6.70134
6.69786
6.67491
6.63928
6.59349
6.54416
6.49494
6.44051
6.39463
6.35036
6.32095
6.3059
6.28666
6.27479
6.28057
6.29081
6.29675
6.30734
6.31473
6.31988
6.33576
6.33584
6.32127
6.31216
6.30819
6.30493
6.30284
6.30181
6.2907
6.28508
6.27282
6.2557
6.26204
6.28077
6.30911
6.3534
6.39412
6.43026
6.4538
6.46806
6.46413
6.47805
6.49684
6.49824
6.49381
6.49724
6.49265
6.48925
6.48244
6.49151
6.50525
6.55168
6.58665
6.60752
6.62557
6.64164
6.64762
6.65379
6.65166
6.64345
6.63041
6.63412
6.61567
6.59179
6.5719
6.5514
6.53385
6.5233
6.49891
6.47766
6.47483
6.47332
6.46593
6.46181
6.46084
6.45316
6.43947
6.42488
6.40714
6.4006
6.39506
6.38778
6.39565
6.39056
6.38648
6.37633
6.36239
6.36803
6.38828
6.40152
6.41214
6.42688
6.44201
6.43992
6.45581
6.46539
6.47392
6.50415
6.53343
6.54764
6.56205
6.57789
6.59592
6.61575
6.64755
6.65841
6.66248
6.66587
6.65426
6.62798
6.59413
6.55835
6.52305
6.49018
6.45198
6.40104
6.36805
6.35066
6.34058
6.33947
6.34374
6.35205
6.36952
6.37036
6.34188
6.28649
6.20417
6.06522
5.86712
5.62444
5.3213
4.96801
4.58766
4.18955
3.8187
3.49227
3.22407
3.02394
2.91725
2.90957
2.96504
3.07389
3.22021
3.37342
3.50118
3.56588
3.55654
3.45969
3.2901
3.04913
2.74885
2.41545
2.08154
1.75879
1.46804
1.21604
1.01739
0.86572
0.76583
0.68882
0.63671
0.60292
0.58626
0.57424
0.56466
0.54307
0.51812
0.4949
0.47822
0.46391
0.46621
0.47665
0.4824
0.48357
0.47791
0.47309
0.46261
0.45113
0.43436
0.41473
0.39781
0.38331
0.36541
0.35687
0.35584
0.36212
0.36183
0.35981
0.36587
0.3644
0.36126
0.35271
0.33411
0.31482
0.29112
0.26213
0.23485
0.21337
0.21403
0.21056
0.21986
0.23098
0.24751
0.26892
0.28484
0.29248
0.29341
0.28277
0.27438
0.26154
0.25879
0.2535
0.25452
0.25514
0.24288
0.232
0.21983
0.20293
0.18902
0.17303
0.15319
0.1268
0.10379
0.08134
0.05241
0.04652
0.04519
0.0467
0.05509
0.06552
0.07505
0.07769
0.07268
0.06701
0.04842
0.04106
0.02614
0.01007
-0.00333
-0.01501
-0.02528
-0.04412
-0.05645
-0.0579
-0.06601
-0.06247
-0.06407
-0.06294
-0.06095
-0.0537
-0.04581
-0.03161
-0.00181
0.02584
0.03732
0.04494
0.03972
0.03319
0.01681
-7.03E-4
-0.01682
-0.01398
-0.00935
-0.00887
-0.00849
0.00685
0.02092
0.03476
0.03867
0.04751
0.05588
0.06795
0.06319
0.0568
0.04429
0.03687
0.01673
0.00713
2.09E-4
0.00888
0.01911
0.03634
0.04175
0.0389
0.025
0.0193
0.00603
0.00555
-0.00178
0.00166
0.00289
-7.23E-4
-0.01729
-0.0415
-0.05537
-0.05627
-0.06126
-0.06076
-0.06572
-0.06243
-0.06061
-0.05762
-0.05117
-0.04497
-0.03186
-0.02351
-0.0342
-0.04803
-0.06919
-0.08484
-0.09943
-0.10272
-0.10155
-0.09984
-0.0898
-0.07547
-0.06767
-0.04103
-0.01441
0.01022
0.02101
0.02503
0.01703
0.00258
-0.01304
-0.02926
-0.04919
-0.04773
-0.05551
-0.06183
-0.05731
-0.04387
-0.02453
-0.01035
-0.00303
-0.00179
-0.01123
-0.01771
-0.04018
-0.04698
-0.04492
-0.04337
-0.03955
-0.03889
-0.03547
-0.03265
-0.02841
-0.01527
7.4E-5
0.02046
0.02564
0.02348
0.01705
0.01013
-7.1E-4
-0.01756
-0.02912
-0.03317
-0.03639
-0.04232
-0.04927
-0.05138
-0.05336
-0.05021
-0.05125
-0.04998
-0.0331
-0.00843
0.01192
0.04021
0.07012
0.09704
0.11598
0.13315
0.1436
0.15616
0.1755
0.18419
0.1809
0.17902
0.1627
0.13161
0.10084
0.07716
0.05589
0.043
0.03934
0.02965
0.01631
0.00314
-0.01448
-0.03261
-0.03066
-0.01988
-0.00624
0.00886
0.01959
0.01725
0.01096
0.00471
0.00111
0.00234
0.01517
0.02911
0.04324
0.04655
0.04283
0.03805
0.03164
0.0252
0.02643
0.03082
0.03316
0.03077
0.02386
0.00801
-0.0031
-0.00552
-0.00684
0.00434
0.02581
0.04111
0.04916
0.05381
0.05399
0.05215
0.04501
0.04005
0.03006
0.01842
0.00121
-0.02569
-0.04869
-0.05824
-0.06465
-0.06861
-0.08157
-0.08836
-0.10213
-0.11613
-0.12456
-0.13253
-0.13444
-0.1218
-0.10293
-0.07461
-0.04467
-0.00424
0.03413
0.07121
0.1038
0.1202
0.12677
0.13515
0.13382
0.11776
0.09381
0.07081
0.0387
0.00911
-0.01353
-0.02377
-0.02362
-0.01475
-0.00864
-0.00804
4.82E-4
0.00113
-0.00566
0.00186
0.01303
0.02772
0.02852
0.02915
0.02879
0.02089
0.01335
-0.0023
-0.00684
4.11E-4
-0.00262
-0.0077
-0.01175
-0.0056
0.00526
0.01437
0.02966
0.0449
0.05948
0.06314
0.05299
0.03915
0.02014
-0.00223
-0.01992
-0.04584
-0.0754
-0.10171
-0.12581
-0.14172
-0.14843
-0.15202
-0.14301
-0.12567
-0.10901
-0.11025
-0.11714
-0.11051
-0.10825
-0.10305
-0.10171
-0.10419
-0.09402
-0.08881
-0.08747
-0.0833
-0.06779
-0.03887
-0.01786
0.00729
0.02444
0.03437
0.04858
0.055
0.05787
0.05974
0.05565
0.05306
0.05055
0.05327
0.05605
0.06584
0.07702
0.08326
0.08301
0.07925
0.0662
0.05048
0.03285
0.01624
-0.00188
-0.0211
-0.04445
-0.05932
-0.07674
-0.09064
-0.10367
-0.10599
-0.09027
-0.06279
-0.03859
-0.00928
0.00802
0.00139
-0.01009
0.01923
0.12304
0.31702
0.6172
1.00262
1.45673
1.96696
2.48457
3.00706
3.54736
4.08864
4.58807
5.0178
5.35459
5.57216
5.69671
5.74141
5.72637
5.69413
5.67031
5.6607
5.65677
5.66816
5.67837
5.69271
5.73313
5.75577
5.76606
5.77284
5.78392
5.78801
5.79535
5.7959
5.79414
5.78449
5.7858
5.75905
5.74907
5.75328
5.76029
5.77612
5.79779
5.81256
5.83133
5.8443
5.86318
5.86468
5.87465
5.88611
5.89086
5.88736
5.85803
5.82968
5.79363
5.75154
5.70138
5.65032
5.61495
5.60182
5.58489
5.58178
5.6089
5.66571
5.72675
5.78782
5.84116
5.89066
5.9328
5.95578
5.95718
5.96683
5.97252
5.96597
5.94935
5.91985
5.89357
5.87855
5.8739
5.87319
5.88142
5.88618
5.8655
5.83532
5.79229
5.7419
5.70986
5.68715
5.67472
5.67642
5.69337
5.7133
5.73023
5.7731
5.81298
5.84638
5.88574
5.89845
5.90085
5.891
5.86577
5.82879
5.78447
5.75637
5.71505
5.67325
5.65324
5.62843
5.63113
5.64302
5.65427
5.67316
5.69024
5.70994
5.71581
5.72814
5.74456
5.75187
5.76449
5.75472
5.73399
5.7125
5.68443
5.65628
5.64003
5.6435
5.65379
5.67689
5.71632
5.74666
5.80161
5.85065
5.90723
5.95832
6.01105
6.04566
6.06699
6.06823
6.06493
6.03585
6.00943
5.96296
5.92724
5.88728
5.85924
5.83448
5.82978
5.82923
5.84258
5.85819
5.8801
5.90482
5.92941
5.94495
5.9603
5.96413
5.9749
5.96085
5.94424
5.92422
5.88756
5.84814
5.79773
5.75272
5.72647
5.70355
5.69859
5.68378
5.7055
5.72505
5.73745
5.75763
5.77395
5.80477
5.82173
5.82243
5.81291
5.79053
5.76705
5.7099
5.65483
5.61912
5.58797
5.56452
5.54706
5.55178
5.56348
5.58305
5.59456
5.61541
5.6562
5.70526
5.74897
5.78655
5.83902
5.88197
5.904
5.91769
5.92779
5.93893
5.92605
5.90624
5.87908
5.83678
5.80248
5.7641
5.72519
5.71326
5.72294
5.72541
5.74503
5.78318
5.80836
5.81908
5.84012
5.86893
5.8896
5.91445
5.92554
5.92081
5.93389
5.91799
5.88544
5.86435
5.87208
5.88418
5.88096
5.87502
5.86116
5.83778
5.81843
5.78492
5.76987
5.76655
5.7843
5.79339
5.78883
5.77676
5.75805
5.72659
5.71623
5.70606
5.69095
5.66531
5.65938
5.62599
5.58143
5.55419
5.5498
5.55027
5.59379
5.64573
5.69198
5.73334
5.78099
5.79844
5.82298
5.85585
5.86933
5.86215
5.87478
5.87339
5.85538
5.83108
5.83441
5.85766
5.9019
5.95499
6.00668
6.07747
6.16601
6.22775
6.26841
6.29118
6.32718
6.33568
6.31393
6.27988
6.23392
6.1871
6.13167
6.04691
5.98615
5.95652
5.94192
5.91737
5.91988
5.92952
5.94053
5.95455
5.95954
5.9571
5.98745
6.00078
5.97801
5.95408
5.9371
5.88892
5.84274
5.7921
5.74911
5.72048
5.70028
5.6691
5.64886
5.65306
5.65907
5.6564
5.67088
5.68887
5.72007
5.73883
5.74791
5.75022
5.75111
5.74825
5.73733
5.73115
5.7385
5.74833
5.77615
5.80094
5.8312
5.86433
5.89829
5.92608
5.95632
5.96942
5.9665
5.95521
5.94092
5.9031
5.86645
5.8276
5.79587
5.77331
5.7658
5.75028
5.76091
5.78671
5.8165
5.8486
5.89137
5.9327
5.98192
6.02549
6.06295
6.08697
6.11229
6.11109
6.0878
6.0555
6.01382
5.96488
5.90843
5.86405
5.82639
5.7883
5.76486
5.73892
5.71551
5.7121
5.70425
5.70159
5.69957
5.71139
5.70891
5.69728
5.69433
5.67486
5.65173
5.64646
5.63908
5.63436
5.63212
5.64845
5.67269
5.69123
5.71135
5.73106
5.75984
5.8035
5.8365
5.85249
5.88439
5.91683
5.92854
5.91798
5.90921
5.89886
5.87489
5.85716
5.82205
5.793
5.78485
5.75635
5.73234
5.71922
5.70569
5.69761
5.6981
5.7156
5.724
5.74383
5.76572
5.77206
5.79154
5.80589
5.80877
5.82927
5.85181
5.86803
5.8722
5.86537
5.86069
5.84907
5.84948
5.84901
5.8454
5.85766
5.85933
5.83417
5.78735
5.71851
5.63058
5.49199
5.30041
5.04701
4.75249
4.43153
4.08007
3.7321
3.43921
3.2059
3.0229
2.87248
2.75654
2.67745
2.61905
2.55543
2.49318
2.42967
2.35617
2.24379
2.09096
1.91527
1.73308
1.56289
1.40637
1.29102
1.23239
1.20679
1.21772
1.25089
1.29719
1.36593
1.4333
1.49852
1.54612
1.56661
1.53675
1.45823
1.3409
1.1895
1.00649
0.82635
0.63905
0.46753
0.31518
0.18969
0.1025
0.07144
0.08964
0.1527
0.24472
0.36852
0.48259
0.59181
0.68599
0.77149
0.84566
0.91771
0.97418
1.00976
1.03047
1.0383
1.01807
0.98759
0.94343
0.8911
0.82644
0.76656
0.69554
0.62858
0.56802
0.50713
0.44087
0.38714
0.33792
0.28576
0.2359
0.19753
0.15921
0.13318
0.10756
0.08351
0.05803
0.04823
0.03457
0.02474
0.02396
0.02719
0.03064
0.03661
0.03581
0.04102
0.03924
0.0449
0.05042
0.0613
0.06672
0.07121
0.07605
0.07517
0.05843
0.03914
0.0092
-0.00508
-0.00401
-0.00549
-0.0136
-0.01249
-0.01202
-0.01533
-0.02487
-0.02586
-0.01552
0.01264
0.03118
0.02527
7.56E-4
-0.01902
-0.04386
-0.06716
-0.07672
-0.07586
-0.06486
-0.0605
-0.07153
-0.08477
-0.10082
-0.10186
-0.10096
-0.09339
-0.07755
-0.07022
-0.0609
-0.06084
-0.05761
-0.05746
-0.05584
-0.03892
-0.01896
-0.0025
0.0115
0.01845
0.01896
0.01668
0.02096
0.02511
0.03828
0.05598
0.06527
0.0656
0.07222
0.06853
0.05132
0.03797
0.0248
0.00208
-0.02073
-0.04483
-0.06736
-0.08143
-0.08006
-0.08131
-0.07892
-0.06477
-0.05343
-0.05061
-0.03783
-0.03205
-0.02583
-0.02516
-0.02859
-0.03204
-0.03802
-0.03935
-0.04861
-0.05741
-0.05533
-0.05534
-0.04757
-0.03776
-0.01497
0.0155
0.04063
0.06549
0.078
0.09204
0.10492
0.10573
0.09473
0.08283
0.06592
0.04072
0.01239
-0.0183
-0.04888
-0.06688
-0.07534
-0.07994
-0.07938
-0.06393
-0.05234
-0.0355
-0.01873
-0.00623
0.00181
0.00629
0.00845
0.00366
-0.00679
-0.01082
-0.01918
-0.02467
-0.0258
-0.02899
-0.03469
-0.04288
-0.0496
-0.05766
-0.05902
-0.0581
-0.06323
-0.06801
-0.07287
-0.09161
-0.10697
-0.11403
-0.10994
-0.09753
-0.08219
-0.07382
-0.06469
-0.05135
-0.04497
-0.04361
-0.02666
-0.0054
0.0093
0.01705
0.01472
0.01315
0.01136
0.01071
0.0034
-0.00144
-0.01105
-0.02961
-0.05142
-0.0693
-0.08504
-0.09019
-0.10176
-0.10694
-0.11491
-0.12322
-0.13865
-0.143
-0.13748
-0.13254
-0.12664
-0.11731
-0.11854
-0.11508
-0.1142
-0.11399
-0.11147
-0.09934
-0.08746
-0.08582
-0.08764
-0.09752
-0.11798
-0.1332
-0.13601
-0.1355
-0.12134
-0.09175
-0.05533
-0.01796
0.02225
0.06517
0.10713
0.15306
0.19961
0.22807
0.24887
0.26238
0.25793
0.24075
0.22385
0.21314
0.2
0.19175
0.17966
0.16223
0.14886
0.14178
0.12481
0.11137
0.10932
0.11039
0.09862
0.08414
0.06266
0.05142
0.04624
0.0445
0.03747
0.03443
0.03376
0.0228
0.00152
-0.01054
-0.01757
-0.01826
-0.02052
-0.02566
-0.03881
-0.05128
-0.06284
-0.0778
-0.08216
-0.07982
-0.08048
-0.08425
-0.08256
-0.08282
-0.0822
-0.06838
-0.05097
-0.03338
-0.01375
-0.00227
0.00297
-8.24E-4
-0.00749
-0.01875
-0.02928
-0.0385
-0.05267
-0.06447
-0.0666
-0.0688
-0.07402
-0.07756
-0.0761
-0.07123
-0.06447
-0.05911
-0.04714
-0.02839
-0.00597
0.0059
0.01186
0.01913
0.0263
0.03145
0.0308
0.02589
0.02352
0.01956
0.01357
0.00208
-0.00131
0.00412
0.01601
0.02908
0.04084
0.05725
0.07195
0.08429
0.08965
0.08427
0.07799
0.06449
0.04995
0.03367
0.01628
0.00499
-0.00941
-0.01876
-0.02651
-0.03944
-0.04903
-0.04404
-0.02789
-0.01371
-0.00218
0.01737
0.03354
0.05441
0.06275
0.06583
0.07643
0.09763
0.1072
0.1083
0.10646
0.10906
0.1015
0.08782
0.06637
0.05859
0.06305
0.0732
0.07629
0.07361
0.06674
0.05755
0.04371
0.02462
0.01379
0.0116
0.01532
0.00818
-0.01264
-0.04069
-0.06208
-0.07896
-0.08379
-0.09256
-0.09267
-0.07808
-0.02481
0.07656
0.26207
0.53574
0.90153
1.33739
1.81865
2.30742
2.79885
3.28743
3.76333
4.2073
4.60518
4.92132
5.15055
5.29242
5.35178
5.36812
5.37532
5.38927
5.40774
5.42664
5.43227
5.41804
5.39457
5.38261
5.37211
5.37542
5.3923
5.41179
5.42885
5.43847
5.43689
5.43157
5.42706
5.4184
5.3864
5.33789
5.28783
5.2202
5.13979
5.05726
4.98367
4.92638
4.88127
4.85006
4.84494
4.86487
4.91234
4.96336
5.01785
5.08237
5.14794
5.20887
5.24865
5.282
5.30645
5.31331
5.31832
5.30807
5.29885
5.29114
5.28669
5.28344
5.28415
5.30293
5.32079
5.33984
5.36813
5.38626
5.42134
5.4421
5.46309
5.4729
5.48435
5.48594
5.46931
5.44402
5.40714
5.36066
5.31984
5.26255
5.22912
5.20321
5.20059
5.21152
5.23775
5.28529
5.34118
5.40792
5.47037
5.53231
5.60604
5.6597
5.69866
5.7149
5.70542
5.67927
5.63156
5.57049
5.50051
5.43865
5.38081
5.3141
5.24069
5.17062
5.10894
5.05724
5.01749
4.99657
5.00233
5.02612
5.04974
5.06302
5.06529
5.069
5.07044
5.05848
5.03976
5.02281
5.00982
4.98701
4.9621
4.95293
4.95723
4.97478
5.00205
5.02744
5.05223
5.0804
5.10078
5.10928
5.12864
5.15495
5.16991
5.18946
5.21128
5.22381
5.24319
5.27363
5.3065
5.34375
5.37498
5.3882
5.38865
5.39248
5.38131
5.36712
5.3684
5.36629
5.356
5.33272
5.29533
5.26055
5.23481
5.21672
5.1985
5.1885
5.1739
5.14316
5.1009
5.05508
5.02786
5.0258
5.04747
5.08707
5.14066
5.20002
5.26327
5.32207
5.37453
5.42538
5.48178
5.52296
5.54446
5.55263
5.54946
5.52682
5.50279
5.46979
5.43157
5.40642
5.39915
5.37548
5.35392
5.34988
5.35215
5.3501
5.34914
5.33726
5.31683
5.31768
5.32115
5.30869
5.3219
5.34728
5.37321
5.38091
5.37123
5.34782
5.31904
5.29696
5.26475
5.22851
5.20324
5.16821
5.13819
5.10372
5.08614
5.08948
5.12351
5.17077
5.21624
5.25643
5.28928
5.31842
5.35062
5.37933
5.4079
5.43519
5.46736
5.48167
5.48693
5.4972
5.52072
5.55758
5.60355
5.65884
5.713
5.75848
5.7964
5.81402
5.81602
5.8101
5.79352
5.76083
5.71477
5.66683
5.61134
5.54751
5.48869
5.42295
5.35329
5.29527
5.24435
5.20979
5.19412
5.20664
5.23032
5.25625
5.27766
5.27747
5.25995
5.24481
5.2208
5.20583
5.1949
5.19729
5.20247
5.19883
5.1957
5.20322
5.22307
5.25997
5.29168
5.33032
5.35141
5.36112
5.33766
5.27819
5.21756
5.1607
5.11385
5.09418
5.10195
5.14304
5.20124
5.27965
5.35193
5.42858
5.5215
5.60273
5.6677
5.70893
5.7163
5.69506
5.64773
5.58678
5.52102
5.47576
5.44534
5.41176
5.38555
5.36797
5.3598
5.36698
5.3801
5.40512
5.43464
5.46645
5.48333
5.48146
5.48015
5.48018
5.47609
5.47686
5.48283
5.49745
5.50836
5.52519
5.54054
5.54415
5.5536
5.55677
5.54777
5.54014
5.5422
5.54043
5.53294
5.52876
5.51347
5.48654
5.46195
5.429
5.39034
5.35462
5.32783
5.28623
5.2421
5.19498
5.1459
5.10707
5.08277
5.08417
5.11072
5.15998
5.22944
5.29481
5.36064
5.41579
5.45843
5.48662
5.49664
5.48719
5.45024
5.39636
5.34646
5.29231
5.2501
5.22319
5.21616
5.24188
5.28064
5.32765
5.37771
5.43526
5.48427
5.50305
5.50236
5.48572
5.46242
5.44127
5.40431
5.38525
5.38004
5.39055
5.40477
5.43056
5.47841
5.53825
5.60254
5.64904
5.6772
5.69814
5.68736
5.65769
5.61224
5.55821
5.51004
5.44748
5.38573
5.31642
5.25537
5.19955
5.14431
5.1026
5.06276
5.03212
5.01938
5.00589
5.00639
5.00473
5.01003
5.02035
5.02467
5.02266
5.00597
4.98641
4.97006
4.94944
4.92724
4.90767
4.90656
4.90679
4.90887
4.91016
4.90645
4.91642
4.94021
4.96716
4.99393
5.03135
5.07553
5.11197
5.14713
5.16484
5.1864
5.22766
5.26673
5.28883
5.2776
5.23689
5.15097
5.01242
4.81026
4.5597
4.30345
4.04732
3.79057
3.55434
3.34575
3.18494
3.0787
3.04051
3.05895
3.12837
3.23498
3.33554
3.40122
3.41177
3.34966
3.2262
3.05989
2.8661
2.6373
2.38847
2.14652
1.92192
1.7248
1.56441
1.4625
1.42852
1.44509
1.49766
1.55867
1.6419
1.73185
1.79995
1.82535
1.81152
1.75546
1.64988
1.49955
1.33048
1.14339
0.9607
0.76433
0.56892
0.39882
0.27239
0.18568
0.14764
0.15698
0.20071
0.25868
0.31789
0.36764
0.40817
0.43927
0.45766
0.46121
0.45399
0.43238
0.39662
0.35097
0.29462
0.24438
0.18599
0.13658
0.09328
0.05958
0.03972
0.03153
0.02775
0.0253
0.02118
0.03077
0.03218
0.04193
0.03661
0.02903
0.02028
0.00574
-0.01539
-0.02995
-0.03581
-0.02649
-0.02152
-0.01857
-0.0348
-0.04971
-0.07066
-0.09378
-0.11846
-0.13641
-0.14486
-0.1464
-0.14286
-0.13951
-0.13143
-0.10603
-0.07457
-0.03001
0.01308
-0.06242
-0.03989
-0.0131
0.01626
0.05058
0.09107
0.13641
0.20089
0.27703
0.34691
0.40512
0.44432
0.44802
0.42154
0.3698
0.29823
0.22529
0.16215
0.08335
0.00305
-0.07186
-0.13056
-0.17021
-0.1829
-0.17064
-0.13912
-0.08782
-0.04281
-0.01675
0.00922
0.03989
0.07707
0.1192
0.16609
0.21232
0.25461
0.2967
0.32797
0.35814
0.38746
0.40958
0.41316
0.3995
0.36699
0.32134
0.26939
0.22073
0.17201
0.13421
0.09784
0.0652
0.04108
0.02547
0.021
0.02413
0.0257
0.03105
0.0312
0.0259
0.0106
-0.01128
-0.03387
-0.0558
-0.07919
-0.1069
-0.12449
-0.12693
-0.11997
-0.11873
-0.11321
-0.11964
-0.12858
-0.13488
-0.1447
-0.14852
-0.13855
-0.13245
-0.12924
-0.13805
-0.14272
-0.15643
-0.1623
-0.15008
-0.13701
-0.12409
-0.10433
-0.09537
-0.08932
-0.09286
-0.09871
-0.09982
-0.09279
-0.07874
-0.07702
-0.07591
-0.07023
-0.07456
-0.08438
-0.09285
-0.08972
-0.075
-0.06364
-0.05457
-0.04993
-0.04562
-0.04487
-0.0442
-0.0472
-0.03704
-0.02226
-0.01823
-0.01757
-0.01162
-0.01021
-0.01094
-0.00935
-0.00405
-0.00753
-0.00449
-0.00374
-0.00952
-0.0086
-0.00975
-0.02296
-0.03439
-0.04452
-0.05487
-0.0699
-0.07099
-0.06464
-0.05682
-0.05186
-0.05
-0.0527
-0.05456
-0.06117
-0.07247
-0.08552
-0.08453
-0.08482
-0.08741
-0.09694
-0.10265
-0.11244
-0.12807
-0.14528
-0.16512
-0.17203
-0.17352
-0.17818
-0.18981
-0.20399
-0.21724
-0.22932
-0.23809
-0.23384
-0.21844
-0.18128
-0.1449
-0.11229
-0.08947
-0.06661
-0.05021
-0.03649
-0.02952
-0.02367
-0.02607
-0.03041
-0.04716
-0.07453
-0.0989
-0.12574
-0.15081
-0.17441
-0.1944
-0.20795
-0.21686
-0.21176
-0.20208
-0.19035
-0.16799
-0.1582
-0.14266
-0.12839
-0.1129
-0.10044
-0.08979
-0.0837
-0.08694
-0.10439
-0.11498
-0.14165
-0.1496
-0.14929
-0.14063
-0.13332
-0.12688
-0.12133
-0.11326
-0.10449
-0.08618
-0.08398
-0.07206
-0.07573
-0.0871
-0.10915
-0.12755
-0.14128
-0.14506
-0.1408
-0.13582
-0.13297
-0.12839
-0.13031
-0.11991
-0.10944
-0.0889
-0.0695
-0.04567
-0.0315
-0.02582
-0.02455
-0.02543
-0.0227
-0.0101
-0.00344
3.93E-4
-0.00786
-0.02556
-0.05077
-0.07052
-0.09057
-0.10097
-0.10446
-0.09719
-0.09389
-0.09002
-0.0903
-0.09236
-0.07975
-0.0602
-0.04569
-0.02725
-0.00512
0.01424
0.02376
0.03671
0.04327
0.05021
0.05888
0.05458
0.0399
0.02143
0.00605
-0.0194
-0.04063
-0.05623
-0.06726
-0.07591
-0.081
-0.0793
-0.06609
-0.05022
-0.03087
-0.01572
0.00288
0.01875
0.03573
0.04297
0.05383
0.06975
0.07686
0.0711
0.0588
0.03934
0.01756
-0.00498
-0.02546
-0.03909
-0.04829
-0.04799
-0.05378
-0.05153
-0.04262
-0.0306
-0.00412
0.01133
0.01874
0.02775
0.01377
-0.00604
-0.04217
-0.07276
-0.09608
-0.11232
-0.10876
-0.11068
-0.094
-0.06322
-0.04489
-0.02227
-7.76E-4
0.02845
0.05597
0.07066
0.08051
0.07924
0.07541
0.06057
0.03371
0.00973
-0.01771
-0.03718
-0.03599
0.00915
0.11325
0.2825
0.51426
0.81086
1.14864
1.51069
1.89124
2.28442
2.67819
3.05806
3.39888
3.68066
3.888
4.03048
4.09613
4.11823
4.13354
4.1357
4.13301
4.11872
4.10727
4.08739
4.05852
4.03635
4.02081
4.03045
4.05378
4.07809
4.1025
4.11902
4.16294
4.19952
4.22108
4.25244
4.28664
4.30233
4.28719
4.27452
4.2448
4.20124
4.17598
4.15261
4.13731
4.14579
4.16065
4.16726
4.17374
4.21514
4.23354
4.23521
4.25059
4.27314
4.25603
4.23176
4.20056
4.15409
4.12295
4.11751
4.09043
4.08024
4.09685
4.10527
4.09803
4.11732
4.12906
4.13532
4.15638
4.17654
4.1806
4.18702
4.19411
4.19602
4.20562
4.21999
4.23129
4.23331
4.24242
4.25605
4.24843
4.24796
4.25104
4.24651
4.2486
4.26335
4.27151
4.27277
4.28727
4.28105
4.27116
4.28326
4.2717
4.27341
4.29547
4.31366
4.31043
4.30339
4.291
4.26858
4.26757
4.25362
4.2412
4.26598
4.28083
4.28507
4.28302
4.29286
4.30843
4.3269
4.35087
4.37114
4.40427
4.42232
4.41462
4.41582
4.41433
4.4094
4.40423
4.4009
4.39447
4.39215
4.38439
4.36912
4.35491
4.35637
4.35563
4.3595
4.38186
4.3956
4.39718
4.40659
4.41396
4.41153
4.39115
4.39113
4.38673
4.3693
4.3593
4.33821
4.3156
4.30881
4.32436
4.3396
4.36778
4.42226
4.45182
4.46915
4.48766
4.48001
4.47472
4.47739
4.48055
4.46377
4.4444
4.41107
4.38273
4.37259
4.36785
4.37889
4.41289
4.42421
4.43034
4.42778
4.40222
4.36676
4.35309
4.33152
4.29408
4.26502
4.21939
4.15395
4.11512
4.07676
4.04808
4.04061
4.05006
4.04785
4.03956
4.05392
4.06161
4.09145
4.14226
4.18975
4.23897
4.25716
4.27785
4.28116
4.28563
4.30943
4.30908
4.33582
4.34367
4.32743
4.30888
4.28078
4.28975
4.2958
4.31375
4.34919
4.35525
4.37467
4.35755
4.32921
4.32788
4.31915
4.31906
4.31978
4.31532
4.316
4.29776
4.29504
4.28327
4.28216
4.30014
4.29328
4.27898
4.29032
4.29042
4.29411
4.30047
4.32545
4.35115
4.37576
4.40547
4.4145
4.42045
4.45182
4.46908
4.48464
4.49825
4.52098
4.52781
4.52432
4.52763
4.52115
4.52121
4.527
4.53552
4.53625
4.52795
4.52054
4.49383
4.47318
4.45367
4.44394
4.43317
4.4183
4.42722
4.42517
4.42063
4.41613
4.42735
4.44606
4.44521
4.46234
4.45811
4.44738
4.45639
4.44119
4.41162
4.38784
4.39029
4.36389
4.32081
4.31642
4.30265
4.29045
4.30357
4.30341
4.30223
4.32901
4.34642
4.32097
4.32124
4.34431
4.33293
4.32192
4.33357
4.32595
4.32384
4.34697
4.345
4.33653
4.38184
4.40991
4.42589
4.46201
4.48373
4.48142
4.48832
4.48563
4.44966
4.42735
4.42665
4.39337
4.38349
4.37445
4.35702
4.3614
4.36507
4.36418
4.37293
4.39352
4.40301
4.39013
4.40485
4.39658
4.37827
4.36602
4.33919
4.3199
4.304
4.27602
4.25836
4.24171
4.24975
4.23387
4.22184
4.22392
4.21746
4.19829
4.19693
4.18437
4.18773
4.18176
4.17213
4.16185
4.14863
4.14005
4.13941
4.13665
4.17139
4.19057
4.21796
4.23898
4.25704
4.27241
4.27938
4.30064
4.3186
4.33953
4.39083
4.42166
4.44201
4.47155
4.48776
4.49363
4.51307
4.52634
4.52655
4.54226
4.54445
4.50961
4.46597
4.44177
4.40682
4.3882
4.40287
4.42514
4.44663
4.48312
4.50449
4.50714
4.52028
4.54403
4.55399
4.55395
4.57016
4.56515
4.54736
4.55932
4.56527
4.55916
4.58542
4.61352
4.61898
4.62139
4.63702
4.61679
4.61252
4.62177
4.60018
4.56747
4.54576
4.51755
4.47131
4.44231
4.41237
4.37435
4.37634
4.36826
4.34565
4.3324
4.31621
4.30728
4.27447
4.241
4.19735
4.13076
4.04459
3.89917
3.71529
3.51525
3.29567
3.08647
2.87775
2.71657
2.61523
2.56779
2.57944
2.63049
2.72652
2.86214
2.99754
3.12605
3.22442
3.30168
3.32956
3.30255
3.20502
3.04946
2.8647
2.6512
2.41674
2.19781
1.99317
1.81333
1.64154
1.48533
1.32731
1.19083
1.08224
0.98784
0.9123
0.86298
0.82507
0.79588
0.76868
0.74529
0.71929
0.7009
0.68402
0.66526
0.64275
0.63069
0.6139
0.58461
0.56452
0.55052
0.54516
0.55661
0.58367
0.62743
0.68152
0.74696
0.80099
0.85696
0.92023
0.96493
1.0028
1.0506
1.0814
1.09315
1.08036
1.04434
0.9773
0.88824
0.77546
0.64693
0.5329
0.44133
0.34067
0.25077
0.18295
0.13772
0.11159
0.11386
0.14612
0.19998
0.26369
0.32616
0.36328
0.38777
0.40408
0.41199
0.41713
0.41736
0.40934
0.39498
0.36606
0.33955
0.30427
0.27853
0.26028
0.25092
0.23568
0.20511
0.17373
0.13803
0.09484
0.06134
0.03508
0.02876
0.02901
0.02976
0.02543
0.02322
0.03339
0.03956
0.05423
0.07389
0.09695
0.11933
0.12317
0.11487
0.10983
0.10701
0.10474
0.10618
0.1195
0.1325
0.14824
0.15705
0.15379
0.15179
0.14945
0.13393
0.11041
0.09712
0.08301
0.06315
0.04092
0.02134
0.01132
0.00594
-6.89E-4
-0.01087
-0.00762
0.01161
0.02934
0.04568
0.06475
0.08819
0.10515
0.11366
0.11788
0.12068
0.13001
0.1378
0.13585
0.12884
0.11503
0.08795
0.05857
0.02826
0.0011
-0.02584
-0.04878
-0.06782
-0.08914
-0.09869
-0.1092
-0.11727
-0.10441
-0.08993
-0.06739
-0.05161
-0.03134
-0.01053
0.00415
0.01713
0.013
0.00395
-0.00539
-0.02433
-0.04059
-0.06065
-0.06373
-0.06348
-0.05924
-0.0539
-0.04667
-0.03395
-0.01877
-0.00278
0.00909
0.01185
0.016
0.00994
-5.97E-4
-0.01392
-0.02722
-0.03591
-0.04136
-0.04142
-0.043
-0.03747
-0.02248
-0.00484
0.00542
0.01454
0.01598
0.00604
-0.01125
-0.02944
-0.05423
-0.07389
-0.08978
-0.10445
-0.12069
-0.1255
-0.12326
-0.11316
-0.08879
-0.06089
-0.033
-0.00608
0.01366
0.02047
0.02029
0.01101
0.00206
-0.00563
-0.01077
-0.00909
-0.00115
0.0039
0.01123
0.02125
0.03674
0.04298
0.05788
0.06563
0.07074
0.06327
0.0451
0.01444
-0.01885
-0.04598
-0.06409
-0.08132
-0.08553
-0.08691
-0.07916
-0.0741
-0.05695
-0.04818
-0.03635
-0.01474
0.00797
0.01562
0.01738
0.01904
0.01599
0.01104
0.0083
0.00852
0.01921
0.03875
0.05226
0.05412
0.05648
0.06353
0.05845
0.05306
0.04634
0.04135
0.03147
0.02482
0.01357
0.006
3.31E-4
0.00238
8.22E-4
0.01033
0.02135
0.02897
0.03719
0.04524
0.05288
0.05392
0.0406
0.02887
0.01363
0.00332
-0.00379
-0.00844
-0.0144
-0.01578
-0.02023
-0.03375
-0.04875
-0.0566
-0.06241
-0.05981
-0.05418
-0.04942
-0.05105
-0.04701
-0.05616
-0.05775
-0.0555
-0.04559
-0.03027
-0.0178
-0.01182
-0.01413
-0.02548
-0.03145
-0.04302
-0.04118
-0.04588
-0.04521
-0.04768
-0.0597
-0.06672
-0.07074
-0.05734
-0.03461
-0.01821
-0.00177
0.00209
9.59E-4
-0.008
-0.02472
-0.03092
-0.03691
-0.03506
-0.04833
-0.06421
-0.07577
-0.08121
-0.08653
-0.0818
-0.07776
-0.05988
-0.05011
-0.04273
-0.04569
-0.04628
-0.04592
-0.0414
-0.04035
-0.03077
-0.03018
-0.02708
-0.03565
-0.04143
-0.04853
-0.05442
-0.05667
-0.05694
-0.05329
-0.04871
-0.05199
-0.05755
-0.06098
-0.06447
-0.07145
-0.07837
-0.08513
-0.08947
-0.08921
-0.09315
-0.09128
-0.08438
-0.07158
-0.06934
-0.06446
-0.05875
-0.05392
-0.04695
-0.04856
-0.05578
-0.0601
-0.06973
-0.08378
-0.09675
-0.0993
-0.09858
-0.09295
-0.08349
-0.07304
-0.05312
-0.03198
-0.01551
-0.00817
0.00137
0.00925
0.01431
0.02006
0.02399
0.03251
0.04438
0.05025
0.04989
0.03549
0.02651
0.01544
0.00583
-0.00183
-0.017
-0.02596
-0.03229
-0.03997
-0.05212
-0.06685
-0.06933
-0.06946
-0.06641
-0.05971
-0.05042
-0.00698
0.06003
0.16621
0.30803
0.48548
0.70232
0.93849
1.19196
1.4646
1.72928
2.00393
2.24547
2.48042
2.67889
2.8242
2.94075
3.0228
3.07596
3.11429
3.11308
3.12499
3.12458
3.13185
3.12525
3.09591
3.09504
3.09672
3.08232
3.08087
3.05922
3.07651
3.09053
3.09788
3.11477
3.11282
3.13879
3.14074
3.14056
3.1585
3.16082
3.19578
3.20585
3.21644
3.24081
3.23078
3.23718
3.20407
3.18974
3.18154
3.16261
3.16083
3.13145
3.12799
3.12909
3.10931
3.12529
3.12158
3.15155
3.17753
3.17286
3.17186
3.16022
3.16061
3.14994
3.13139
3.13392
3.12811
3.13542
3.13946
3.12911
3.15372
3.19661
3.22948
3.27343
3.30986
3.3187
3.31565
3.3012
3.28
3.24889
3.24635
3.22633
3.18606
3.16367
3.13412
3.09672
3.08576
3.08547
3.08633
3.08896
3.10459
3.06871
3.0416
3.02751
3.01212
3.00689
2.99905
3.00444
3.01386
3.0183
3.03474
3.03111
3.06715
3.10296
3.10782
3.11407
3.10077
3.09251
3.07933
3.06102
3.05528
3.05428
3.07434
3.07187
3.04855
3.04305
3.04007
3.04371
3.05119
3.05798
3.05756
3.05618
3.04592
3.01169
2.98585
2.97264
2.97334
2.9751
2.97896
2.99291
3.00315
3.00914
3.00764
3.01034
3.00383
3.00312
3.00839
3.00463
3.01676
3.03512
3.04842
3.0619
3.08339
3.10354
3.09774
3.1172
3.12318
3.10963
3.11008
3.07504
3.02762
2.9919
2.95127
2.90791
2.8889
2.87594
2.85635
2.84956
2.86251
2.8673
2.89022
2.92915
2.95332
2.97932
3.01778
3.03292
3.06067
3.09114
3.12824
3.16463
3.18653
3.21947
3.22416
3.21977
3.22023
3.1966
3.16557
3.14562
3.11069
3.06688
3.03756
3.02361
2.98639
2.98123
2.97168
2.94985
2.94976
2.96
2.9569
2.97805
2.99752
2.98866
2.97463
2.97482
2.95689
2.95129
2.96117
2.97115
2.99067
3.0191
3.03916
3.06031
3.09648
3.14331
3.17062
3.18427
3.19983
3.18686
3.1457
3.11086
3.06186
3.01849
2.98721
2.9575
2.91319
2.89195
2.89004
2.88491
2.89789
2.94219
2.97786
3.02477
3.06654
3.10568
3.13464
3.16704
3.18196
3.19912
3.21848
3.23077
3.23188
3.21468
3.21434
3.2252
3.21394
3.2226
3.22138
3.23781
3.23467
3.21794
3.22155
3.225
3.26501
3.28302
3.29481
3.3467
3.36817
3.40188
3.39716
3.41531
3.45598
3.47356
3.48507
3.4557
3.43646
3.41689
3.35622
3.31842
3.26321
3.25537
3.2601
3.25123
3.25241
3.25875
3.27429
3.27283
3.23527
3.21487
3.17051
3.15224
3.13383
3.08979
3.07028
3.06052
3.04475
3.04465
3.04115
3.08696
3.12208
3.18632
3.25465
3.28772
3.32278
3.30812
3.28107
3.26779
3.24742
3.25855
3.24136
3.25803
3.27577
3.2633
3.26474
3.24251
3.25821
3.28528
3.29418
3.30145
3.26641
3.25927
3.23995
3.20799
3.20403
3.19023
3.20989
3.22563
3.21522
3.22121
3.21783
3.2515
3.27671
3.27188
3.26319
3.24005
3.21722
3.19227
3.15381
3.15138
3.15039
3.16241
3.17235
3.1667
3.17869
3.19989
3.19855
3.21406
3.21557
3.21843
3.19947
3.15436
3.12243
3.08977
3.05798
3.05107
3.03541
3.06791
3.10829
3.14463
3.18937
3.20674
3.23859
3.25589
3.24521
3.24998
3.23172
3.22252
3.21066
3.179
3.17236
3.16588
3.19396
3.23705
3.26196
3.31359
3.36401
3.38538
3.40017
3.36527
3.34591
3.32656
3.28539
3.25265
3.20843
3.19714
3.19174
3.15532
3.1594
3.16578
3.20545
3.24117
3.2553
3.27964
3.28587
3.27385
3.24512
3.19997
3.18257
3.16385
3.15495
3.14894
3.15272
3.15011
3.15984
3.17301
3.19437
3.2223
3.23974
3.25349
3.25869
3.23996
3.22288
3.18145
3.16083
3.14243
3.1181
3.11455
3.10157
3.09835
3.09282
3.0792
3.08436
3.07713
3.0776
3.0663
3.04512
3.02736
2.98644
2.93763
2.87813
2.80157
2.72139
2.61931
2.50598
2.37659
2.23775
2.08979
1.93562
1.78263
1.64041
1.5062
1.38918
1.28252
1.18473
1.08944
1.00715
0.92855
0.86307
0.80648
0.76678
0.73486
0.71021
0.68217
0.64952
0.61801
0.5949
0.57142
0.56442
0.5639
0.56485
0.55883
0.54681
0.52292
0.50119
0.47431
0.44357
0.41849
0.40742
0.39774
0.3773
0.35793
0.34433
0.32984
0.32716
0.32189
0.31786
0.32562
0.33157
0.33526
0.32561
0.32174
0.31894
0.31149
0.30439
0.28996
0.27583
0.26618
0.24612
0.23259
0.20801
0.19867
0.18743
0.16925
0.15462
0.14379
0.13923
0.13381
0.12943
0.13082
0.12235
0.12016
0.11435
0.11241
0.12374
0.13871
0.15867
0.18092
0.20477
0.21693
0.21949
0.21692
0.21161
0.19796
0.18425
0.16738
0.15215
0.12945
0.10321
0.08439
0.07665
0.08055
0.09345
0.10901
0.13351
0.15475
0.1646
0.16186
0.15953
0.15769
0.14513
0.13802
0.12776
0.12239
0.12075
0.11271
0.10427
0.10674
0.1174
0.12928
0.13711
0.15017
0.15573
0.16376
0.15776
0.14144
0.11983
0.09946
0.07314
0.04354
0.01412
-0.00947
-0.03136
-0.04954
-0.06529
-0.07083
-0.05986
-0.04295
-0.02789
-0.00757
0.00829
0.01626
0.01676
0.0153
0.0132
0.01159
0.02764
0.02568
0.03337
0.04609
0.0497
0.05653
0.06184
0.06605
0.0683
0.07015
0.07677
0.0593
0.05479
0.04683
0.04232
0.04958
0.05247
0.06787
0.08557
0.10071
0.113
0.10963
0.10515
0.0925
0.07361
0.04915
0.01614
-0.00633
-0.02912
-0.04607
-0.0588
-0.06611
-0.06452
-0.06055
-0.05945
-0.05511
-0.05318
-0.05029
-0.04496
-0.04261
-0.04119
-0.03876
-0.03266
-0.03085
-0.02348
-0.00697
0.00745
0.02199
0.04119
0.0561
0.06577
0.06941
0.073
0.06684
0.05971
0.04968
0.03859
0.03046
0.03138
0.03838
0.03692
0.03805
0.03842
0.03102
0.02536
0.02902
0.04035
0.05315
0.07123
0.08507
0.0778
0.07274
0.06468
0.05997
0.06527
0.07308
0.08262
0.08764
0.08987
0.07804
0.05753
0.05484
0.05696
0.06233
0.07136
0.07118
0.07098
0.0621
0.04838
0.02683
0.01097
0.00296
-0.0089
-0.01749
-0.01259
-0.01169
0.0015
0.01523
0.03311
0.05644
0.08408
0.10442
0.11992
0.13262
0.14017
0.12711
0.11604
0.09983
0.08593
0.07263
0.05857
0.04758
0.04653
0.05034
0.05177
0.04548
0.04513
0.04698
0.04247
0.03243
0.02739
0.02368
0.02317
0.02706
0.02974
0.03015
0.04122
0.0577
0.06865
0.08149
0.08651
0.07913
0.07116
0.06545
0.05241
0.03832
0.0385
0.04018
0.04335
0.04778
0.04746
0.06072
0.07208
0.07811
0.0742
0.07373
0.07813
0.07532
0.06932
0.05562
0.0437
0.04536
0.03379
0.02731
0.02242
0.02143
0.01449
-0.00123
-0.0251
-0.04826
-0.05961
-0.06405
-0.07331
-0.06547
-0.05051
-0.03628
-0.01848
0.00313
0.01984
0.04139
0.05616
0.05516
0.04575
0.04339
0.03054
0.00576
-0.00657
-0.02195
-0.04184
-0.04601
-0.04316
-0.02909
-5.3E-4
0.03309
0.05171
0.07294
0.098
0.10283
0.10288
0.10805
0.10612
0.09979
0.08761
0.06326
0.03463
0.01255
-0.00853
-0.02669
-0.02406
-0.01564
-0.00489
0.00489
0.00998
0.00979
0.00609
0.00333
-0.00163
-0.0133
-0.02368
-0.04337
-0.05529
-0.06738
-0.07081
-0.06888
-0.06916
-0.06166
-0.0649
-0.06658
-0.06511
-0.06198
-0.053
-0.04943
-0.0453
-0.05186
-0.06411
-0.06021
-0.0484
-0.02421
-3.92E-4
0.02636
0.05097
0.06849
0.07495
0.0728
0.06801
0.06584
0.04936
0.02621
0.00649
-0.01144
-0.02034
-0.02188
-0.01225
0.00882
0.02859
0.04454
0.05707
0.0696
0.07831
0.0804
0.08247
0.07771
0.06853
0.05428
0.04313
0.0148
0.0052
0.02
0.06699
0.14833
0.20477
0.21693
0.21949
0.21692
0.21161
0.19796
0.18425
0.16738
0.15215
0.12945
0.10321
0.08439
0.07665
0.08055
0.09345
0.10901
0.13351
0.15474
0.1646
0.16186
0.15953
0.15769
0.14513
0.13802
0.12776
0.12239
0.12075
0.11271
0.10427
0.10674
0.1174
0.12928
0.13711
0.15017
0.15573
0.16376
0.15776
0.14144
0.11983
0.09946
0.07314
0.04354
0.01412
-0.00947
-0.03136
-0.04954
-0.06529
-0.07083
-0.05985
-0.04295
-0.02789
-0.00757
0.00829
0.01626
0.01676
0.0153
0.0132
0.01159
0.02764
0.02568
0.03337
0.04609
0.0497
0.05653
0.06184
0.06605
0.0683
0.07015
0.07677
0.0593
0.05479
0.04683
0.04232
0.04958
0.05247
0.06787
0.08557
0.10071
0.113
0.10963
0.10515
0.0925
0.07361
0.04915
0.01614
-0.00632
-0.02912
-0.04607
-0.0588
-0.06611
-0.06452
-0.06055
-0.05945
-0.05511
-0.05318
-0.05029
-0.04496
-0.04261
-0.04118
-0.03876
-0.03266
-0.03085
-0.02348
-0.00697
0.00745
0.02199
0.04119
0.0561
0.06577
0.06941
0.073
0.06684
0.05971
0.04968
0.03859
0.03046
0.03138
0.03838
0.03692
0.03805
0.03842
0.03102
0.02536
0.02902
0.04035
0.05315
0.07123
0.08507
0.07779
0.07274
0.06468
0.05997
0.06526
0.07308
0.08262
0.08763
0.08987
0.07804
0.05753
0.05484
0.05696
0.06233
0.07136
0.07118
0.07098
0.0621
0.04838
0.02682
0.01097
0.00296
-0.0089
-0.01749
-0.01259
-0.01169
0.0015
0.01523
0.03311
0.05644
0.08407
0.10442
0.11992
0.13262
0.14017
0.12711
0.11604
0.09983
0.08593
0.07263
0.05857
0.04758
0.04653
0.05034
0.05177
0.04548
0.04513
0.04698
0.04247
0.03243
0.02739
0.02368
0.02317
0.02706
0.02974
0.03015
0.04122
0.0577
0.06865
0.08149
0.08651
0.07913
0.07116
0.06545
0.05241
0.03832
0.03849
0.04018
0.04334
0.04778
0.04746
0.06072
0.07208
0.07811
0.0742
0.07373
0.07813
0.07532
0.06931
0.05562
0.0437
0.04536
0.03379
0.02731
0.02242
0.02143
0.01448
-0.00123
-0.0251
-0.04826
-0.05961
-0.06405
-0.07331
-0.06547
-0.05051
-0.03627
-0.01848
0.00313
0.01984
0.04139
0.05616
0.05516
0.04575
0.04339
0.03054
0.00576
-0.00657
-0.02195
-0.04184
-0.04601
-0.04316
-0.02909
-5.3004E-4
0.03309
0.05171
0.07294
0.098
0.10283
0.10288
0.10805
0.10612
0.09978
0.08761
0.06326
0.03463
0.01255
-0.00853
-0.02669
-0.02406
-0.01564
-0.00489
0.00489
0.00998
0.00979
0.00609
0.00333
-0.00163
-0.0133
-0.02368
-0.04337
-0.05529
-0.06738
-0.07081
-0.06888
-0.06916
-0.06166
-0.0649
-0.06658
-0.06511
-0.06198
-0.053
-0.04943
-0.0453
-0.05186
-0.06411
-0.06021
-0.0484
-0.02421
-3.91535E-4
0.02636
0.05097
0.06848
0.07495
0.0728
0.06801
0.06584
0.04936
0.02621
0.00649
-0.01144
-0.02034
-0.02188
-0.01225
0.00882
0.02859
0.04454
0.05707
0.0696
0.0783
0.0804
0.08247
0.07771
0.06853
0.05428
0.04313
0.01479
0.0052
0.02
0.06699
0.14833