-0.04825
-0.02565
-0.02428
-0.02074
-0.01426
-0.00124
0.0151
0.03102
0.04318
0.04938
0.04997
0.03428
0.02524
0.00754
-0.00691
-0.01295
-0.01831
-0.02953
-0.03535
-0.0422
-0.04601
-0.04475
-0.03339
-0.02616
-0.01045
0.00494
0.01058
0.0091
0.01059
0.00765
0.00145
-0.0092
-0.02531
-0.04552
-0.0724
-0.09964
-0.1272
-0.14681
-0.16278
-0.17011
-0.17347
-0.17003
-0.15614
-0.13911
-0.12019
-0.08968
-0.05865
-0.02224
0.01211
0.04711
0.07137
0.08709
0.09413
0.08681
0.07721
0.06131
0.04326
0.02618
-3.68438E-4
-0.03413
-0.06571
-0.09729
-0.12166
-0.1385
-0.14659
-0.14811
-0.13629
-0.12861
-0.12528
-0.11557
-0.0984
-0.0887
-0.07463
-0.06354
-0.05635
-0.04946
-0.0475
-0.05802
-0.05922
-0.05881
-0.05811
-0.05574
-0.04736
-0.03964
-0.03604
-0.03259
-0.03635
-0.04594
-0.05058
-0.06442
-0.07403
-0.07777
-0.08727
-0.10019
-0.11248
-0.11737
-0.12169
-0.12072
-0.11278
-0.10438
-0.0947
-0.08666
-0.089
-0.08918
-0.08835
-0.08794
-0.089
-0.08917
-0.08983
-0.09019
-0.08766
-0.08147
-0.07271
-0.06005
-0.04915
-0.03818
-0.03117
-0.03051
-0.03298
-0.03037
-0.02585
-0.0306
-0.03496
-0.04246
-0.05002
-0.05871
-0.0639
-0.06715
-0.06816
-0.0647
-0.06577
-0.06914
-0.05559
-0.04598
-0.03404
-0.02286
-0.01047
-0.00762
-0.01068
-0.01294
-0.01532
-0.01313
-0.00545
-0.00897
-0.00859
-0.01254
-0.02144
-0.03214
-0.04131
-0.04128
-0.04127
-0.04279
-0.04489
-0.04981
-0.05478
-0.06057
-0.0664
-0.06821
-0.06438
-0.05146
-0.04042
-0.02598
-0.01215
-0.00125
0.01219
0.02654
0.0399
0.05402
0.07219
0.08278
0.08906
0.09397
0.08883
0.08197
0.0772
0.0669
0.05782
0.04299
0.0297
0.01795
0.01631
0.02025
0.02524
0.03564
0.04458
0.04643
0.04482
0.03514
0.02967
0.02537
0.01729
0.00504
-0.00692
-0.01756
-0.02262
-0.02391
-0.01906
-0.01033
0.00167
0.01351
0.02224
0.02461
0.02266
0.01142
-0.00349
-0.02572
-0.04547
-0.05885
-0.06642
-0.06012
-0.04439
-0.03035
-0.01051
0.00768
0.02351
0.04072
0.06768
0.09439
0.11956
0.14323
0.1628
0.17035
0.18263
0.18473
0.18669
0.19398
0.201
0.20163
0.19906
0.18963
0.17353
0.14221
0.11179
0.07515
0.04698
0.02236
2.01328E-4
-0.01972
-0.04177
-0.06292
-0.08763
-0.10811
-0.11261
-0.10292
-0.08519
-0.06081
-0.03343
-0.00711
0.01222
0.02721
0.037
0.05021
0.06518
0.07776
0.0818
0.0831
0.07792
0.06783
0.05373
0.04212
0.03806
0.04132
0.05214
0.05895
0.06511
0.07152
0.07023
0.06
0.05297
0.04547
0.03905
0.0338
0.02725
0.01208
0.00388
-0.00427
-0.017
-0.02375
-0.01765
-0.01413
-0.01339
-0.01083
-0.0127
-0.01548
-0.01036
-0.01275
-0.0142
-0.01287
-0.00645
-0.00441
9.48666E-4
0.01629
0.03599
0.05488
0.07496
0.08191
0.08816
0.08451
0.07484
0.05692
0.04113
0.02526
0.006
-0.01271
-0.02537
-0.0391
-0.03987
-0.04089
-0.04263
-0.04211
-0.04006
-0.03389
-0.02969
-0.02144
-0.02093
-0.01903
-0.01711
-0.02282
-0.03028
-0.02958
-0.01969
-0.00226
0.00886
0.01868
0.02229
0.02902
0.02886
0.02679
0.02353
0.02189
0.01606
0.00586
-0.00325
-0.00886
-0.01284
-0.01634
-0.0182
-0.01816
-0.01427
-0.00659
7.8967E-4
0.01373
0.02507
0.02636
0.01964
0.00641
-0.01069
-0.02878
-0.03747
-0.03753
-0.03393
-0.02344
-0.01765
-0.01609
-0.01042
-0.0018
0.00884
0.02541
0.04483
0.05664
0.05881
0.05482
0.04932
0.04173
0.03824
0.03003
0.02371
0.0183
0.01132
-0.00343
-0.017
-0.02833
-0.02805
-0.03056
-0.03276
-0.03814
-0.0353
-0.02888
-0.01766
-0.00999
7.94381E-5
0.01027
0.01659
0.016
0.0156
0.02576
0.04911
0.07553
0.10056
0.11781
0.13074
0.13814
0.13563
0.13341
0.12308
0.11078
0.09277
0.06843
0.03701
0.0062
-0.01981
-0.03653
-0.0423
-0.04119
-0.04122
-0.03571
-0.02285
-0.00669
0.00258
0.01411
0.01796
0.02314
0.02105
0.0095
-0.00165
-0.01256
-0.02193
-0.03259
-0.05331
-0.06447
-0.07967
-0.0843
-0.08773
-0.08308
-0.06879
-0.05127
-0.03098
-0.01709
-0.01319
-0.00399
-0.00778
-0.00879
-0.0093
-0.0079
7.46141E-4
0.01209
0.02605
0.02828
0.02949
0.03508
0.03798
0.04455
0.05333
0.05059
0.04641
0.03597
0.01446
-0.0187
-0.04504
-0.06292
-0.07711
-0.08664
-0.09442
-0.11098
-0.11844
-0.12101
-0.12931
-0.12909
-0.12296
-0.11583
-0.10677
-0.10173
-0.09942
-0.09616
-0.08779
-0.07328
-0.06133
-0.04453
-0.03017
-0.01739
0.00181
0.01442
0.02701
0.04122
0.05591
0.07096
0.07958
0.08258
0.08207
0.08186
0.08694
0.07992
0.07587
0.07981
0.09281
0.1128
0.13814
0.16553
0.19626
0.22676
0.24537
0.25035
0.25777
0.25918
0.25808
0.25434
0.24243
0.22724
0.20283
0.17541
0.14268
0.11952
0.10559
0.10477
0.11425
0.13222
0.14349
0.1591
0.17392
0.19692
0.21899
0.24224
0.26316
0.29118
0.30881
0.31952
0.30841
0.29819
0.28691
0.27647
0.2587
0.24117
0.2389
0.25067
0.25599
0.26042
0.26152
0.27254
0.27985
0.28017
0.27597
0.28182
0.29283
0.29139
0.27362
0.25492
0.23481
0.21965
0.20237
0.19564
0.19788
0.21137
0.22475
0.23853
0.25348
0.27631
0.29173
0.30694
0.31176
0.31648
0.30766
0.29787
0.28199
0.26118
0.24171
0.22893
0.21233
0.20051
0.18694
0.18019
0.17679
0.1726
0.16241
0.15462
0.1512
0.14518
0.13773
0.13359
0.12846
0.13163
0.14191
0.14675
0.15053
0.15887
0.16298
0.15892
0.15093
0.1428
0.13444
0.14172
0.15044
0.15477
0.15901
0.16724
0.17732
0.18536
0.198
0.21604
0.22935
0.2417
0.23515
0.22645
0.22125
0.21648
0.22079
0.22313
0.22855
0.22881
0.22237
0.21575
0.20232
0.20313
0.20549
0.20067
0.19704
0.19312
0.18617
0.17836
0.18015
0.19201
0.20847
0.23317
0.25234
0.27191
0.28946
0.30418
0.30344
0.29422
0.28649
0.27467
0.25408
0.2326
0.21607
0.20881
0.19416
0.18202
0.17143
0.16249
0.17205
0.1834
0.19079
0.2045
0.21329
0.2161
0.20688
0.1994
0.19351
0.19348
0.2049
0.20854
0.20726
0.20982
0.19759
0.19137
0.19061
0.19607
0.21162
0.23846
0.264
0.28436
0.30684
0.32382
0.32068
0.3307
0.33648
0.32935
0.32043
0.31173
0.29527
0.28187
0.27604
0.26587
0.25593
0.27054
0.27879
0.28017
0.28692
0.29265
0.28026
0.27223
0.25866
0.24026
0.22691
0.2235
0.20991
0.19384
0.18795
0.18047
0.16473
0.16616
0.16735
0.16958
0.17937
0.18575
0.18481
0.18616
0.19747
0.20576
0.22113
0.25357
0.2783
0.29392
0.31311
0.32118
0.3207
0.3194
0.31497
0.30226
0.2913
0.2728
0.24144
0.22227
0.2115
0.20313
0.19653
0.20336
0.21287
0.22355
0.2301
0.23493
0.24387
0.26035
0.26673
0.27247
0.26782
0.26635
0.26525
0.25928
0.25709
0.26978
0.28721
0.30742
0.3251
0.33665
0.33695
0.34178
0.34195
0.32718
0.32436
0.32729
0.32492
0.32014
0.31143
0.29317
0.28372
0.27663
0.26171
0.25331
0.25816
0.26033
0.24734
0.23815
0.22375
0.20637
0.19929
0.18142
0.1668
0.1674
0.16582
0.16605
0.16843
0.18694
0.19889
0.21614
0.23158
0.23487
0.24059
0.25021
0.2549
0.25855
0.25867
0.25637
0.25073
0.25056
0.24368
0.24395
0.24966
0.26637
0.27608
0.27435
0.2696
0.26398
0.25339
0.24009
0.22324
0.2236
0.21536
0.21715
0.21159
0.20621
0.20335
0.1944
0.1804
0.16838
0.16567
0.17401
0.16996
0.17683
0.1814
0.18443
0.18985
0.19907
0.22048
0.24144
0.26383
0.27532
0.27205
0.26384
0.25345
0.23413
0.22235
0.21257
0.20491
0.19349
0.18251
0.17154
0.16371
0.16387
0.17181
0.18021
0.20053
0.21344
0.22659
0.24508
0.26109
0.27849
0.29626
0.30961
0.3133
0.31661
0.31273
0.29287
0.27567
0.26224
0.24309
0.23169
0.22328
0.21429
0.21153
0.21631
0.21949
0.22611
0.24662
0.26759
0.28461
0.30358
0.30768
0.30699
0.30895
0.29962
0.28737
0.28043
0.2773
0.2676
0.26317
0.25133
0.23099
0.22547
0.22372
0.21683
0.21742
0.2233
0.22458
0.22215
0.22293
0.21029
0.22155
0.26256
0.30373
0.34715
0.3836
0.41397
0.42778
0.42947
0.42184
0.40613
0.41025
0.4045
0.37295
0.33189
0.28235
0.23589
0.1857
0.14684
0.11887
0.10275
0.09503
0.07811
0.05249
0.03616
0.02294
0.01129
0.00175
-3.53638E-4
-0.00184
-0.00284
-0.0035
-0.00603
-0.01638
-0.02043
-0.02675
-0.03495
-0.04015
-0.04708
-0.05116
-0.05967
-0.06616
-0.07103
-0.07626
-0.07185
-0.06666
-0.06779
-0.06524
-0.06416
-0.05679
-0.05365
-0.0443
-0.03086
-0.01884
-0.00576
0.00515
0.01099
0.02042
0.02193
0.02415
0.02103
0.01872
0.01363
0.00226
-0.011
-0.01754
-0.0169
-0.02011
-0.02646
-0.02578
-0.02182
-0.01319
-0.00717
0.00302
0.01506
0.02957
0.03586
0.02642
0.01686
0.00785
-0.00206
-0.01292
-0.01833
-0.01469
-0.01293
-0.01503
-0.01722
-0.01182
-4.72223E-4
0.00973
0.02361
0.03814
0.05376
0.05864
0.05457
0.04052
0.03246
0.02041
0.00126
-0.01882
-0.02868
-0.03875
-0.04424
-0.045
-0.03967
-0.03056
-0.00593
0.01127
0.02622
0.03827
0.04582
0.04182
0.03528
0.03119
0.02538
0.02201
0.02543
0.02548
0.02682
0.0298
0.03605
0.03891
0.04626
0.04989
0.04515
0.03285
0.01303
-0.01113
-0.03846
-0.06166
-0.07335
-0.0775
-0.06987
-0.06624
-0.05287
-0.04262
-0.03257
-0.01563
-0.00363
0.00569
0.02167
0.03409
0.03835
0.03639
0.03834
0.03531
0.03674
0.03744
0.03144
0.02503
0.02654
0.01653
1.0428E-4
-0.01788
-0.03077
-0.04159
-0.05649
-0.07377
-0.08498
-0.08792
-0.08547
-0.0868
-0.08518
-0.08293
-0.07225
-0.07162
-0.07139
-0.06376
-0.05098
-0.03402
-0.02103
-0.00891
-0.00527
-0.00374
-0.00543
-0.01942
-0.02316
-0.0227
-0.02459
-0.0272
-0.03278
-0.04266
-0.05569
-0.05997
-0.06202
-0.05675
-0.04184
-0.03368
-0.03865
-0.05001
-0.06744
-0.0882
-0.10655
-0.11957
-0.13042
-0.13798
-0.14493
-0.15667
-0.16398
-0.15778
-0.1438
-0.12256
-0.09984
-0.07541
-0.05434
-0.04056
-0.03253
-0.02689
-0.0221
-0.01428
-0.01012
-0.00523
-0.00531
-0.00673
-0.01073
-0.01424
-0.01781
-0.01191
-0.01413
-0.01602
-0.01874
-0.02528
-0.03943
-0.052
-0.06681
-0.07718
-0.08618
-0.08512
-0.09324
-0.09737
-0.09895
-0.10721
-0.11455
-0.11647
-0.11694
-0.11025
-0.10454
-0.09944
-0.10243
-0.10323
-0.10045
-0.10238
-0.09924
-0.08886
-0.07542
-0.05872
-0.05084
-0.04612
-0.04154
-0.0332
-0.02033
-0.01134
-1.5796E-4
0.01448
0.02156
0.02241
0.0154
0.00965
0.00637
-0.00118
-0.00999
-0.02759
-0.0469
-0.05607
-0.07009
-0.08371
-0.0962
-0.10736
-0.11768
-0.13487
-0.14684
-0.15947
-0.16099
-0.15069
-0.1494
-0.14684
-0.13933
-0.12176
-0.10153
-0.0784
-0.04551
-0.01287
0.0194
0.03592
0.03907
0.04043
0.04207
0.04935
0.04921
0.04873
0.05264
0.05593
0.05056
0.03949
0.04033
0.04597
0.05317
0.06417
0.06926
0.06899
0.06868
0.05799
0.0349
0.0215
0.01907
0.01418
0.00822
0.00775
0.00706
-1.41647E-5
-8.32721E-4
-0.00466
-0.00587
0.00247
0.00798
0.00645
0.00173
-0.00303
-0.00412
-0.00386
0.00638
0.0123
0.01909
0.02937
0.03633
0.04107
0.04276
0.04315
0.0489
0.04243
0.03062
0.01212
-0.00448
-0.01401
-0.02649
-0.03062
-0.03059
-0.02009
-0.00791
-0.00601
-0.00114
0.00143
0.00183
-0.00212
-0.02102
-0.04106
-0.0713
-0.09809
-0.12583
-0.1466
-0.15866
-0.16299
-0.15629
-0.14859
-0.13504
-0.11302
-0.08787
-0.05462
-0.02255
0.00537
0.02249
0.03498
0.04146
0.03975
0.04219
0.04226
0.04231
0.04387
0.03232
0.01902
0.01079
0.0095
0.01484
0.02303
0.03151
0.03447
0.03924
0.04118
0.03766
0.04524
0.06245
0.07839
0.10024
0.12309
0.1498
0.17937
0.22035
0.25799
0.30778
0.35293
0.38969
0.41238
0.42604
0.43033
0.43421
0.43
0.42811
0.41511
0.41004
0.40257
0.40547
0.42021
0.43842
0.45731
0.47632
0.4834
0.48877
0.47464
0.46628
0.45964
0.44421
0.43301
0.41995
0.40448
0.39362
0.38903
0.38859
0.39339
0.41651
0.43381
0.4464
0.47093
0.48855
0.50366
0.51691
0.52818
0.5299
0.53315
0.5264
0.50866
0.49585
0.47856
0.45668
0.43788
0.42314
0.42322
0.43235
0.45137
0.47387
0.49523
0.52077
0.53651
0.54891
0.55298
0.55252
0.54742
0.53805
0.52004
0.49351
0.46818
0.45687
0.45029
0.45297
0.45724
0.46606
0.4707
0.46936
0.45454
0.44312
0.4452
0.44996
0.45254
0.45805
0.45958
0.47046
0.47915
0.48677
0.49728
0.51173
0.51835
0.51795
0.50516
0.49363
0.47769
0.4601
0.44211
0.42002
0.40012
0.38108
0.36117
0.35078
0.33717
0.3352
0.33128
0.32253
0.32801
0.33798
0.35896
0.37994
0.40407
0.43155
0.45618
0.47754
0.48574
0.48754
0.48902
0.48882
0.47309
0.45455
0.44541
0.44053
0.45021
0.45613
0.46489
0.48655
0.5064
0.53148
0.54425
0.55904
0.56485
0.56393
0.55768
0.53492
0.51611
0.50081
0.48053
0.4697
0.45625
0.44696
0.43886
0.43839
0.43796
0.43457
0.43503
0.43219
0.43137
0.434
0.42516
0.42571
0.42374
0.42597
0.42931
0.4319
0.44502
0.45277
0.47163
0.48487
0.48783
0.50229
0.50127
0.49904
0.49349
0.48394
0.47823
0.46339
0.46993
0.4682
0.46982
0.4873
0.49815
0.52105
0.54228
0.56008
0.57804
0.59046
0.6064
0.60311
0.59433
0.58603
0.56699
0.54411
0.51288
0.47987
0.44894
0.41945
0.39242
0.37774
0.36503
0.35919
0.36046
0.36278
0.37688
0.40087
0.42368
0.44558
0.45866
0.4796
0.47631
0.46872
0.45998
0.4428
0.43581
0.4349
0.42236
0.41899
0.42305
0.43841
0.44482
0.45863
0.46972
0.48468
0.49932
0.50947
0.50334
0.51579
0.52732
0.53539
0.54093
0.54517
0.54737
0.55414
0.54459
0.54721
0.54304
0.55003
0.54041
0.52854
0.51587
0.50065
0.48627
0.47187
0.45812
0.46516
0.46074
0.46448
0.46605
0.4773
0.49407
0.50404
0.51338
0.5263
0.54097
0.557
0.5567
0.55031
0.53895
0.52861
0.50542
0.48229
0.48015
0.48746
0.49572
0.50914
0.51509
0.51715
0.51706
0.51146
0.49749
0.50203
0.50875
0.49924
0.48055
0.46762
0.45482
0.44626
0.44561
0.45096
0.45917
0.47183
0.46963
0.45695
0.43443
0.42665
0.41371
0.4032
0.40824
0.41934
0.43513
0.45762
0.48323
0.50745
0.52712
0.56151
0.57081
0.57831
0.58266
0.57807
0.56798
0.56129
0.54791
0.53636
0.52953
0.53339
0.53143
0.54553
0.55785
0.57145
0.5749
0.5819
0.57741
0.57815
0.56148
0.54703
0.5287
0.51802
0.50754
0.49917
0.49016
0.49588
0.49875
0.50755
0.50324
0.51353
0.51397
0.52093
0.52499
0.52373
0.52508
0.5236
0.50353
0.48482
0.46271
0.44631
0.42772
0.42237
0.42163
0.42804
0.44553
0.45354
0.45618
0.4675
0.47489
0.47849
0.48587
0.49269
0.49912
0.50749
0.51473
0.51895
0.53421
0.55073
0.56483
0.57511
0.58551
0.59116
0.59834
0.60287
0.60617
0.60831
0.59867
0.5797
0.55938
0.53655
0.52215
0.51125
0.5071
0.50526
0.50595
0.50069
0.48589
0.48242
0.48208
0.49152
0.50746
0.52024
0.53235
0.5442
0.54403
0.53529
0.51864
0.50451
0.47543
0.43919
0.39646
0.35053
0.31313
0.27829
0.24434
0.22545
0.21811
0.22666
0.24187
0.27542
0.33239
0.39724
0.46537
0.51253
0.54826
0.56606
0.56096
0.54453
0.50808
0.46799
0.42732
0.38019
0.33095
0.28419
0.25481
0.24151
0.23705
0.24799
0.25554
0.27104
0.2911
0.3109
0.32554
0.34031
0.35271
0.35911
0.34483
0.32979
0.30774
0.28314
0.25638
0.22731
0.19439
0.16817
0.14612
0.12665
0.11097
0.11959
0.13964
0.16317
0.1918
0.22641
0.25421
0.27736
0.28458
0.28401
0.28226
0.283
0.27443
0.2659
0.26542
0.27451
0.2777
0.27754
0.27746
0.2867
0.29708
0.30041
0.29633
0.29975
0.29845
0.29232
0.27932
0.26614
0.26586
0.27006
0.27861
0.28719
0.3014
0.32194
0.32482
0.32192
0.31463
0.3037
0.29748
0.2901
0.28245
0.26957
0.25863
0.24956
0.23315
0.22819
0.21993
0.21611
0.21646
0.21148
0.20193
0.18686
0.17023
0.15203
0.12944
0.11066
0.08624
0.07524
0.06105
0.04779
0.04557
0.03983
0.03977
0.03774
0.03265
0.02957
0.02736
0.03209
0.02867
0.03002
0.03501
0.03115
0.03494
0.03822
0.04537
0.0567
0.07059
0.08062
0.08459
0.08879
0.0878
0.07978
0.07351
0.06544
0.0544
0.04214
0.03502
0.02147
0.01229
0.00698
0.0043
0.01216
0.0211
0.02901
0.03071
0.03111
0.03428
0.02698
0.02546
0.02583
0.03015
0.03515
0.02534
0.0172
0.01037
0.011
0.01975
0.0264
0.0431
0.05656
0.06325
0.06118
0.05155
0.05171
0.04563
0.04346
0.0393
0.02803
0.02081
0.00789
-0.00526
-0.00944
-0.01185
-0.00954
-0.01578
-0.01314
-0.00972
-0.00427
0.00462
0.01045
0.01371
0.01665
0.01178
0.00907
0.00559
0.01522
0.027
0.03767
0.0463
0.05481
0.05948
0.06246
0.06555
0.07262
0.08067
0.09636
0.1046
0.11062
0.10923
0.10353
0.09052
0.07579
0.05841
0.03954
0.02087
-9.43331E-4
-0.02652
-0.04828
-0.06777
-0.07559
-0.07576
-0.06603
-0.05041
-0.02791
-0.00569
0.01489
0.03467
0.05205
0.06472
0.07457
0.07152
0.05975
0.04128
0.01651
-0.00644
-0.01921
-0.02749
-0.02827
-0.02875
-0.02763
-0.03373
-0.04154
-0.04645
-0.04861
-0.04218
-0.03675
-0.0333
-0.0287
-0.03117
-0.03873
-0.04408
-0.04277
-0.03014
-0.0168
-0.00616
-0.00127
9.31198E-4
-0.00235
-0.0115
-0.01956
-0.01414
-0.00915
-0.0041
-0.01015
-0.01579
-0.02218
-0.03163
-0.04343
-0.0537
-0.06002
-0.05846
-0.06008
-0.05783
-0.0547
-0.04342
-0.02991
-0.0179
-0.0109
-0.00741
-0.00512
-0.00621
-0.01169
-0.01852
-0.0292
-0.04565
-0.05881
-0.07668
-0.09249
-0.09469
-0.08973
-0.08124
-0.07234
-0.06846
-0.06717
-0.06806
-0.0624
-0.06119
-0.05584
-0.0469
-0.04145
-0.03281
-0.03416
-0.03758
-0.0345
-0.02887
-0.02388
-0.02228
-0.01952
-0.01508
-0.0101
-0.00728
-0.01361
-0.00927
-4.52162E-4
0.00844
0.0083
0.00576
0.00319
-0.00271
-0.01551
-0.03155
-0.0416
-0.04083
-0.03788
-0.03403
-0.03496
-0.03329
-0.02549
-0.01779
-0.00706
0.00689
0.0234
0.03277
0.04354
0.0484
0.04609
0.0453
0.05213
0.06317
0.07562
0.07993
0.07864
0.06774
0.05938
0.0356
0.01166
-0.00701
-0.01672
-0.01767
-0.02225
-0.02472
-0.01773
-0.00558
0.01677
0.03085
0.05435
0.06489
0.07002
0.06661
0.04793
0.03273
0.01791
0.00646
-0.00286
-0.01953
-0.02824
-0.03985
-0.03989
-0.03276
-0.025
-0.00769
0.00201
0.01071
0.01232
0.01741
0.02971
0.04037
0.04716
0.05405
0.05902
0.06161
0.05353
0.04859
0.04836
0.058
0.06288
0.05588
0.04773
0.04202
0.0375
0.03045
0.02328
0.02734
0.03848
0.04724
0.05198
0.04911
0.05393
0.05714
0.06251
0.06546
0.06836
0.07684
0.07985
0.07597
0.07235
0.05804
0.04684
0.03616
0.03271
0.03101
0.03872
0.05195
0.06158
0.06293
0.06114
0.04779
0.03867
0.03486
0.03299
0.02888
0.03059
0.02928
0.0217
0.00999
0.00561
0.00168
0.00858
0.01731
0.02164
0.02509
0.02258
0.01275
0.0019
-0.00393
6.59241E-4
0.01008
0.0262
0.03375
0.03904
0.04092
0.03577
0.03196
0.03054
0.02233
0.0178
0.0129
0.00103
-0.02146
-0.02749
-0.02309
-0.00106
0.04022
0.09776
0.16107
0.2383
0.31423
0.37781
0.43819
0.50626
0.55853
0.5976
0.62223
0.63189
0.63933
0.64513
0.64176
0.63176
0.62773
0.63372
0.64236
0.65793
0.67853
0.70286
0.73644
0.75153
0.75376
0.74992
0.74173
0.73657
0.7318
0.72928
0.72483
0.71329
0.6987
0.66998
0.6538
0.64561
0.64112
0.64491
0.65303
0.65966
0.6551
0.64617
0.64397
0.6381
0.6403
0.63636
0.62546
0.62113
0.62712
0.62999
0.63243
0.64181
0.65776
0.67113
0.68763
0.69908
0.70272
0.70971
0.71119
0.6962
0.67899
0.6678
0.6648
0.66478
0.66535
0.6653
0.66202
0.6614
0.67372
0.6924
0.72412
0.76274
0.78878
0.7952
0.78015
0.75749
0.73121
0.71639
0.71978
0.71646
0.71319
0.70099
0.67381
0.64524
0.62566
0.63004
0.65481
0.70214
0.75043
0.78522
0.81243
0.82573
0.82866
0.83246
0.84139
0.84846
0.84503
0.83044
0.79731
0.75605
0.72032
0.69285
0.67293
0.66884
0.67686
0.68281
0.6863
0.68995
0.69786
0.70976
0.72936
0.74655
0.75658
0.76574
0.7678
0.76068
0.75453
0.75603
0.76302
0.76474
0.77402
0.78338
0.79026
0.79095
0.78591
0.78114
0.78102
0.78571
0.78866
0.7856
0.78881
0.77892
0.75491
0.72261
0.69641
0.68223
0.67761
0.68471
0.69821
0.71005
0.72694
0.73007
0.73542
0.74461
0.76247
0.78659
0.81218
0.83561
0.84686
0.83818
0.82026
0.79255
0.77569
0.75252
0.73378
0.71744
0.70149
0.68119
0.65121
0.61974
0.59519
0.58784
0.5994
0.61289
0.64153
0.67389
0.70481
0.72349
0.72755
0.73695
0.73872
0.74874
0.76145
0.76198
0.76335
0.75556
0.73807
0.71482
0.70074
0.70355
0.705
0.71606
0.72913
0.72383
0.71615
0.70141
0.69099
0.69417
0.70951
0.71952
0.72798
0.73046
0.73187
0.71686
0.70529
0.70769
0.71875
0.72843
0.73108
0.71927
0.71016
0.68926
0.67302
0.65288
0.64101
0.64706
0.65093
0.65665
0.67143
0.68989
0.70513
0.71553
0.72597
0.72877
0.72769
0.72851
0.7231
0.72017
0.71878
0.71238
0.69484
0.68382
0.67386
0.67175
0.67335
0.68287
0.69954
0.71362
0.72421
0.72658
0.71926
0.71212
0.70474
0.70088
0.69444
0.69057
0.69506
0.69631
0.70357
0.70609
0.71386
0.72936
0.75329
0.7822
0.80602
0.81853
0.83053
0.82656
0.81726
0.79676
0.78028
0.75923
0.73743
0.71154
0.68123
0.64937
0.63108
0.6197
0.61823
0.61841
0.62772
0.63817
0.64706
0.65046
0.65307
0.65201
0.66064
0.67677
0.69092
0.71074
0.74155
0.77337
0.79592
0.81
0.80997
0.80127
0.79479
0.78394
0.7674
0.75864
0.75487
0.74682
0.73297
0.71671
0.69958
0.70162
0.71907
0.73904
0.76241
0.78674
0.79802
0.78688
0.76875
0.73853
0.70706
0.68415
0.66349
0.63622
0.60997
0.59009
0.57155
0.56388
0.57933
0.59156
0.60821
0.62678
0.6404
0.64303
0.64857
0.6657
0.67802
0.69884
0.71646
0.7248
0.74006
0.76163
0.78059
0.79632
0.81394
0.82822
0.82193
0.81374
0.78832
0.76554
0.74092
0.72215
0.70582
0.698
0.69424
0.68986
0.68059
0.67337
0.65835
0.6438
0.62091
0.6036
0.58098
0.56296
0.54286
0.52475
0.51513
0.517
0.53102
0.55758
0.59136
0.62316
0.64549
0.66223
0.66693
0.66821
0.6748
0.68829
0.71056
0.73892
0.76128
0.77205
0.77675
0.77542
0.77096
0.76813
0.76702
0.76652
0.75991
0.74056
0.7049
0.67313
0.65858
0.65978
0.666
0.67032
0.67273
0.67592
0.66986
0.66056
0.65096
0.65509
0.65944
0.65776
0.64894
0.63825
0.63205
0.62548
0.61816
0.6235
0.6294
0.6321
0.63425
0.64344
0.65175
0.65613
0.65609
0.65069
0.64796
0.649
0.64363
0.63337
0.63889
0.63555
0.61558
0.58989
0.57366
0.5772
0.59279
0.6146
0.6303
0.64215
0.65695
0.65497
0.6468
0.63795
0.64028
0.64548
0.64149
0.63784
0.63184
0.63639
0.65242
0.67342
0.69399
0.71903
0.74441
0.75939
0.75589
0.75064
0.7406
0.72903
0.70967
0.68603
0.65313
0.62593
0.59526
0.56656
0.54315
0.53992
0.54547
0.55158
0.55945
0.58167
0.59602
0.62146
0.63909
0.66247
0.69868
0.74053
0.77353
0.78766
0.79981
0.8079
0.80053
0.79646
0.77609
0.76264
0.74616
0.71942
0.68118
0.64174
0.61554
0.59356
0.58609
0.58309
0.58326
0.60096
0.624
0.65269
0.68545
0.72773
0.76748
0.7976
0.81632
0.80932
0.78461
0.74627
0.69532
0.63288
0.57107
0.51753
0.46405
0.41858
0.38504
0.36333
0.35141
0.3483
0.35046
0.3546
0.36575
0.3815
0.38359
0.37958
0.37468
0.36104
0.34207
0.31784
0.29162
0.26768
0.24705
0.22755
0.20228
0.18133
0.16493
0.14652
0.13428
0.12235
0.11354
0.11575
0.11668
0.11341
0.10802
0.10354
0.0974
0.08987
0.08809
0.08732
0.09268
0.10501
0.10701
0.11244
0.11897
0.12551
0.12109
0.11245
0.10334
0.08746
0.07069
0.04615
0.01933
0.0011
-0.0184
-0.03848
-0.05792
-0.06275
-0.06178
-0.06321
-0.0663
-0.0693
-0.07116
-0.07203
-0.07589
-0.0766
-0.06861
-0.05257
-0.04433
-0.03613
-0.02758
-0.01416
-0.00454
0.01251
0.02535
0.04179
0.05707
0.06974
0.07839
0.09349
0.10942
0.1223
0.13307
0.14468
0.1448
0.14472
0.13627
0.1295
0.12246
0.10925
0.09383
0.07256
0.05518
0.03635
0.01687
0.00344
-0.00554
-0.0055
-0.00622
-0.00987
-0.01027
-0.01107
-0.00953
-0.00284
0.00515
0.01855
0.02841
0.0367
0.04029
0.04153
0.03882
0.0379
0.03267
0.03727
0.03622
0.03406
0.02615
0.02413
0.02076
0.01587
0.00969
0.00598
-0.0015
-0.0033
-0.01304
-0.02024
-0.02303
-0.02556
-0.03204
-0.03846
-0.03948
-0.03792
-0.03333
-0.02811
-0.02422
-0.01588
-0.00953
-0.01178
-0.01738
-0.02605
-0.03264
-0.0389
-0.0444
-0.04796
-0.04672
-0.04557
-0.04491
-0.04621
-0.0405
-0.03371
-0.02022
-0.012
-0.00547
1.21939E-4
0.00423
0.00488
0.01216
0.01625
0.02754
0.03216
0.03887
0.03358
0.03396
0.02948
0.02649
0.02532
0.0278
0.02577
0.02666
0.02007
0.01819
0.01706
0.02621
0.02579
0.02408
0.01752
0.00998
0.00258
-0.00292
-0.01063
-0.01129
-0.00804
-0.00654
-0.01592
-0.02451
-0.03164
-0.03342
-0.03254
-0.02802
-0.02184
-0.01254
-0.00652
-0.00717
-0.0088
-0.00722
0.00206
0.01242
0.02468
0.03597
0.04326
0.04705
0.04749
0.04812
0.04338
0.03881
0.03814
0.02902
0.02254
0.01052
-0.00513
-0.01843
-0.03263
-0.04806
-0.06906
-0.08259
-0.09887
-0.11141
-0.11558
-0.11735
-0.10941
-0.10192
-0.09629
-0.09032
-0.07903
-0.07011
-0.05832
-0.03978
-0.02228
-0.00497
0.00642
0.00162
-0.00251
-0.00993
-0.01609
-0.02664
-0.02533
-0.02892
-0.02951
-0.02914
-0.02987
-0.02948
-0.02616
-0.02754
-0.02591
-0.02828
-0.03242
-0.0431
-0.04799
-0.0531
-0.05421
-0.05789
-0.06208
-0.06196
-0.05539
-0.05777
-0.05664
-0.04917
-0.0372
-0.02671
-0.0194
-0.02603
-0.03097
-0.03543
-0.03803
-0.04173
-0.03215
-0.02087
-0.01083
-2.63251E-4
8.31437E-4
-0.00563
-0.00261
-1.27433E-4
0.00935
0.01823
0.03261
0.03937
0.04595
0.04956
0.0461
0.05284
0.06645
0.07823
0.09464
0.10608
0.11778
0.12243
0.12455
0.11651
0.10624
0.09573
0.07833
0.0558
0.03469
0.01259
-0.00839
-0.0232
-0.03515
-0.0407
-0.03852
-0.04086
-0.04197
-0.04689
-0.04915
-0.05209
-0.05688
-0.05964
-0.06495
-0.06407
-0.06349
-0.06226
-0.0479
-0.03944
-0.02426
-0.00649
0.00939
0.01928
0.03101
0.0424
0.0465
0.04865
0.04908
0.03891
0.04123
0.04681
0.05186
0.05488
0.06786
0.07062
0.07017
0.06901
0.06537
0.05888
0.05963
0.05871
0.05729
0.05067
0.04752
0.03743
0.03781
0.03635
0.03809
0.04033
0.04919
0.05602
0.05873
0.05232
0.05028
0.04251
0.03667
0.02509
0.02285
0.0208
0.01911
0.01354
0.00579
-0.00465
-0.00839
-0.01224
-0.0081
-0.00134
0.00558
0.00445
-0.00281
-0.00847
-0.01393
-0.02247
-0.0257
-0.02698
-0.02578
-0.02941
-0.0405
-0.04893
-0.05859
-0.06207
-0.06616
-0.07289
-0.06991
-0.07026
-0.0721
-0.07455
-0.07357
-0.06051
-0.04981
-0.03263
-0.01658
-0.00243
0.0124
0.01436
0.01772
0.02174
0.0217
0.02049
0.01589
0.01615
0.01396
0.01207
0.01077
0.00776
0.01035
0.01149
0.01121
0.01242
0.01418
0.01766
0.01639
0.01738
0.01693
0.0147
0.01296
0.01091
0.00658
0.00567
0.0035
0.00609
0.00114
0.00142
0.00304
0.00364
0.00589
0.01426
0.02595
0.04475
0.05572
0.06748
0.07039
0.07682
0.07649
0.06722
0.06121
0.06167
0.05869
0.05638
0.05631
0.06281
0.06749
0.07096
0.06805
0.0657
0.06827
0.07444
0.07403
0.07923
0.08705
0.08803
0.08077
0.07731
0.07465
0.0731
0.07383
0.07589
0.06376
0.0506
0.03233
0.009
-0.01307
-0.02141
-0.03132
-0.03045
-0.01314
0.01445
0.05265
0.11237
0.19247
0.27647
0.36282
0.45161
0.53107
0.6147
0.68315
0.7392
0.78743
0.82542
0.85768
0.87069
0.88259
0.89263
0.89456
0.89383
0.87567
0.86122
0.84516
0.8303
0.81765
0.81182
0.81024
0.81153
0.81527
0.82447
0.83357
0.84755
0.85962
0.86883
0.87106
0.8768
0.86226
0.84983
0.83907
0.8285
0.823
0.81957
0.81897
0.81825
0.81859
0.81899
0.8034
0.79355
0.77831
0.75861
0.74574
0.74081
0.74785
0.76395
0.78924
0.81964
0.8461
0.87725
0.89647
0.9127
0.92597
0.93169
0.92406
0.90165
0.88011
0.85709
0.82484
0.80518
0.78579
0.78118
0.78014
0.78244
0.78297
0.79288
0.81081
0.82916
0.84393
0.86377
0.87422
0.87898
0.87591
0.87432
0.86665
0.86694
0.85662
0.84966
0.84076
0.82955
0.82118
0.80645
0.79544
0.79253
0.79122
0.79555
0.79338
0.7961
0.80108
0.79745
0.79679
0.79592
0.8107
0.83552
0.85507
0.86991
0.88612
0.89769
0.90126
0.89173
0.88961
0.8943
0.89669
0.89509
0.88681
0.8867
0.88853
0.88062
0.86766
0.86283
0.862
0.85981
0.84728
0.84592
0.83562
0.81587
0.78231
0.74333
0.70037
0.66749
0.64364
0.62623
0.62098
0.63706
0.64558
0.66177
0.69255
0.73396
0.77804
0.82651
0.87007
0.89912
0.918
0.93032
0.92323
0.90751
0.89409
0.87955
0.86526
0.85098
0.8426
0.83949
0.83438
0.83922
0.83712
0.8338
0.84041
0.84758
0.85726
0.8671
0.8849
0.89334
0.89753
0.89899
0.89292
0.88244
0.87634
0.87455
0.87517
0.87338
0.87178
0.85582
0.85286
0.85063
0.85504
0.86575
0.88528
0.91231
0.93686
0.95302
0.96127
0.96576
0.97721
0.98155
0.97881
0.97418
0.96079
0.95334
0.93289
0.91379
0.89841
0.89046
0.88065
0.87032
0.85302
0.83724
0.822
0.81386
0.78628
0.76896
0.744
0.71903
0.69491
0.6747
0.65834
0.65431
0.66368
0.68495
0.70428
0.73927
0.77064
0.80426
0.83192
0.85519
0.87296
0.88382
0.88817
0.88285
0.87179
0.8617
0.85124
0.84426
0.84341
0.85028
0.85607
0.86475
0.87395
0.88341
0.88907
0.88545
0.88233
0.87361
0.86242
0.84563
0.83058
0.82311
0.82425
0.8365
0.8485
0.87168
0.89322
0.91141
0.92688
0.93712
0.93719
0.93497
0.93263
0.92841
0.91665
0.9068
0.89072
0.88579
0.87964
0.87718
0.87391
0.88439
0.89249
0.89894
0.89747
0.89527
0.89449
0.8923
0.88288
0.87897
0.86727
0.85247
0.83565
0.82458
0.8075
0.79472
0.78742
0.78058
0.77633
0.78003
0.77966
0.78717
0.80537
0.82507
0.83209
0.84254
0.85377
0.85085
0.83723
0.82377
0.80231
0.78256
0.76715
0.75656
0.75538
0.76788
0.78055
0.78784
0.8042
0.82476
0.83701
0.84412
0.84423
0.8352
0.82738
0.80759
0.78789
0.77777
0.77824
0.7782
0.78978
0.80499
0.82264
0.84535
0.87626
0.89959
0.92129
0.92837
0.92022
0.90053
0.88144
0.85192
0.82816
0.81945
0.8124
0.81138
0.80617
0.80555
0.81631
0.83506
0.85288
0.87249
0.89359
0.91578
0.92373
0.93459
0.92577
0.92349
0.92052
0.9125
0.90368
0.90402
0.90408
0.91335
0.91445
0.92039
0.91226
0.91609
0.91546
0.91055
0.9093
0.90658
0.89647
0.88165
0.85159
0.82579
0.79745
0.77941
0.75246
0.72017
0.68304
0.63749
0.58373
0.53155
0.4913
0.47024
0.46058
0.46144
0.46399
0.46727
0.47224
0.46419
0.45242
0.43865
0.42483
0.39898
0.3623
0.31934
0.26598
0.21365
0.1662
0.11514
0.08611
0.066
0.05497
0.0487
0.04542
0.04248
0.03311
0.02779
0.01677
0.00561
0.00145
-0.00763
-0.01982
-0.02793
-0.04113
-0.04903
-0.05996
-0.06419
-0.06906
-0.0737
-0.07415
-0.07505
-0.07388
-0.06359
-0.0514
-0.03061
-0.01654
3.80329E-4
0.00882
0.01284
0.01915
0.01639
0.01503
0.01125
0.00971
0.00696
-0.00378
-0.00855
-0.00899
-0.00319
0.00666
0.01217
0.02239
0.02994
0.04214
0.04278
0.03678
0.03053
0.03019
0.02358
0.01998
0.01407
0.01387
0.01718
0.02252
0.01971
0.0189
0.01823
0.02382
0.01551
0.0066
-0.01116
-0.03064
-0.04799
-0.06361
-0.07973
-0.085
-0.08236
-0.07633
-0.07355
-0.07116
-0.0661
-0.05248
-0.03042
-0.00735
0.01046
0.03294
0.04696
0.05023
0.05217
0.04588
0.04788
0.05603
0.06064
0.05982
0.05242
0.04234
0.0219
0.00804
0.00712
-0.0017
0.00175
0.00192
-0.00166
-0.00589
-0.01359
-0.0236
-0.02531
-0.01808
-0.01285
-0.02059
-0.01667
-0.01862
-0.01839
-0.01499
-0.0125
-0.00678
0.00624
0.0098
0.00769
0.00846
0.0146
0.01629
0.01763
0.02532
0.0224
0.01726
0.01301
-0.00332
-0.01865
-0.0321
-0.04568
-0.05503
-0.06195
-0.06099
-0.06357
-0.05793
-0.04639
-0.03756
-0.01517
0.00671
0.03423
0.05449
0.06497
0.06838
0.06428
0.04893
0.0349
0.02393
0.02023
0.00721
-0.00225
-0.01244
-0.02284
-0.02979
-0.03112
-0.03193
-0.01847
-0.00771
-0.00428
-0.00993
-0.01095
-0.00677
-0.00825
-0.00722
-0.00832
-0.00713
-9.40956E-4
-0.00379
-0.00801
-0.01376
-0.01131
-0.00962
-0.01069
-0.01647
-0.01872
-0.01618
-0.00945
-0.00602
-7.69563E-4
0.00475
0.01149
0.011
0.0093
0.01039
0.02619
0.03601
0.0544
0.06549
0.07708
0.08514
0.08485
0.08444
0.08496
0.09329
0.09771
0.09348
0.09439
0.0876
0.08396
0.06891
0.05418
0.04637
0.04068
0.03611
0.02605
0.01717
0.00183
-0.01434
-0.03661
-0.06201
-0.07956
-0.09008
-0.09725
-0.09749
-0.09206
-0.08369
-0.08316
-0.07384
-0.06857
-0.05569
-0.04403
-0.03013
-0.02208
-0.01678
-0.01675
-0.02344
-0.03824
-0.04093
-0.042
-0.03454
-0.02587
-0.01681
-0.01048
-0.00727
-0.00323
-0.00667
-0.01025
-0.00641
-0.00667
-0.0113
-0.01927
-0.03183
-0.04555
-0.05656
-0.05712
-0.05184
-0.03441
-0.0094
0.02277
0.05783
0.09316
0.12528
0.14629
0.16331
0.17237
0.16869
0.15025
0.1185
0.08163
0.02927
-0.03264
-0.09342
-0.14977
-0.1887
-0.21207
-0.22006
-0.21502
-0.19744
-0.16085
-0.12192
-0.07879
-0.03643
0.00667
0.03919
0.06469
0.07635
0.07509
0.0668
0.06167
0.04786
0.03443
0.02273
0.01722
0.0069
0.00482
-2.77504E-4
-0.00437
-0.00202
-0.00236
-0.00939
-0.01679
-0.02842
-0.03821
-0.04849
-0.05025
-0.05318
-0.04768
-0.03237
-0.02038
-0.00854
0.0018
0.00623
0.00685
0.0019
1.46946E-4
-0.0033
-0.0033
6.65992E-4
-0.00229
-0.00659
-0.00513
1.54357E-4
0.00194
0.00763
0.01717
0.02976
0.03828
0.0452
0.045
0.04856
0.05881
0.065
0.06133
0.06227
0.06509
0.07372
0.07471
0.07393
0.07404
0.06927
0.06049
0.04047
0.02038
0.00986
0.00652
0.00615
0.00374
0.00437
0.00804
0.00761
0.00527
0.00194
0.00293
3.81309E-4
-0.00483
-0.01215
-0.01881
-0.02363
-0.0256
-0.02763
-0.029
-0.01809
-0.00428
0.0136
0.03934
0.07076
0.09997
0.12708
0.14681
0.15485
0.15515
0.15122
0.13682
0.11681
0.09182
0.06607
0.03212
-0.00283
-0.03584
-0.06529
-0.0868
-0.09657
-0.09325
-0.08068
-0.06098
-0.03583
-0.01176
0.01905
0.05092
0.07641
0.09346
0.10515
0.11146
0.10805
0.0914
0.07435
0.05825
0.04612
0.03063
0.016
0.00118
-0.00665
-0.00635
-0.0088
-0.01047
-0.0036
-0.00653
-0.01196
-0.02057
-0.03137
-0.04216
-0.05023
-0.05585
-0.06319
-0.06221
-0.05545
-0.05668
-0.04867
-0.03854
-0.0321
-0.02443
-0.02665
-0.03052
-0.0326
-0.03462
-0.03635
-0.04143
-0.03773
-0.02866
-0.01407
0.01269
0.0506
0.11156
0.18596
0.26471
0.34827
0.43784
0.5264
0.61347
0.69814
0.77838
0.84767
0.91212
0.95806
0.98539
1.00036
1.00959
1.00517
1.00217
1.00267
1.00001
0.99824
1.00964
1.02347
1.04446
1.07518
1.10672
1.13275
1.16528
1.1911
1.21347
1.23104
1.23687
1.23198
1.21693
1.19715
1.16907
1.1413
1.12506
1.10992
1.10352
1.08919
1.07787
1.07556
1.06943
1.0666
1.06936
1.07843
1.08722
1.08778
1.09097
1.0873
1.09012
1.08995
1.08712
1.08805
1.09375
1.09179
1.08162
1.07617
1.08247
1.07714
1.07406
1.07357
1.07626
1.07921
1.07963
1.07032
1.06311
1.07087
1.0855
1.09384
1.11124
1.12647
1.13044
1.13033
1.12397
1.12124
1.12683
1.13856
1.14402
1.13617
1.11847
1.0889
1.0558
1.04202
1.04013
1.05539
1.0743
1.09058
1.09863
1.09842
1.09686
1.10095
1.11013
1.13076
1.13958
1.14313
1.13295
1.11481
1.09862
1.08556
1.08095
1.08351
1.08704
1.09092
1.08881
1.09055
1.08386
1.08116
1.08982
1.09181
1.09512
1.0972
1.09645
1.09349
1.09596
1.10194
1.1108
1.11957
1.12612
1.11732
1.10416
1.08202
1.06432
1.05216
1.0504
1.04943
1.05537
1.05428
1.05653
1.05541
1.05561
1.06502
1.08754
1.09931
1.10968
1.11505
1.12402
1.12405
1.12346
1.12682
1.13438
1.14523
1.14317
1.13071
1.12169
1.11351
1.10355
1.08039
1.05592
1.03457
1.01361
0.99739
0.98386
0.98398
0.9896
1.00151
1.01519
1.02096
1.03297
1.04926
1.07249
1.0928
1.10581
1.10745
1.09868
1.08528
1.06882
1.04744
1.0296
1.01796
1.00646
0.989
0.97348
0.95644
0.94869
0.95086
0.96057
0.97462
0.98188
0.99685
1.00442
1.01227
1.01762
1.01693
1.02203
1.02942
1.03417
1.03283
1.02275
1.01995
1.01407
1.01054
1.0076
1.00684
1.01318
1.01804
1.02485
1.02818
1.0353
1.05241
1.08352
1.11595
1.15749
1.1913
1.21374
1.23129
1.24157
1.23161
1.22145
1.21007
1.19823
1.17302
1.15149
1.11327
1.0785
1.05605
1.03231
1.0092
1.00897
1.00979
1.01653
1.02147
1.0265
1.02216
1.02484
1.02637
1.02168
1.01538
1.01678
1.00799
1.0072
1.00335
0.99796
0.98683
0.97906
0.97342
0.96557
0.96346
0.97402
0.99278
1.02239
1.04768
1.06656
1.07492
1.08153
1.08979
1.09074
1.09022
1.09528
1.10378
1.10782
1.10408
1.09805
1.09259
1.09227
1.09886
1.09607
1.08812
1.08515
1.07916
1.07139
1.06282
1.05676
1.06402
1.07997
1.09472
1.10452
1.11335
1.12454
1.12848
1.12622
1.11439
1.09493
1.08044
1.05707
1.02873
1.01014
1.00344
1.00663
1.01602
1.02813
1.04439
1.05736
1.07229
1.08384
1.08929
1.09835
1.10869
1.113
1.11228
1.10326
1.09713
1.08599
1.07791
1.06731
1.04993
1.04747
1.05143
1.05044
1.04905
1.04692
1.05254
1.05979
1.07809
1.09637
1.11979
1.1498
1.16581
1.16748
1.15717
1.13555
1.11509
1.09696
1.08519
1.06976
1.05864
1.04778
1.03808
1.03092
1.0146
1.00597
1.00684
1.01056
1.01676
1.02298
1.026
1.03082
1.03798
1.03561
1.02836
1.03387
1.03487
1.03961
1.04466
1.04052
1.03342
1.0306
1.02145
1.00745
1.00625
1.01621
1.02503
1.0485
1.06608
1.08037
1.10023
1.10957
1.11197
1.12184
1.1343
1.13976
1.13357
1.13113
1.12357
1.11835
1.10828
1.09378
1.09205
1.10294
1.11216
1.12202
1.13055
1.14351
1.15955
1.17309
1.1795
1.18703
1.19921
1.21112
1.21322
1.20863
1.19745
1.18012
1.16776
1.15001
1.1299
1.11783
1.11255
1.10354
1.09061
1.07455
1.05997
1.05121
1.05178
1.04847
1.05201
1.05079
1.04731
1.04447
1.04756
1.04466
1.0471
1.05047
1.05188
1.05434
1.06386
1.05995
1.06521
1.0734
1.08198
1.08388
1.09479
1.10178
1.10554
1.11139
1.11911
1.11931
1.11687
1.11299
1.11135
1.10537
1.10873
1.10231
1.09012
1.08346
1.08014
1.07078
1.05553
1.05256
1.05203
1.04803
1.04508
1.03295
1.03217
1.0424
1.04865
1.05038
1.05308
1.05904
1.06266
1.05134
1.03062
1.00246
0.9698
0.91812
0.84869
0.77542
0.69172
0.59939
0.50504
0.40574
0.32215
0.25113
0.19784
0.16292
0.15221
0.16522
0.18794
0.21776
0.25365
0.28413
0.31155
0.3219
0.321
0.30403
0.27509
0.23649
0.19
0.14597
0.11049
0.07708
0.05654
0.03767
0.03078
0.02628
0.02346
0.01758
0.01062
0.0073
-0.00354
-0.0201
-0.04021
-0.06005
-0.07374
-0.08092
-0.07593
-0.06216
-0.03721
-0.00768
0.01079
0.02725
0.04026
0.06112
0.07216
0.08236
0.08532
0.0812
0.07368
0.06634
0.05228
0.04732
0.04407
0.04568
0.0416
0.04168
0.04353
0.04409
0.04363
0.05017
0.04768
0.04633
0.03867
0.03419
0.03492
0.03685
0.0453
0.04776
0.05088
0.0538
0.04576
0.04164
0.03156
0.02011
0.00758
-0.01509
-0.03514
-0.05533
-0.06707
-0.06899
-0.05687
-0.033
-0.02088
-0.00491
0.00867
0.0116
0.01186
0.01056
0.00849
0.00769
0.01111
0.00831
-0.00109
0.00235
0.00492
0.00458
0.01128
0.02109
0.02684
0.02684
0.01881
0.0049
-0.01486
-0.02971
-0.03908
-0.04404
-0.03275
-0.01669
0.0024
0.02268
0.03443
0.04957
0.05445
0.05972
0.05734
0.04944
0.03921
0.02452
0.0066
-0.01118
-0.02973
-0.03654
-0.04832
-0.06098
-0.07623
-0.08577
-0.10518
-0.12086
-0.13459
-0.13796
-0.13706
-0.13123
-0.1237
-0.11063
-0.09413
-0.07791
-0.0723
-0.05779
-0.04477
-0.03222
-0.03122
-0.02582
-0.01985
-0.01601
-0.01509
-0.00685
0.00436
0.02245
0.04195
0.05963
0.06567
0.07052
0.06243
0.04689
0.03213
0.02609
0.01674
0.00939
0.01122
0.0066
0.00285
0.00376
0.00822
0.01574
0.03123
0.03891
0.03901
0.03543
0.02987
0.01384
0.00506
-0.00165
-0.00842
-0.01542
-0.02398
-0.04249
-0.05497
-0.06717
-0.07848
-0.0857
-0.08352
-0.07749
-0.07405
-0.06588
-0.05524
-0.03924
-0.02293
-0.01054
-0.00474
0.00137
0.00494
0.00619
3.70119E-4
0.0034
0.01039
0.01902
0.0166
0.01739
0.01909
0.02304
0.02627
0.02997
0.02739
0.03165
0.0277
0.01985
0.00833
0.01522
0.02822
0.04415
0.06392
0.08261
0.09793
0.11034
0.10877
0.10352
0.09387
0.08468
0.06375
0.04572
0.03047
0.02184
0.01753
0.01058
0.00715
0.00574
0.00269
2.97288E-4
-0.00937
-0.01175
-0.02453
-0.03429
-0.05027
-0.06424
-0.06937
-0.07496
-0.07473
-0.0621
-0.04624
-0.01975
-0.00329
0.02078
0.03993
0.05986
0.07168
0.07442
0.07459
0.07479
0.06508
0.04388
0.01733
-0.00456
-0.02387
-0.0396
-0.05219
-0.05676
-0.0564
-0.05064
-0.05044
-0.05165
-0.03742
-0.02264
-0.00702
-0.0018
0.00234
0.00382
0.00136
-0.00165
-0.01227
-0.01674
-0.01457
-0.01307
-0.01243
-0.01465
-0.01112
-0.01056
-0.01332
-0.01892
-0.03198
-0.03505
-0.0395
-0.03879
-0.03986
-0.03705
-0.03352
-0.0282
-0.02044
-0.01217
-0.00109
0.01857
0.02859
0.03775
0.03761
0.02821
0.01423
0.00564
-0.00376
-0.01178
-0.01832
-0.0267
-0.03543
-0.03724
-0.03627
-0.03758
-0.02893
-0.01149
-9.07631E-4
0.01036
0.01139
0.00965
0.00683
0.00641
0.00809
0.00834
0.01399
0.01785
0.01191
0.00953
-7.27593E-4
-0.00735
-0.01246
-0.01026
-0.01275
-0.01793
-0.02462
-0.03465
-0.05226
-0.0635
-0.07181
-0.06842
-0.06095
-0.05126
-0.04483
-0.03449
-0.02073
-0.01686
-0.0182
-0.00738
0.00487
0.01342
0.00621
-8.02938E-4
-0.00714
-0.00901
-0.01303
-0.02594
-0.02692
-0.01718
-0.01389
-0.01274
-0.01728
-0.01046
-1.95465E-4
0.01078
0.01613
0.02516
0.03241
0.03072
0.02545
0.0205
0.00882
0.00886
0.0094
0.00479
-9.39502E-4
0.00334
-0.00192
2.42481E-4
0.01388
0.02156
0.02864
0.03951
0.03704
0.02528
0.01192
0.00801
-0.00459
-0.0089
-0.01117
-0.02017
-0.02215
-0.02632
-0.02889
-0.02783
-0.02007
-0.00809
-0.00668
-0.00935
-0.01118
-0.01629
-0.01494
-0.01652
-0.01518
-0.01934
-0.02094
-0.02029
-0.02335
-0.02223
-0.01382
-0.00528
0.00268
0.00134
-0.0014
-0.00717
-0.01383
-0.02117
-0.02729
-0.0268
-0.03277
-0.04011
-0.05039
-0.05853
-0.05563
-0.05468
-0.05744
-0.05329
-0.04053
-0.03147
-0.03117
-0.02629
-0.02213
-0.02467
-0.02755
-0.04213
-0.04581
-0.02689
0.01126
0.06168
0.13157
0.21853
0.30926
0.39667
0.48699
0.57327
0.65948
0.74457
0.81136
0.85558
0.88079
0.88028
0.86282
0.83855
0.81914
0.80697
0.80363
0.8125
0.82322
0.83404
0.85143
0.86016
0.8731
0.88609
0.89836
0.90241
0.90664
0.89718
0.88452
0.85763
0.83604
0.80657
0.7906
0.7808
0.77404
0.78656
0.80915
0.82981
0.85933
0.88007
0.90202
0.91818
0.93237
0.94146
0.94441
0.9508
0.92983
0.90551
0.87542
0.84216
0.81055
0.79011
0.77942
0.78191
0.78486
0.79502
0.81008
0.84248
0.87639
0.90983
0.93618
0.95922
0.96569
0.94955
0.92044
0.89774
0.88202
0.86292
0.84582
0.82698
0.8139
0.80892
0.80225
0.79985
0.81086
0.82486
0.82841
0.81653
0.80056
0.77512
0.75598
0.73598
0.72547
0.73148
0.75125
0.7734
0.7911
0.81642
0.84238
0.86676
0.89628
0.90969
0.92547
0.92802
0.91783
0.89605
0.86244
0.83793
0.81189
0.7913
0.7806
0.76471
0.76464
0.76299
0.76376
0.77309
0.78338
0.80523
0.82282
0.83915
0.8535
0.85756
0.85899
0.84457
0.82456
0.80767
0.78991
0.77434
0.75814
0.74565
0.74047
0.73931
0.74362
0.74978
0.77081
0.7897
0.81392
0.82818
0.84027
0.848
0.85308
0.84428
0.8382
0.82657
0.81936
0.80208
0.79233
0.77151
0.76022
0.75293
0.74905
0.74996
0.76366
0.77506
0.79359
0.80797
0.82154
0.8274
0.83827
0.84281
0.85189
0.85723
0.85484
0.84407
0.82422
0.79562
0.76227
0.73249
0.71372
0.69679
0.69301
0.68442
0.68963
0.6976
0.7089
0.7232
0.73642
0.75408
0.76555
0.76539
0.75763
0.74168
0.72694
0.70035
0.67995
0.66277
0.65218
0.64903
0.65589
0.67027
0.69255
0.72169
0.74669
0.77416
0.80239
0.82425
0.84233
0.85373
0.86761
0.8731
0.87495
0.87384
0.87532
0.87946
0.87117
0.8636
0.85476
0.83804
0.82241
0.80665
0.78519
0.76552
0.75183
0.72727
0.70894
0.70184
0.69334
0.687
0.69277
0.70969
0.72241
0.7439
0.77027
0.79115
0.82404
0.84148
0.84546
0.84879
0.85894
0.86399
0.85626
0.8489
0.8347
0.81183
0.79651
0.77293
0.76121
0.75798
0.76909
0.77432
0.77867
0.78491
0.7907
0.79682
0.81608
0.82807
0.83882
0.83999
0.84734
0.83698
0.82153
0.80808
0.8011
0.79025
0.79386
0.79769
0.80207
0.81258
0.83117
0.84362
0.86217
0.88373
0.89939
0.90219
0.91592
0.92003
0.90949
0.89365
0.87381
0.861
0.85318
0.84873
0.84373
0.84637
0.86794
0.88253
0.89503
0.91117
0.93138
0.95125
0.95645
0.95351
0.94154
0.93064
0.92438
0.90354
0.89259
0.89656
0.90383
0.90837
0.91451
0.92065
0.92733
0.93689
0.94788
0.94762
0.95821
0.96473
0.95083
0.93281
0.91584
0.89286
0.87168
0.85311
0.84335
0.83315
0.828
0.81558
0.798
0.78566
0.77502
0.76865
0.76921
0.77805
0.79255
0.79883
0.80111
0.80312
0.80654
0.80749
0.80813
0.81181
0.81164
0.81281
0.81541
0.81412
0.80877
0.80927
0.81278
0.81534
0.82454
0.82531
0.81923
0.82273
0.82546
0.8146
0.79953
0.78949
0.78318
0.77046
0.76038
0.74408
0.74209
0.75579
0.76784
0.77646
0.80297
0.83138
0.86241
0.88639
0.91423
0.93858
0.95851
0.97031
0.96397
0.94655
0.93116
0.9003
0.87109
0.85034
0.83244
0.81463
0.80275
0.80034
0.79433
0.79907
0.80545
0.81414
0.82408
0.83279
0.83029
0.8252
0.82792
0.82666
0.81658
0.81707
0.81372
0.81315
0.80824
0.81137
0.82231
0.83208
0.84543
0.84901
0.84757
0.85294
0.84741
0.83371
0.82771
0.82678
0.82697
0.82132
0.81599
0.80566
0.7961
0.79397
0.78142
0.7727
0.77715
0.76937
0.76737
0.76397
0.75255
0.74587
0.74557
0.74912
0.74363
0.74884
0.75917
0.76056
0.77589
0.78418
0.78427
0.79436
0.80354
0.80895
0.80847
0.81258
0.81795
0.8216
0.83931
0.85145
0.85994
0.87299
0.88543
0.88313
0.8666
0.83597
0.79631
0.73945
0.67647
0.594
0.50612
0.42062
0.33705
0.24961
0.18277
0.13691
0.11475
0.09685
0.0986
0.1071
0.11914
0.12833
0.13537
0.13866
0.14232
0.1389
0.131
0.11725
0.11881
0.12078
0.12369
0.13944
0.17
0.19979
0.22766
0.25771
0.28782
0.314
0.33551
0.33934
0.33622
0.32551
0.30083
0.25599
0.20896
0.16615
0.12644
0.08967
0.05652
0.0289
0.01583
0.00191
-0.00773
-0.00822
0.00321
0.01944
0.04158
0.06558
0.08391
0.10233
0.12086
0.13026
0.14101
0.15698
0.16697
0.17049
0.17555
0.17633
0.16606
0.15496
0.14247
0.12322
0.10604
0.08858
0.06745
0.05127
0.04618
0.04315
0.03418
0.03191
0.0318
0.02168
0.01257
-0.00232
-0.01475
-0.02317
-0.02676
-0.0321
-0.043
-0.04529
-0.05128
-0.0584
-0.0574
-0.05645
-0.04793
-0.03415
-0.02096
-0.00826
-0.001
0.00454
0.01069
0.01779
0.02017
0.02229
0.02792
0.02968
0.02015
0.00756
-0.01015
-0.02661
-0.03228
-0.04455
-0.05343
-0.05367
-0.05286
-0.0586
-0.06466
-0.0648
-0.05813
-0.04591
-0.03344
-0.03272
-0.02975
-0.02657
-0.0255
-0.0255
-0.01891
-0.01103
-0.004
-0.00951
-0.02805
-0.05297
-0.07645
-0.09702
-0.11667
-0.12873
-0.13616
-0.13926
-0.14335
-0.14719
-0.14397
-0.13217
-0.1147
-0.09352
-0.07032
-0.04978
-0.03672
-0.02829
-0.0313
-0.03256
-0.03468
-0.03254
-0.02704
-0.01559
0.00399
0.01801
0.036
0.05137
0.05966
0.06786
0.07137
0.074
0.07299
0.07003
0.06315
0.04842
0.03505
0.016
-0.00395
-0.01511
-0.02401
-0.02866
-0.03086
-0.03862
-0.05192
-0.06752
-0.08889
-0.10101
-0.10619
-0.10359
-0.10255
-0.09513
-0.08444
-0.07198
-0.05759
-0.04143
-0.02496
0.00282
0.01998
0.03217
0.03636
0.0382
0.04166
0.03935
0.02923
0.01641
0.00439
-0.00387
-0.01454
-0.02176
-0.0301
-0.0325
-0.02781
-0.03072
-0.03588
-0.03254
-0.02473
-0.01643
-0.01086
-0.00757
-0.00747
-0.00646
-0.00768
-0.01812
-0.02627
-0.02209
-0.02239
-0.02663
-0.0282
-0.02422
-0.02166
-0.02008
-0.01522
-0.01429
-0.00467
0.003
-0.00212
-0.01059
-0.01464
-0.01969
-0.0283
-0.03283
-0.02909
-0.0293
-0.02894
-0.03444
-0.04206
-0.03931
-0.0329
-0.02558
-0.01459
-0.00419
7.91299E-4
-0.00447
-0.01271
-0.01455
-0.02189
-0.02219
-0.02862
-0.03011
-0.03878
-0.05174
-0.0636
-0.06749
-0.06543
-0.058
-0.06122
-0.05756
-0.05746
-0.05363
-0.05959
-0.05842
-0.04749
-0.03437
-0.02589
-0.01972
-0.01978
-0.01191
-0.00108
0.01246
0.01923
0.02956
0.03713
0.03099
0.01355
-0.01
-0.03532
-0.05452
-0.07212
-0.08802
-0.1025
-0.1053
-0.10539
-0.10083
-0.09204
-0.06815
-0.03863
-0.01216
0.013
0.0369
0.05314
0.07156
0.07662
0.08268
0.09419
0.11402
0.12275
0.12855
0.134
0.12875
0.1144
0.10107
0.0776
0.0646
0.05593
0.04113
0.01721
-0.00128
-0.02381
-0.04556
-0.0538
-0.05032
-0.04089
-0.02717
-0.01924
-0.02105
-0.02279
-0.01745
-0.01494
-0.00899
0.00446
0.01869
0.02597
0.03072
0.03438
0.04143
0.05598
0.06489
0.06393
0.05861
0.05673
0.05382
0.04193
0.04098
0.03332
0.03003
0.02415
0.00602
-0.00649
-0.02041
-0.02739
-0.03549
-0.05041
-0.05773
-0.07827
-0.08827
-0.10077
-0.11302
-0.11751
-0.12667
-0.13059
-0.13418
-0.13662
-0.12989
-0.12528
-0.10749
-0.08999
-0.06731
-0.04564
-0.0279
-0.01058
0.00487
0.00889
0.00122
-0.01861
-0.03688
-0.05855
-0.07659
-0.09271
-0.10335
-0.1013
-0.09677
-0.09674
-0.09257
-0.08023
-0.06538
-0.05037
-0.03761
-0.03455
-0.03775
-0.04265
-0.05426
-0.06404
-0.06578
-0.0619
-0.05606
-0.03854
-0.02731
-0.02119
-0.00719
0.01214
0.02785
0.03675
0.04314
0.04487
0.04284
0.04202
0.031
0.02296
0.0272
0.02894
0.01908
0.00239
-0.00613
-0.01461
-0.02371
-0.02693
-0.03142
-0.03038
-0.01988
-0.02107
-0.03276
-0.04413
-0.04782
-0.054
-0.0623
-0.06317
-0.05927
-0.04933
-0.04256
-0.05322
-0.06648
-0.07563
-0.08173
-0.08242
-0.07985
-0.06625
-0.04664
-0.03141
-0.02043
0.00169
0.04198
0.09917
0.16864
0.25023
0.33123
0.40551
0.47133
0.52407
0.57257
0.62497
0.66705
0.69913
0.71859
0.72755
0.7297
0.72582
0.72502
0.7201
0.7164
0.71378
0.70241
0.68906
0.68566
0.68369
0.68975
0.69401
0.69903
0.69974
0.69858
0.69494
0.6854
0.67635
0.66539
0.63664
0.60739
0.57181
0.53887
0.50654
0.47709
0.4556
0.44654
0.4489
0.45363
0.46808
0.49478
0.52585
0.55339
0.57247
0.58839
0.60188
0.62076
0.6285
0.62603
0.62683
0.62101
0.6174
0.60861
0.60999
0.6207
0.63375
0.65156
0.65951
0.67083
0.68497
0.69794
0.71213
0.72036
0.7324
0.73131
0.72229
0.7108
0.695
0.68086
0.66147
0.64193
0.60766
0.57078
0.53231
0.49434
0.48027
0.48114
0.49944
0.53381
0.57361
0.61763
0.66109
0.71125
0.75129
0.79086
0.83495
0.85717
0.86444
0.85001
0.81373
0.76589
0.72229
0.67552
0.62981
0.60274
0.58525
0.55633
0.52705
0.49877
0.47647
0.45951
0.45489
0.45074
0.45708
0.47195
0.48107
0.48225
0.48406
0.48527
0.48531
0.48033
0.4742
0.46646
0.45899
0.4427
0.42834
0.42289
0.42403
0.43342
0.44353
0.45421
0.46683
0.47934
0.4833
0.47506
0.47714
0.47828
0.4782
0.48464
0.4849
0.49197
0.5043
0.52474
0.55336
0.58663
0.62762
0.65858
0.68347
0.69932
0.69834
0.69319
0.68119
0.66784
0.64621
0.61172
0.57431
0.53771
0.50377
0.47811
0.46208
0.45539
0.45435
0.45948
0.45743
0.45128
0.45693
0.46942
0.48729
0.51517
0.54377
0.56671
0.58629
0.60089
0.60635
0.61398
0.63252
0.64687
0.65382
0.65405
0.64596
0.6209
0.5933
0.56179
0.53676
0.52346
0.52081
0.51332
0.51013
0.51786
0.52744
0.52903
0.54215
0.55213
0.56218
0.57466
0.58509
0.58856
0.60003
0.6017
0.59477
0.57828
0.56373
0.53833
0.51686
0.50566
0.49132
0.48142
0.47221
0.45608
0.45157
0.44731
0.45123
0.46477
0.49903
0.53809
0.56817
0.5939
0.60965
0.62588
0.6402
0.64711
0.65661
0.67674
0.70105
0.71468
0.72086
0.7264
0.73615
0.74885
0.75729
0.76411
0.7743
0.78314
0.78116
0.7677
0.75195
0.73792
0.72366
0.70378
0.68173
0.6587
0.64114
0.62042
0.59654
0.57073
0.54787
0.52909
0.51033
0.4976
0.49694
0.50077
0.5116
0.51954
0.52232
0.5255
0.53011
0.53107
0.52924
0.5328
0.53705
0.53816
0.54163
0.5402
0.53935
0.54846
0.55745
0.56028
0.56433
0.56309
0.55137
0.53766
0.51512
0.48358
0.45959
0.44125
0.4326
0.43763
0.45679
0.4838
0.5187
0.56114
0.5954
0.63381
0.67707
0.71101
0.7436
0.75771
0.75395
0.73851
0.71266
0.68595
0.66266
0.65353
0.65133
0.64603
0.64293
0.63216
0.62551
0.62407
0.6244
0.63326
0.64548
0.66031
0.6687
0.66314
0.65835
0.65618
0.65765
0.66688
0.68106
0.70401
0.72227
0.73752
0.74265
0.73768
0.73388
0.72657
0.71665
0.71367
0.71432
0.71768
0.72078
0.72781
0.73109
0.7308
0.72808
0.71964
0.70984
0.70129
0.69506
0.68288
0.67405
0.65752
0.64102
0.62799
0.61871
0.61761
0.62924
0.65525
0.6889
0.7159
0.73688
0.74173
0.74231
0.72907
0.70949
0.67931
0.64829
0.61936
0.59255
0.56528
0.53907
0.52329
0.51817
0.52411
0.54183
0.56025
0.59184
0.62655
0.65731
0.67056
0.67043
0.67149
0.66275
0.65178
0.63455
0.62673
0.62742
0.63369
0.64262
0.6524
0.67098
0.69988
0.72293
0.74567
0.76191
0.7769
0.77686
0.77303
0.75642
0.73254
0.7041
0.67153
0.63724
0.60258
0.56723
0.53926
0.5222
0.50876
0.4903
0.47637
0.46442
0.45971
0.45989
0.45884
0.46018
0.47398
0.48916
0.4896
0.48522
0.47962
0.47897
0.48454
0.48881
0.49361
0.50194
0.51385
0.52126
0.52086
0.52097
0.52632
0.54323
0.55801
0.57117
0.58626
0.6016
0.61297
0.62455
0.62302
0.62426
0.62837
0.62943
0.61911
0.60078
0.57377
0.53775
0.49556
0.44347
0.37768
0.31932
0.26152
0.20835
0.16674
0.13232
0.11207
0.10994
0.12464
0.14854
0.17746
0.21574
0.25046
0.27406
0.28349
0.27208
0.25699
0.23522
0.21127
0.18629
0.15939
0.1458
0.13595
0.12748
0.12304
0.12924
0.14995
0.17377
0.20162
0.22363
0.23896
0.25127
0.24821
0.23569
0.22065
0.20997
0.19599
0.18059
0.17034
0.15351
0.13084
0.10268
0.07388
0.0482
0.02982
0.02261
0.0148
0.01539
0.02114
0.0161
0.01121
0.00824
0.00967
0.00715
0.00392
0.00622
0.00128
0.00337
0.00445
-7.96501E-4
-0.00314
-0.00317
-0.00247
-0.00268
-0.00257
0.00735
0.01684
0.03105
0.04394
0.048
0.04534
0.04435
0.03442
0.03037
0.02981
0.02992
0.03871
0.05074
0.0694
0.09384
0.12012
0.15071
0.17785
0.20478
0.22793
0.23054
0.22575
0.20777
0.18512
0.15836
0.1302
0.09625
0.06463
0.03242
0.00886
-0.0063
-0.00641
-4.09052E-4
0.0102
0.02114
0.03035
0.03188
0.03339
0.03203
0.03906
0.05047
0.05653
0.0601
0.06365
0.06954
0.07784
0.08597
0.09561
0.10736
0.11404
0.11389
0.10042
0.08627
0.07009
0.05181
0.03547
0.02568
0.01713
0.01189
0.00471
-6.48435E-4
-0.00782
-0.00394
5.68738E-5
0.0077
0.01871
0.0303
0.03321
0.03294
0.02931
0.02266
0.01729
0.02125
0.02165
0.0237
0.02672
0.02958
0.03196
0.02841
0.02079
0.00934
-1.91596E-4
-0.00834
-0.01938
-0.02932
-0.02942
-0.03103
-0.03272
-0.03991
-0.04351
-0.03901
-0.02714
-0.01729
-0.0048
0.00794
0.01908
0.01383
0.00585
0.00118
8.30526E-4
0.00679
0.01
0.00869
0.00859
0.01112
0.00955
0.00954
0.0181
0.02763
0.03246
0.03578
0.03086
0.02292
0.01667
0.02175
0.02522
0.03177
0.03737
0.03351
0.03316
0.03406
0.03079
0.03239
0.03868
0.04969
0.05238
0.05183
0.04779
0.04203
0.04415
0.04177
0.03536
0.03104
0.02361
0.0139
-6.06987E-4
-0.0097
-0.01489
-0.00951
-0.00422
0.001
0.01069
0.02199
0.0301
0.03539
0.03815
0.0485
0.05619
0.06497
0.06434
0.06432
0.06205
0.05222
0.03935
0.02293
0.01326
0.00664
-0.00612
-0.01887
-0.03529
-0.05006
-0.06319
-0.07674
-0.08191
-0.08179
-0.06337
-0.04569
-0.02928
-0.01395
-0.00505
0.00428
0.01013
0.00772
0.01315
0.01977
0.03188
0.03409
0.03251
0.02844
0.0161
0.00326
-0.01847
-0.04073
-0.04939
-0.06166
-0.07415
-0.08929
-0.10002
-0.10468
-0.11078
-0.10891
-0.10735
-0.09373
-0.07519
-0.06448
-0.05475
-0.04517
-0.037
-0.03182
-0.03377
-0.03231
-0.03419
-0.02965
-0.03115
-0.03453
-0.0411
-0.04802
-0.0557
-0.07133
-0.08982
-0.10333
-0.11638
-0.11994
-0.12056
-0.12014
-0.12707
-0.12359
-0.11942
-0.12329
-0.11804
-0.10921
-0.10091
-0.08362
-0.06733
-0.05645
-0.04677
-0.02531
-0.01469
-0.00629
0.00605
0.01351
0.01598
0.01748
0.00805
-0.00705
-0.02371
-0.04165
-0.06172
-0.06643
-0.0667
-0.05551
-0.03774
-0.0147
0.00581
0.02749
0.04293
0.05277
0.06086
0.06742
0.05987
0.05755
0.05283
0.04887
0.04557
0.04779
0.05367
0.064
0.07264
0.07521
0.07729
0.08127
0.0846
0.08017
0.07344
0.06419
0.05412
0.03658
0.01614
-0.00234
-0.00616
-0.00724
0.00181
0.00696
0.02087
0.03365
0.04102
0.04479
0.04802
0.05625
0.06747
0.07405
0.07215
0.05984
0.04922
0.03142
0.01026
-3.40138E-4
-0.01382
-0.01889
-0.02868
-0.03973
-0.05528
-0.06033
-0.0498
-0.04445
-0.03601
-0.02479
-0.02392
-0.02203
-0.02612
-0.02825
-0.02524
-0.01186
0.00493
0.00535
0.00553
0.00293
6.20916E-4
0.00327
0.00839
0.01397
0.01665
0.01872
0.02168
0.01275
0.00475
-0.00391
-0.0097
-0.01563
-0.02655
-0.04213
-0.05598
-0.05706
-0.04866
-0.04324
-0.02297
0.00663
0.04628
0.08765
0.13347
0.18071
0.23728
0.29334
0.34461
0.38247
0.4143
0.42888
0.43218
0.42682
0.417
0.40036
0.39066
0.3757
0.3678
0.36091
0.35282
0.34522
0.34744
0.35853
0.36903
0.38708
0.40627
0.41633
0.43072
0.44516
0.45046
0.46131
0.47863
0.49258
0.49252
0.49531
0.48292
0.46262
0.44639
0.43664
0.42543
0.42193
0.42083
0.41208
0.39738
0.39458
0.38315
0.37096
0.36631
0.37102
0.36685
0.35977
0.35466
0.3454
0.34567
0.35175
0.34827
0.3453
0.34879
0.34968
0.33952
0.328
0.31594
0.30164
0.29162
0.28205
0.27311
0.27428
0.28822
0.30823
0.33156
0.35971
0.38667
0.40825
0.42055
0.42999
0.42432
0.42206
0.42142
0.41633
0.41175
0.41
0.40305
0.39084
0.38249
0.37836
0.37747
0.38952
0.39617
0.40146
0.40876
0.4117
0.40435
0.38612
0.38152
0.37587
0.3753
0.36738
0.35889
0.35781
0.35625
0.35456
0.34857
0.34465
0.35508
0.35533
0.35567
0.35413
0.35473
0.34952
0.34201
0.33668
0.33555
0.33975
0.35182
0.36652
0.38519
0.40427
0.4151
0.42678
0.43683
0.44398
0.4524
0.45896
0.4685
0.47401
0.47447
0.46798
0.46234
0.4596
0.44534
0.4419
0.44226
0.43735
0.4339
0.42721
0.42264
0.42027
0.43857
0.45313
0.47357
0.50816
0.53456
0.55011
0.56407
0.56277
0.55737
0.54757
0.53921
0.51701
0.50238
0.48042
0.46044
0.45109
0.45193
0.45952
0.47504
0.48427
0.49239
0.49806
0.49829
0.48782
0.48498
0.4834
0.47002
0.45512
0.43311
0.40299
0.3801
0.35653
0.33306
0.31413
0.3042
0.29109
0.27336
0.26406
0.25934
0.26455
0.28766
0.31617
0.35088
0.37692
0.40425
0.4246
0.43873
0.45042
0.45261
0.45538
0.45419
0.44525
0.43776
0.43001
0.44116
0.45182
0.45978
0.47476
0.48515
0.49572
0.49782
0.49198
0.48438
0.47277
0.45621
0.43151
0.40402
0.38896
0.37771
0.37928
0.39146
0.40664
0.4268
0.44807
0.45863
0.476
0.48474
0.49153
0.48447
0.47993
0.46678
0.44709
0.43534
0.42299
0.40795
0.40888
0.41042
0.41937
0.42493
0.44503
0.45923
0.47133
0.49057
0.49606
0.49714
0.49534
0.49117
0.48409
0.47041
0.46147
0.44195
0.42123
0.40886
0.39185
0.38155
0.37579
0.38388
0.39362
0.40539
0.41569
0.42633
0.44403
0.45666
0.4692
0.47956
0.48454
0.49084
0.48689
0.47256
0.45711
0.45508
0.45387
0.44103
0.44152
0.44131
0.43574
0.43571
0.43184
0.42733
0.44098
0.45355
0.45158
0.4492
0.46124
0.46223
0.45764
0.46013
0.45385
0.4488
0.45111
0.43354
0.41039
0.40305
0.39894
0.38967
0.39015
0.39027
0.38478
0.38998
0.39405
0.39059
0.40139
0.42316
0.43904
0.45971
0.47901
0.48653
0.4971
0.50641
0.50475
0.50497
0.50332
0.4911
0.47038
0.45708
0.43733
0.41119
0.3965
0.38113
0.37265
0.37051
0.36205
0.35747
0.35747
0.36949
0.3725
0.37205
0.37968
0.38207
0.38217
0.38079
0.37286
0.37532
0.38476
0.39482
0.3968
0.39791
0.40373
0.41299
0.41665
0.42556
0.42648
0.43464
0.44166
0.43735
0.42743
0.4173
0.41731
0.41695
0.41482
0.42558
0.43048
0.43588
0.44547
0.44637
0.4459
0.4485
0.45298
0.44632
0.44081
0.43225
0.41082
0.38527
0.37127
0.35379
0.34078
0.34262
0.34878
0.35241
0.36293
0.37463
0.37923
0.38404
0.39571
0.40162
0.39886
0.4082
0.40627
0.40497
0.41944
0.43719
0.44818
0.46726
0.48747
0.49662
0.49575
0.49976
0.48491
0.48005
0.47319
0.44822
0.41298
0.37845
0.34906
0.31625
0.29319
0.2834
0.2788
0.2929
0.29811
0.30237
0.31341
0.32726
0.35025
0.36014
0.3735
0.38623
0.38799
0.37805
0.35044
0.31534
0.27787
0.23213
0.18761
0.14199
0.11399
0.10036
0.09734
0.10461
0.12287
0.14386
0.17893
0.20868
0.23849
0.26322
0.28046
0.28129
0.26636
0.23349
0.19124
0.15055
0.12068
0.08477
0.06081
0.03844
0.02003
-0.00137
-0.02531
-0.05534
-0.07333
-0.07527
-0.07688
-0.07946
-0.07265
-0.06381
-0.04692
-0.03326
-0.0201
-0.00745
0.01769
0.03767
0.04128
0.04134
0.04067
0.03657
0.02312
0.00955
0.00335
0.00487
0.0237
0.04746
0.07739
0.12291
0.17229
0.21409
0.2491
0.28727
0.31618
0.33995
0.36898
0.38917
0.39982
0.40342
0.39414
0.36587
0.32999
0.28674
0.23453
0.19072
0.16139
0.13079
0.10466
0.08903
0.07887
0.06706
0.06648
0.06934
0.0771
0.09166
0.10526
0.10445
0.09731
0.08759
0.07071
0.05228
0.03543
0.01222
-0.0041
-0.01957
-0.03192
-0.04507
-0.04846
-0.04598
-0.0413
-0.03322
-0.03443
-0.03889
-0.03667
-0.03983
-0.04012
-0.03874
-0.0334
-0.03229
-0.03885
-0.04841
-0.06362
-0.06941
-0.06711
-0.06323
-0.05685
-0.04977
-0.04619
-0.05134
-0.06509
-0.07067
-0.07143
-0.06373
-0.04902
-0.03132
-0.01362
0.00608
0.02101
0.02947
0.04104
0.05765
0.07071
0.0756
0.08004
0.08026
0.07269
0.06337
0.05594
0.05218
0.05559
0.05283
0.04732
0.03515
0.02555
0.01083
-0.00893
-0.01883
-0.01798
-0.01359
-4.42361E-4
0.01261
0.03051
0.0501
0.06563
0.07256
0.07493
0.07695
0.06398
0.04447
0.02863
0.00612
-0.02183
-0.04572
-0.07248
-0.09286
-0.10315
-0.11176
-0.12431
-0.12141
-0.11166
-0.10676
-0.10282
-0.08683
-0.07334
-0.05606
-0.04261
-0.03443
-0.02727
-0.01847
-0.01497
-0.01558
-0.01664
-0.01165
-0.01435
-0.01791
-0.02442
-0.02242
-0.01969
-0.01548
-0.00858
-0.00232
-0.0017
-0.00269
-0.01529
-0.0361
-0.05841
-0.07816
-0.10043
-0.11191
-0.1199
-0.12883
-0.13042
-0.12088
-0.11163
-0.1006
-0.07943
-0.05732
-0.03941
-0.01819
-0.00985
-0.00833
7.91114E-4
0.00884
0.01374
0.02519
0.04462
0.06554
0.08308
0.10302
0.11844
0.13969
0.16371
0.18157
0.19574
0.20436
0.19939
0.1847
0.16069
0.14189
0.12438
0.1123
0.10408
0.10067
0.09833
0.09041
0.07625
0.06302
0.05152
0.04672
0.0345
0.02621
0.01395
-0.00552
-0.02425
-0.04047
-0.05082
-0.05723
-0.05731
-0.04426
-0.0289
-0.00768
0.00358
0.0123
0.02373
0.02901
0.02897
0.02246
0.01949
0.0201
0.01494
0.00521
6.61761E-4
-0.00129
-0.00116
3.70454E-4
0.00546
0.00815
0.01183
0.01237
0.00982
0.00547
0.00645
0.00156
0.00928
0.02267
0.03667
0.04432
0.05401
0.06613
0.07635
0.07666
0.06808
0.0564
0.05127
0.03897
0.02771
0.00868
-0.0041
-0.01029
-0.01751
-0.02987
-0.03155
-0.03031
-0.02856
-0.03456
-0.04261
-0.06193
-0.07574
-0.08787
-0.10028
-0.11203
-0.11273
-0.1191
-0.12244
-0.12878
-0.13051
-0.12814
-0.11696
-0.10149
-0.08889
-0.08402
-0.08034
-0.07726
-0.06989
-0.06142
-0.04377
-0.02381
-0.00521
0.01117
0.0178
0.02118
0.02816
0.04098
0.04762
0.04816
0.05314
0.05163
0.04116
0.03041
0.01818
0.00882
0.0063
0.00183
-0.00978
-0.01695
-0.01238
-0.01255
-0.01155
-0.00227
0.00753
0.01314
0.02003
0.01988
0.02309
0.02832
0.03416
0.03542
0.04241
0.05037
0.05345
0.05128
0.04598
0.03862
0.03271
0.02331
0.01493
0.00925
0.01039
0.00676
-3.09826E-4
-0.0095
-0.01966
-0.02719
-0.03556
-0.04143
-0.04512
-0.04604
-0.04483
-0.05632
-0.06337
-0.06857
-0.06827
-0.06419
-0.05365
-0.03653
-0.01933
-0.00479
0.0024
-0.00547
-0.00552
-0.01321
-0.02107
-0.02496
-0.02508
-0.026
-0.02318
-0.02105
-0.01351
0.00161
0.02947
0.05305
0.07075
0.08306
0.08401
0.07758
0.07013
0.057
0.04586
0.0422
0.03812
0.02981
0.01122
6.26804E-4
-0.00444
-0.00474
-0.00468
-0.0031
-0.005
-8.80911E-4
-0.00719
-0.01755
-0.02833
-0.02776
-0.02796
-0.02924
-0.03227
-0.03102
-0.02756
-0.0162
-0.00655
0.00285
0.01336
0.01804
0.02118
0.02794
0.03517
0.04521
0.06232
0.07732
0.09582
0.11122
0.12697
0.13749
0.1566
0.17348
0.18212
0.18579
0.18931
0.18435
0.18436
0.18388
0.17736
0.17251
0.16951
0.15741
0.1406
0.12262
0.11365
0.10705
0.10921
0.11086
0.10572
0.10946
0.11072
0.11959
0.13598
0.15417
0.18238
0.20256
0.22165
0.23024
0.22399
0.22018
0.20772
0.20019
0.1865
0.16725
0.15466
0.13345
0.12178
0.11014
0.10137
0.11113
0.11524
0.12741
0.13983
0.15508
0.17345
0.18832
0.20569
0.21729
0.22681
0.23155
0.22548
0.22584
0.22457
0.21705
0.21345
0.21611
0.21972
0.23147
0.23962
0.23947
0.24638
0.25429
0.25289
0.24833
0.25435
0.25875
0.25903
0.25832
0.25322
0.24809
0.25212
0.24937
0.24453
0.24121
0.24158
0.23103
0.21608
0.20272
0.20003
0.2002
0.19893
0.19424
0.1931
0.18619
0.18496
0.17309
0.16737
0.16523
0.16321
0.15737
0.14524
0.14124
0.1475
0.15571
0.17247
0.18241
0.20259
0.20755
0.20238
0.19082
0.17435
0.1633
0.15527
0.14401
0.13213
0.12076
0.11609
0.10425
0.1037
0.11121
0.12607
0.13878
0.14905
0.15059
0.14241
0.13302
0.12162
0.11276
0.10016
0.08943
0.08057
0.06989
0.07087
0.07313
0.0779
0.09482
0.11428
0.13233
0.13869
0.15136
0.16466
0.1788
0.19348
0.19544
0.19345
0.19694
0.19046
0.17977
0.17223
0.16279
0.15542
0.1398
0.11375
0.08893
0.07439
0.0688
0.06127
0.06615
0.07827
0.0907
0.11193
0.12816
0.15247
0.18577
0.21402
0.24097
0.26062
0.27517
0.27804
0.27194
0.25444
0.23973
0.22701
0.21015
0.19324
0.18631
0.17437
0.16554
0.15156
0.13859
0.12983
0.13263
0.1356
0.1364
0.13328
0.12382
0.10529
0.0894
0.06858
0.06509
0.0723
0.08334
0.09977
0.11095
0.12447
0.13869
0.15642
0.17575
0.18962
0.21033
0.22403
0.22621
0.22206
0.21101
0.19972
0.18803
0.18023
0.17243
0.16227
0.15827
0.1533
0.14866
0.142
0.13908
0.14146
0.15052
0.16082
0.17636
0.19322
0.21397
0.23034
0.24535
0.24838
0.24843
0.24509
0.23241
0.22023
0.21603
0.20658
0.20248
0.19507
0.18732
0.1698
0.1545
0.15024
0.14949
0.15976
0.16639
0.16891
0.17776
0.17763
0.17563
0.17369
0.19027
0.21426
0.23124
0.2399
0.2376
0.2295
0.21281
0.18392
0.16085
0.14141
0.12919
0.11258
0.09939
0.09309
0.09834
0.10618
0.11845
0.12876
0.15084
0.16558
0.17609
0.18173
0.18105
0.18298
0.1832
0.18098
0.17651
0.17228
0.18064
0.17944
0.17768
0.17674
0.17107
0.16774
0.14929
0.13303
0.11668
0.10773
0.10279
0.08652
0.08024
0.08051
0.08095
0.09524
0.10649
0.1294
0.15445
0.17182
0.17938
0.17314
0.17503
0.16739
0.16254
0.17198
0.16475
0.15509
0.13973
0.10953
0.07917
0.04959
0.03474
0.02071
0.01214
0.00463
-0.01627
-0.03011
-0.03967
-0.04373
-0.03497
-0.0189
0.00841
0.03354
0.05905
0.08568
0.1074
0.12728
0.14411
0.15906
0.16632
0.16284
0.15176
0.13527
0.12388
0.1083
0.09616
0.08288
0.07268
0.06718
0.05768
0.05343
0.05206
0.05748
0.06981
0.07428
0.08584
0.09084
0.09573
0.10609
0.11175
0.12861
0.1431
0.16537
0.19002
0.20499
0.22259
0.23655
0.24729
0.25511
0.24876
0.24719
0.23924
0.22812
0.21305
0.19347
0.17896
0.16934
0.15342
0.14415
0.14062
0.14831
0.15496
0.1593
0.16642
0.17202
0.17852
0.17889
0.17291
0.17136
0.16514
0.15902
0.15158
0.14394
0.13607
0.13356
0.13479
0.13322
0.14052
0.14118
0.14052
0.14652
0.14714
0.14212
0.12943
0.11734
0.09754
0.07939
0.07071
0.05814
0.05215
0.05402
0.04851
0.05197
0.05496
0.05566
0.0534
0.06239
0.06828
0.06364
0.05075
0.03285
-0.00123
-0.02532
-0.06412
-0.10083
-0.12558
-0.142
-0.16269
-0.17895
-0.18492
-0.1783
-0.16426
-0.13295
-0.10666
-0.07425
-0.04535
-0.02253
-0.0118
-0.00732
-0.00781
-0.01362
-0.02234
-0.03113
-0.04462
-0.06014
-0.07163
-0.07421
-0.08225
-0.0812
-0.0749
-0.06992
-0.06435
-0.06229
-0.06091
-0.06046
-0.06002
-0.06478
-0.07293
-0.07082
-0.06653
-0.06493
-0.05829
-0.05233
-0.04384
-0.04161
-0.04257
-0.04743
-0.05
-0.0496
-0.05137
-0.05726
-0.05864
-0.06293
-0.06996
-0.08079
-0.08638
-0.09003
-0.08936
-0.08361
-0.0759
-0.06698
-0.05534
-0.05138
-0.05173
-0.04738
-0.04578
-0.04583
-0.04529
-0.0402
-0.03509
-0.03856
-0.04309
-0.05561
-0.06567
-0.0731
-0.08314
-0.08673
-0.07947
-0.06808
-0.06161
-0.05993
-0.04902
-0.0424
-0.02871
-0.01472
-8.3493E-4
0.01655
0.03404
0.0442
0.05109
0.05868
0.06652
0.06301
0.05975
0.05263
0.04574
0.04333
0.03983
0.03968
0.04212
0.0438
0.04179
0.03402
0.03123
0.02997
0.02948
0.02489
0.01677
0.00795
0.00278
-0.00586
-0.0104
-0.01149
-0.0041
7.891E-4
0.00327
-0.00501
-0.01472
-0.02602
-0.04004
-0.06236
-0.07809
-0.09406
-0.10407
-0.10762
-0.10519
-0.09937
-0.08027
-0.0632
-0.04515
-0.0296
-0.01521
-0.01184
-0.00997
-0.01036
-0.01066
-0.00684
-0.00183
3.81335E-4
0.01366
0.02127
0.02964
0.03123
0.03563
0.03079
0.02782
0.01297
-0.00843
-0.02395
-0.03305
-0.0435
-0.04453
-0.04414
-0.031
-0.01884
0.00146
0.01322
0.03027
0.05116
0.06189
0.06046
0.05458
0.04164
0.03192
0.01947
0.00817
-0.00466
-0.00702
-0.00336
0.00202
0.00622
0.01893
0.0307
0.03877
0.04483
0.04441
0.04119
0.03758
0.03051
0.0219
0.00946
0.0066
0.00765
0.01109
0.02652
0.04317
0.06071
0.07405
0.08616
0.09263
0.09543
0.09696
0.09308
0.08613
0.08474
0.08049
0.07266
0.06819
0.07318
0.07754
0.08901
0.10139
0.11324
0.12954
0.14669
0.15229
0.15017
0.1473
0.14114
0.12949
0.12128
0.10852
0.09624
0.08458
0.06752
0.04275
0.02325
0.01349
0.01069
0.00987
0.01226
0.00963
0.00586
-0.00711
-0.02687
-0.05113
-0.06871
-0.08028
-0.09247
-0.10339
-0.10624
-0.10885
-0.10276
-0.0968
-0.0853
-0.06677
-0.0368
-0.01094
0.00671
0.02361
0.03524
0.03496
0.03958
0.03825
0.03944
0.04422
0.05235
0.05365
0.0486
0.04492
0.03939
0.02189
0.01583
0.00958
0.00455
0.00265
6.72388E-4
-0.00415
-0.01387
-0.01072
-0.00694
-0.01059
0.00631
0.01948
0.02459
0.02806
0.02434
0.01549
0.00255
0.0014
-0.00278
-0.00679
-0.00134
-0.00144
-8.36105E-4
0.00338
0.01412
0.02756
0.03857
0.05403
0.06912
0.07539
0.08497
0.09205
0.09787
0.09663
0.09545
0.08744
0.0735
0.06472
0.0571
0.0383
0.02441
0.00454
-0.01713
-0.04379
-0.06329
-0.07652
-0.08834
-0.09087
-0.08679
-0.08203
-0.06533
-0.04247
-0.0139
0.01309
0.04317
0.06487
0.07154
0.07819
0.07713
0.06526
0.0554
0.03817
0.02253
0.0097
0.00546
0.00407
0.0121
0.02793
0.03666
0.04861
0.05833
0.05885
0.06773
0.07458
0.07759
0.08128
0.08214
0.07422
0.0642
0.05941
0.04731
0.04201
0.04883
0.04583
0.03841
0.03332
0.01726
0.00532
-4.47506E-4
-0.00363
-0.00885
-0.00579
-0.00149
-0.00808
-0.01471
-0.02009
-0.02586
-0.02388
-0.02733
-0.03141
-0.03721
-0.03875
-0.04466
-0.05344
-0.05975
-0.06373
-0.06375
-0.07011
-0.08147
-0.08001
-0.07401
-0.06557
-0.05685
-0.04115
-0.02727
-0.0132
0.0056
0.01807
0.0315
0.05212
0.05629
0.05686
0.06033
0.06055
0.05462
0.05475
0.05995
0.06175
0.06396
0.06722
0.06435
0.07032
0.0713
0.06626
0.06217
0.06018
0.05444
0.04476
0.03548
0.02995
0.02056
0.00942
0.00261
1.02494E-14