5.232
6.559
7.922
9.097
10.413
11.579
12.851
14.224
15.369
16.697
17.878
19.141
20.282
21.43
22.686
23.835
25.138
26.308
27.582
28.725
30.045
31.2
32.514
33.634
35.054
36.33
37.482
38.661
39.864
41.046
42.342
43.516
44.791
45.967
47.264
48.434
49.706
50.888
52.178
53.362
54.632
55.795
57.085
58.237
59.543
60.677
61.813
63.062
64.206
65.518
66.727
67.974
69.128
70.267
71.524
72.719
73.984
75.104
76.209
77.341
78.58
79.71
80.829
81.964
83.186
84.324
85.471
86.74
87.89
89.179
90.314
91.433
92.709
93.85
95.186
96.316
97.439
98.717
99.867
101.163
102.32
103.451
104.7
105.858
106.985
108.238
109.359
110.479
111.588
112.856
114.029
115.13
116.362
117.474
118.688
119.902
121.045
122.171
123.433
124.808
125.951
127.109
128.354
129.485
130.641
131.885
133.024
134.176
135.411
136.555
137.693
138.95
140.1
141.237
142.477
143.636
144.758
146.032
147.183
148.468
149.631
150.936
152.309
153.75
155.45
156.823
158.161
159.549
160.748
161.983
163.216
164.461
165.663
166.895
168.135
169.679
171.067
172.437
173.826
175.189
176.438
177.802
179.038
180.421
181.635
182.882
184.105
185.333
186.565
188.132
189.476
190.697
191.959
193.333
194.714
196.094
197.903
199.176
200.561
201.939
203.33
204.71
205.901
207.165
208.541
209.924
211.288
212.672
213.882
215.161
216.519
217.897
219.097
220.352
221.747
223.119
224.313
225.574
226.818
228.053
229.257
230.506
231.733
232.956
234.349
235.572
236.795
238.191
239.554
240.778
242.041
243.399
244.788
246.002
247.24
248.453
249.707
250.911
252.179
253.576
254.932
256.313
257.691
259.066
260.466
261.836
263.213
264.409
265.685
267.046
268.258
269.526
270.915
272.125
273.519
275.057
276.415
277.639
278.898
280.11
281.341
282.722
284.21
285.585
287.209
288.679
290.084
291.327
292.704
293.888
295.172
296.37
297.638
299.018
300.392
301.61
302.875
304.243
305.435
306.694
307.926
309.157
310.371
311.592
312.997
314.191
315.471
316.952
318.199
319.656
320.997
322.345
323.54
324.829
326.194
327.594
328.81
330.086
331.424
332.618
333.891
335.27
336.656
338.01
339.233
340.473
341.662
342.954
344.179
345.41
346.792
348.008
349.245
350.46
351.997
353.38
354.567
355.841
357.228
358.599
360.002
361.194
362.455
363.657
364.908
366.297
367.502
368.743
369.97
371.192
372.419
373.653
374.84
376.107
377.322
378.578
379.781
381.336
382.722
384.432
385.802
387.188
388.386
389.637
391.032
392.23
393.464
394.701
395.934
397.301
398.53
399.903
401.231
402.547
403.918
405.131
406.371
407.583
408.822
410.044
411.301
412.668
413.915
415.131
416.51
417.887
419.295
420.65
421.864
423.115
424.514
426.025
427.407
428.97
430.658
432.044
433.266
434.492
435.859
437.241
438.454
439.723
441.088
442.273
443.547
444.769
446.021
447.384
448.582
449.912
451.239
452.458
453.688
454.891
456.16
457.545
458.74
460.033
461.36
462.557
463.819
465.011
466.288
467.523
468.743
470.139
471.513
472.704
473.959
475.341
476.728
478.111
479.806
481.196
482.582
483.722
484.873
486.097
487.229
488.402
489.642
490.792
492.106
493.246
494.541
495.679
496.867
498.077
499.22
500.394
501.607
502.76
503.89
505.133
506.315
507.612
508.766
510.051
511.199
512.523
513.731
514.98
516.11
517.26
518.503
519.656
520.962
522.1
523.25
524.514
525.643
526.809
528.034
529.17
530.311
531.577
532.768
534.034
535.258
536.472
537.633
538.784
540.026
541.199
542.792
543.99
545.238
546.379
547.518
548.784
549.937
551.236
552.403
553.682
554.847
556.134
557.303
558.607
559.755
561.074
562.22
563.348
564.58
565.732
566.887
568.132
569.305
570.593
571.784
573.172
574.44
575.584
576.878
578.057
579.325
580.499
581.792
582.957
584.246
585.396
586.545
587.797
588.951
590.24
591.435
592.715
593.891
595.169
596.538
597.731
599.379
601.071
602.987
604.669
606.393
608.048
609.751
611.581
613.205
614.819
616.551
618.269
619.928
621.574
623.269
624.986
626.661
628.351
630.144
631.824
633.421
635.087
637.106
638.798
640.303
641.868
643.58
645.239
646.619
648
649.175
650.471
651.646
652.919
654.058
655.392
656.768
657.943
659.199
660.38
661.655
662.828
664.132
665.319
666.596
667.76
669.055
670.241
671.496
672.646
673.969
675.137
676.415
677.585
678.889
680.051
681.342
682.492
683.79
684.945
686.237
687.393
688.551
689.793
690.943
692.222
693.388
694.695
695.866
697.141
698.297
699.604
700.804
702.061
703.23
704.54
705.917
707.136
708.398
709.809
711.145
712.504
713.752
715.008
716.665
718.363
720.026
721.714
723.482
725.144
726.877
728.565
730.482
731.99
733.546
735.063
736.638
738.136
739.776
741.404
742.832
744.471
746.162
747.634
749.549
751.229
752.923
754.708
756.608
758.311
759.654
761.365
763.097
764.74
766.47
768.178
770.109
771.942
773.615
775.248
776.887
778.601
780.265
781.773
783.315
784.842
786.417
787.777
789.276
791.009
792.551
794.038
795.632
796.985
798.682
800.078
801.54
803.129
804.625
806.209
807.913
809.586
811.06
812.506
814.102
815.724
817.425
818.924
820.493
821.985
823.56
825.096
826.644
828.13
829.709
832.426
834.932
837.004
838.718
841.347
843.532
844.956
846.401
847.995
849.423
851.075
852.76
855.047
857.059
859.114
861.058
863.344
865.429
867.331
868.767
870.406
872.114
873.848
875.496
877.236
878.858
880.291
881.953
883.407
885.018
886.531
888.102
889.781
891.465
893.149
894.622
896.274
897.908
899.406
901.293
902.968
904.526
906.049
907.56
909.124
910.57
911.937
913.59
915.084
916.973
918.646
920.438
922.128
924.03
925.728
927.393
929.101
930.792
932.467
933.844
935.552
936.95
938.32
939.72
941.203
942.775
944.236
945.844
947.378
948.973
950.424
951.992
953.675
955.164
956.736
958.437
960.112
961.818
963.517
965.225
966.872
968.388
969.96
971.653
973.349
975.027
976.716
978.41
980.103
981.838
983.474
985.167
986.672
988.042
989.626
991.313
992.747
994.115
995.766
997.463
999.153
1000.581
1002.224
1003.891
1005.598
1007.267
1008.671
1010.36
1011.859
1013.414
1014.901
1016.487
1017.974
1019.621
1021.243
1022.943
1024.629
1026.317
1027.791
1029.474
1031.096
1032.789
1034.253
1035.949
1037.681
1039.219
1040.632
1041.768
1043.07
1044.257
1045.534
1046.73
1047.986
1049.127
1050.755
1052.284
1053.828
1055.51
1057.21
1058.633
1060.11
1061.7
1063.354
1065.048
1066.715
1068.429
1070.11
1071.518
1073.162
1074.859
1076.553
1078.236
1079.92
1081.421
1083.051
1084.694
1086.688
1088.396
1089.884
1091.463
1092.918
1094.543
1095.995
1097.618
1098.973
1100.684
1102.136
1103.746
1105.44
1107.128
1108.915
1110.495
1112.2
1113.87
1115.588
1117.261
1118.94
1120.651
1122.34
1124.035
1125.693
1127.402
1129.078
1130.786
1132.263
1133.85
1135.547
1137.233
1138.926
1140.609
1142.305
1144.006
1145.713
1147.43
1149.054
1150.753
1152.447
1154.125
1155.83
1157.623
1159.512
1161.2
1162.888
1164.572
1166.265
1167.937
1169.473
1171.057
1172.726
1174.424
1176.087
1177.593
1179.159
1180.852
1182.546
1184.245
1185.922
1187.473
1188.999
1190.673
1192.368
1194.054
1195.743
1197.27
1199.125
1200.813
1202.538
1204.308
1205.883
1207.574
1209.276
1210.959
1212.638
1214.332
1216.015
1217.708
1219.413
1221.096
1222.797
1224.462
1226.193
1227.852
1229.559
1231.249
1232.922
1234.599
1236.374
1238.026
1239.676
1241.513
1243.159
1244.744
1246.428
1247.965
1249.561
1251.221
1252.893
1254.695
1256.296
1257.801
1259.359
1260.779
1262.183
1263.836
1265.497
1266.973
1268.551
1270.265
1271.945
1273.637
1275.324
1277.031
1278.685
1280.398
1282.19
1284.06
1285.773
1287.444
1288.904
1290.556
1292.269
1293.903
1295.331
1296.764
1298.352
1299.832
1301.437
1302.93
1304.514
1306.011
1307.575
1309.025
1310.643
1312.162
1313.725
1315.207
1316.778
1318.29
1319.889
1321.688
1323.326
1324.928
1326.137
1327.377
1328.523
1329.843
1331.031
1332.375
1333.68
1335.087
1336.755
1338.443
1339.885
1341.511
1343.02
1344.608
1346.287
1347.962
1349.674
1351.363
1352.889
1354.22
1355.795
1357.292
1358.964
1360.678
1362.3
1363.781
1365.361
1367.016
1368.53
1370.168
1371.611
1373.158
1374.683
1376.229
1377.671
1379.039
1380.446
1382.072
1383.755
1385.235
1386.848
1388.256
1389.673
1391.282
1392.784
1394.365
1395.743
1397.451
1399.13
1400.596
1402.193
1403.893
1405.395
1407.021
1408.683
1410.343
1412.017
1413.706
1415.097
1416.584
1418.484
1420.162
1421.664
1423.246
1424.721
1426.117
1427.702
1429.372
1430.879
1432.455
1434.156
1435.823
1437.54
1439.226
1440.905
1442.605
1444.356
1446.125
1447.957
1449.669
1451.336
1453.037
1454.717
1456.215
1457.801
1459.528
1461.165
1462.652
1464.244
1465.767
1467.316
1469.005
1470.698
1472.402
1474.168
1475.824
1477.196
1478.86
1480.343
1481.937
1483.606
1485.286
1486.972
1488.678
1490.061
1491.579
1493.124
1494.635
1496.194
1497.904
1499.385
1500.796
1502.343
1503.853
1505.412
1507.209
1508.787
1510.326
1511.959
1513.636
1515.241
1516.923
1519.552
1521.247
1522.937
1524.347
1525.74
1527.136
1528.472
1529.914
1531.359
1532.897
1534.307
1535.983
1537.438
1538.862
1540.432
1541.852
1543.204
1544.892
1546.416
1547.971
1549.668
1551.106
1552.579
1554.103
1555.56
1557.222
1558.861
1560.546
1562.248
1563.937
1565.622
1567.333
1569.098
1570.735
1572.396
1574.078
1575.759
1577.256
1578.841
1580.339
1581.758
1583.283
1584.685
1586.174
1587.756
1589.221
1590.834
1592.529
1594.205
1595.711
1597.391
1598.965
1600.403
1601.817
1603.405
1604.877
1606.312
1607.859
1609.353
1610.803
1612.338
1613.77
1615.177
1616.483
1618.158
1619.644
1621.072
1622.611
1624.095
1625.689
1627.131
1629.386
1631.378
1633.052
1634.576
1636.192
1637.833
1639.312
1640.901
1642.592
1644.291
1645.979
1647.661
1649.664
1651.942
1653.681
1655.652
1657.336
1658.823
1660.397
1661.816
1663.276
1665.178
1667.477
1669.482
1671.159
1673.162
1674.688
1676.294
1678.541
1680.961
1682.511
1684.012
1685.589
1687.05
1688.712
1690.371
1692.053
1693.452
1694.965
1696.505
1698.203
1699.648
1701.266
1702.784
1704.381
1706.016
1707.714
1709.402
1710.951
1712.553
1713.896
1715.545
1716.979
1718.634
1720.422
1722.008
1723.705
1725.523
1727.059
1728.475
1730.157
1731.59
1733.023
1734.596
1736.289
1737.962
1739.666
1741.12
1742.724
1744.419
1745.958
1747.535
1748.995
1750.561
1751.945
1753.418
1755.014
1756.725
1758.166
1759.831
1761.48
1763
1764.563
1765.989
1767.624
1769.324
1771.016
1772.691
1774.382
1776.073
1777.759
1779.454
1780.961
1782.249
1783.405
1784.675
1786.059
1787.425
1788.613
1789.903
1791.278
1792.475
1793.725
1794.95
1796.28
1797.578
1798.957
1800.167
1801.416
1802.628
1803.894
1805.261
1806.622
1807.844
1809.103
1810.304
1811.557
1812.729
1813.995
1815.2
1816.475
1817.842
1819.241
1820.628
1822.001
1823.386
1824.771
1826.145
1827.349
1828.669
1829.977
1831.374
1832.743
1834.432
1836.116
1837.824
1839.515
1841.215
1842.882
1844.563
1846.266
1847.966
1849.657
1851.328
1853.018
1854.71
1856.417
1858.093
1859.782
1861.308
1862.864
1864.552
1866.339
1867.966
1869.723
1871.313
1872.995
1874.8
1876.492
1878.113
1879.771
1881.445
1883.159
1884.83
1886.514
1888.206
1889.886
1891.337
1892.956
1894.652
1896.334
1898.033
1899.716
1901.413
1902.809
1904.485
1906.167
1907.899
1909.634
1911.536
1913.263
1914.944
1916.628
1918.318
1919.985
1921.682
1923.362
1925.084
1926.811
1928.497
1930.128
1931.823
1933.504
1935.202
1936.881
1938.574
1940.262
1941.959
1943.639
1945.379
1947.091
1948.706
1950.412
1952.101
1953.85
1955.478
1957.172
1958.853
1960.535
1962.263
1963.945
1965.629
1967.3
1969.013
1970.694
1972.37
1974.064
1975.802
1977.441
1979.123
1980.829
1982.515
1984.192
1985.903
1987.596
1989.274
1990.968
1992.747
1994.38
1996.329
1998.074
1999.778
2001.718
2003.398
2005.081
2006.772
2008.469
2010.167
2011.843
2013.548
2015.009
2016.311
2017.689
2019.372
2020.902
2022.765
2024.474
2026.151
2027.824
2029.532
2031.217
2032.912
2034.575
2036.272
2038.037
2039.764
2041.428
2043.021
2044.509
2046.113
2047.802
2049.497
2051.183
2052.63
2054.244
2055.946
2057.639
2059.333
2060.996
2062.691
2064.374
2066.066
2067.77
2069.471
2071.143
2072.821
2074.537
2076.205
2077.926
2079.722
2081.398
2083.035
2084.726
2086.342
2088.028
2089.546
2091.124
2092.815
2094.504
2096.172
2097.882
2099.551
2101.256
2102.945
2104.618
2106.385
2108.31
2110.014
2111.692
2113.376
2114.902
2116.773
2118.448
2120.133
2121.941
2123.609
2125.268
2126.888
2128.422
2130.016
2131.707
2133.424
2135.057
2136.749
2138.459
2140.125
2141.806
2143.5
2145.242
2146.867
2148.547
2150.256
2151.955
2153.617
2155.335
2157.017
2158.715
2160.463
2162.126
2163.9
2165.527
2167.29
2168.977
2170.613
2172.243
2173.934
2175.587
2177.298
2178.988
2180.72
2182.365
2184.069
2185.725
2187.429
2189.119
2190.802
2192.514
2194.25
2196.011
2197.858
2199.572
2201.25
2203.01
2204.72
2206.631
2208.329
2209.996
2211.714
2213.411
2215.072
2216.767
2218.466
2220.135
2221.837
2223.522
2225.212
2226.891
2228.581
2230.286
2231.975
2233.671
2235.358
2237.023
2238.718
2240.464
2242.137
2243.792
2245.337
2247.01
2248.87
2250.553
2252.253
2253.929
2255.618
2257.35
2259.088
2260.715
2262.399
2264.073
2265.75
2267.448
2269.127
2270.83
2272.534
2274.2
2275.891
2277.587
2279.294
2280.974
2282.673
2284.353
2286.03
2287.716
2289.405
2291.135
2292.787
2294.485
2296.189
2297.856
2299.328
2300.633
2301.861
2303.136
2304.473
2305.858
2307.238
2308.625
2309.998
2311.398
2312.766
2313.978
2315.278
2316.617
2317.812
2319.055
2320.445
2321.671
2322.92
2324.294
2325.671
2327.043
2328.421
2329.642
2330.875
2332.273
2333.658
2335.024
2336.262
2337.487
2338.866
2340.094
2341.345
2342.71
2343.923
2345.174
2346.553
2347.756
2349.011
2350.206
2351.484
2352.855
2354.097
2355.351
2356.681
2358.099
2359.469
2360.677
2361.933
2363.298
2364.504
2365.769
2367.137
2368.519
2369.909
2371.278
2372.679
2374.067
2375.426
2376.661
2377.898
2379.278
2380.48
2381.719
2383.104
2384.51
2385.869
2387.082
2388.333
2389.71
2391.409
2392.779
2393.997
2395.237
2396.443
2397.697
2399.079
2400.482
2401.852
2403.23
2404.467
2405.707
2407.069
2408.286
2409.597
2410.913
2412.305
2413.681
2415.068
2416.302
2417.528
2418.899
2420.282
2421.672
2423.049
2424.421
2425.851
2427.209
2428.418
2429.664
2431.026
2432.25
2433.499
2434.87
2436.121
2437.33
2438.739
2440.104
2441.471
2442.855
2444.253
2445.647
2447.028
2448.411
2449.774
2450.998
2452.226
2453.632
2454.998
2456.373
2457.779
2459.165
2460.543
2461.926
2463.288
2464.529
2465.761
2466.989
2468.221
2469.593
2470.971
2472.192
2473.427
2474.803
2476.042
2477.263
2478.648
2480.031
2481.252
2482.487
2483.696
2484.954
2486.367
2487.716
2488.922
2490.262
2491.552
2492.804
2494.038
2495.388
2496.788
2498.169
2499.535
2500.929
2502.306
2503.541
2504.766
2506.159
2507.54
2508.933
2510.317
2511.684
2513.058
2514.44
2515.655
2516.92
2518.293
2519.68
2521.047
2522.293
2523.825
2525.201
2526.575
2527.963
2529.352
2530.736
2532.126
2533.489
2534.88
2536.261
2537.476
2538.702
2540.108
2541.472
2542.852
2544.106
2545.331
2546.698
2547.936
2549.168
2550.547
2551.918
2553.31
2554.693
2556.072
2557.455
2558.831
2560.207
2561.442
2562.683
2563.919
2565.201
2566.509
2567.905
2569.278
2570.672
2572.041
2573.439
2574.827
2576.193
2577.575
2578.973
2580.34
2581.717
2583.109
2584.501
2585.874
2587.255
2588.624
2590.027
2591.417
2592.799
2594.172
2595.557
2596.932
2598.329
2599.689
2601.08
2602.298
2603.531
2604.91
2606.288
2607.684
2609.066
2610.436
2611.83
2613.043
2614.281
2615.497
2616.737
2617.962
2619.201
2620.575
2621.813
2623.086
2624.474
2625.807
2627.205
2628.59
2629.956
2631.34
2632.72
2633.936
2635.188
2636.561
2637.932
2639.334
2640.725
2642.083
2643.463
2644.869
2646.243
2647.635
2648.992
2650.216
2651.47
2652.689
2653.915
2655.305
2656.697
2658.086
2659.442
2660.821
2662.222
2663.599
2664.978
2666.359
2667.735
2669.141
2670.51
2671.907
2673.29
2674.673
2676.034
2677.415
2678.807
2680.198
2681.563
2682.955
2684.331
2685.727
2687.104
2688.475
2689.86
2691.235
2692.644
2694.001
2695.405
2696.785
2698.232
2699.549
2700.919
2702.31
2703.7
2705.067
2706.461
2707.825
2709.21
2710.596
2711.987
2713.376
2714.736
2716.136
2717.517
2718.916
2720.284
2721.674
2723.046
2724.429
2725.818
2727.177
2728.411
2729.647
2730.849
2732.127
2733.499
2734.878
2736.266
2737.633
2739.023
2740.229
2741.479
2742.847
2744.546
2746.324
2748.064
2749.913
2751.699
2753.6
2755.316
2757.309
2759.03
2760.798
2762.428
2764.063
2765.79
2767.494
2769.112
2770.825
2772.551
2774.503
2776.201
2777.935
2779.572
2781.268
2782.939
2784.947
2786.634
2788.335
2790.317
2792.017
2794.02
2795.72
2797.382
2799.066
2800.752
2802.459
2803.985
2805.839
2807.625
2809.524
2811.201
2812.999
2814.733
2816.429
2818.289
2819.977
2821.711
2823.337
2825.034
2826.792
2828.467
2830.117
2831.807
2833.581
2835.185
2836.864
2838.269
2839.757
2841.431
2843.066
2844.715
2846.489
2848.08
2849.762
2851.461
2853.188
2854.842
2856.537
2858.226
2859.92
2861.312
2862.963
2864.975
2866.724
2868.509
2870.182
2871.419
2872.585
2873.868
2875.068
2876.33
2877.538
2878.812
2880.022
2881.264
2882.476
2883.698
2884.913
2886.172
2887.559
2888.743
2890.002
2891.186
2892.458
2893.627
2894.929
2896.094
2897.377
2898.536
2899.833
2901.033
2902.306
2903.467
2904.766
2905.965
2907.218
2908.414
2909.664
2910.873
2912.121
2913.524
2914.881
2916.102
2917.357
2918.745
2919.886
2921.183
2922.34
2923.658
2925.029
2926.219
2927.508
2928.712
2929.944
2931.128
2932.393
2933.792
2935.163
2936.382
2937.616
2938.845
2940.091
2941.299
2942.534
2943.709
2945
2946.184
2947.446
2948.665
2949.953
2951.285
2952.471
2953.757
2954.942
2956.199
2957.432
2958.681
2959.896
2961.13
2962.307
2963.602
2964.803
2966.059
2967.428
2968.805
2969.996
2971.272
2972.468
2973.794
2975.107
2976.301
2977.555
2978.762
2980.012
2981.402
2982.62
2983.856
2985.068
2986.33
2987.477
2988.777
2989.967
2991.221
2992.453
2993.696
2994.908
2996.209
2997.546
2998.915
3000.135
3001.363
3002.592
3003.824
3005.062
3006.288
3007.512
3008.75
3009.945
3011.196
3012.593
3013.802
3015.048
3016.252
3017.498
3018.672
3019.97
3021.34
3022.55
3023.797
3024.971
3026.269
3027.487
3028.704
3029.924
3031.17
3032.407
3033.639
3034.844
3036.104
3037.303
3038.557
3039.737
3040.991
3042.218
3043.512
3044.847
3046.233
3047.599
3048.832
3050.059
3051.276
3052.562
3053.898
3055.106
3056.37
3057.741
3058.973
3060.191
3061.6
3062.792
3064.038
3065.412
3066.618
3067.896
3069.102
3070.329
3071.519
3072.797
3074.167
3075.561
3076.75
3078.027
3079.218
3080.478
3081.675
3082.929
3084.112
3085.398
3086.605
3087.841
3089.022
3090.302
3091.494
3092.755
3093.966
3095.23
3096.445
3097.668
3098.848
3100.142
3101.513
3102.734
3103.973
3105.21
3106.504
3107.809
3109.01
3110.285
3111.659
3113.048
3114.268
3115.515
3116.726
3117.967
3119.19
3120.402
3121.641
3122.859
3124.058
3125.32
3126.716
3128.083
3129.31
3130.565
3131.741
3133.015
3134.188
3135.48
3136.693
3137.994
3139.311
3140.533
3141.786
3143
3144.228
3145.419
3146.689
3147.888
3149.142
3150.513
3151.749
3152.976
3154.213
3155.446
3156.612
3157.887
3159.084
3160.344
3161.532
3162.796
3163.991
3165.268
3166.463
3167.73
3169.123
3170.3
3171.555
3172.776
3174.033
3175.209
3176.485
3177.873
3179.063
3180.335
3181.513
3182.777
3183.981
3185.225
3186.423
3187.701
3189.085
3190.449
3191.651
3192.913
3194.121
3195.369
3196.586
3197.827
3199.21
3200.598
3201.986
3203.182
3204.445
3205.662
3206.881
3208.061
3209.345
3210.547
3211.808
3213.011
3214.283
3215.467
3216.729
3217.938
3219.176
3220.568
3221.769
3223.018
3224.391
3225.621
3226.878
3228.25
3229.623
3230.831
3232.127
3233.478
3234.681
3235.937
3237.159
3238.399
3239.604
3240.832
3242.033
3243.308
3244.533
3245.762
3246.95
3248.216
3249.45
3250.675
3251.891
3253.12
3254.344
3255.587
3256.813
3258.047
3259.437
3260.822
3262.18
3263.567
3264.799
3266.026
3267.401
3268.616
3269.873
3271.261
3272.625
3273.858
3275.085
3276.294
3277.625
3278.948
3280.323
3281.539
3282.765
3283.956
3285.238
3286.425
3287.692
3288.899
3290.136
3291.342
3292.599
3293.84
3295.13
3296.446
3297.628
3298.911
3300.3
3301.673
3303.05
3304.429
3305.602
3306.889
3308.279
3309.477
3310.74
3312.128
3313.332
3314.563
3315.76
3317.039
3318.408
3319.81
3321.192
3322.567
3323.776
3325.017
3326.223
3327.56
3328.861
3330.042
3331.32
3332.533
3333.759
3335.01
3336.253
3337.601
3338.795
3340.074
3341.441
3342.834
3344.051
3345.285
3346.497
3347.764
3348.969
3350.227
3351.395
3352.656
3353.863
3355.137
3356.517
3357.904
3359.257
3360.456
3361.714
3362.898
3364.183
3365.423
3366.66
3368.039
3369.398
3370.609
3371.863
3373.062
3374.309
3375.527
3376.771
3377.998
3379.244
3380.451
3381.714
3382.921
3384.15
3385.346
3386.6
3387.81
3389.063
3390.463
3391.852
3393.053
3394.291
3395.481
3396.752
3397.967
3399.194
3400.409
3401.667
3402.86
3404.138
3405.355
3406.573
3407.778
3409.03
3410.25
3411.503
3412.886
3414.096
3415.322
3416.531
3417.79
3418.993
3420.246
3421.649
3423.009
3424.219
3425.463
3426.69
3427.92
3429.127
3430.38
3431.786
3433.142
3434.368
3435.624
3436.832
3438.065
3439.269
3440.522
3441.712
3443.001
3444.18
3445.457
3446.832
3448.045
3449.291
3450.666
3451.849
3453.189
3454.51
3455.673
3456.955
3458.19
3459.415
3460.635
3461.889
3463.083
3464.35
3465.727
3467.112
3468.33
3469.556
3470.756
3472.029
3473.205
3474.467
3475.695
3476.945
3478.131
3479.375
3480.564
3481.856
3483.215
3484.604
3485.831
3487.072
3488.467
3489.842
3491.203
3492.393
3493.681
3494.88
3496.14
3497.342
3498.603
3499.814
3501.057
3502.429
3503.634
3504.891
3506.096
3507.345
3508.555
3509.802
3511.177
3512.563
3513.765
3515.021
3516.423
3517.628
3518.857
3520.095
3521.318
3522.509
3523.767
3524.952
3526.233
3527.43
3528.703
3530.099
3531.296
3532.522
3533.73
3534.997
3536.215
3537.458
3538.678
3539.908
3541.281
3542.482
3543.742
3544.973
3546.207
3547.605
3548.983
3550.37
3551.58
3552.834
3554.201
3555.568
3556.794
3558.041
3559.238
3560.488
3561.674
3562.952
3564.346
3565.731
3566.93
3568.215
3569.395
3570.626
3571.82
3573.074
3574.466
3575.843
3577.23
3578.609
3579.999
3581.215
3582.471
3583.691
3584.914
3586.097
3587.36
3588.542
3589.839
3591.213
3592.391
3593.663
3595.065
3596.26
3597.508
3598.725
3600.005
3601.36
3602.559
3603.81
3605.024
3606.257
3607.475
3608.734
3609.926
3611.208
3612.57
3613.771
3615.026
3616.257
3617.48
3618.688
3619.942
3621.317
3622.513
3623.767
3625.009
3626.251
3627.457
3628.697
3629.88
3631.144
3632.542
3633.933
3635.289
3636.521
3637.752
3639.151
3640.353
3641.595
3642.975
3644.368
3645.6
3646.814
3648.048
3649.303
3650.665
3651.861
3653.138
3654.491
3655.718
3656.954
3658.163
3659.424
3660.644
3661.862
3663.076
3664.321
3665.538
3666.8
3667.998
3669.241
3670.452
3671.702
3673.07
3674.454
3675.655
3676.928
3678.136
3679.402
3680.756
3682.164
3683.361
3684.621
3685.979
3687.185
3688.433
3689.644
3690.908
3692.296
3693.663
3694.893
3696.171
3697.517
3698.731
3699.959
3701.172
3702.435
3703.633
3704.879
3706.251
3707.64
3708.878
3710.11
3711.307
3712.576
3713.956
3715.174
3716.401
3717.782
3719.176
3720.385
3721.623
3722.819
3724.071
3725.28
3726.526
3727.704
3729.002
3730.38
3731.749
3732.929
3734.215
3735.419
3736.689
3738.058
3739.45
3740.64
3741.891
3743.07
3744.349
3745.585
3746.815
3748.007
3749.267
3750.662
3752.046
3753.407
3754.631
3755.871
3757.267
3758.631
3759.865
3761.105
3762.315
3763.547
3764.955
3766.329
3767.543
3768.772
3770.164
3771.364
3772.63
3773.989
3775.402
3776.772
3777.993
3779.271
3780.611
3781.835
3783.073
3784.448
3785.663
3786.905
3788.279
3789.522
3790.755
3792.129
3793.33
3794.6
3795.961
3797.179
3798.433
3799.798
3801.024
3802.311
3803.642
3805.045
3806.399
3807.646
3808.883
3810.065
3811.33
3812.724
3814.089
3815.472
3816.871
3818.227
3819.439
3820.709
3822.077
3823.294
3824.539
3825.936
3827.305
3828.691
3830.079
3831.463
3832.672
3833.914
3835.289
3836.49
3837.754
3839.121
3840.33
3841.595
3842.803
3844.048
3845.438
3846.812
3848.184
3849.397
3850.657
3851.883
3853.105
3854.295
3855.573
3856.782
3858.034
3859.232
3860.479
3861.863
3863.255
3864.635
3865.832
3867.116
3868.478
3869.86
3871.221
3872.454
3873.725
3875.066
3876.285
3877.526
3878.904
3880.301
3881.665
3882.889
3884.124
3885.506
3886.722
3887.971
3889.355
3890.602
3891.835
3893.205
3894.586
3895.957
3897.179
3898.415
3899.812
3901.194
3902.579
3903.964
3905.346
3906.72
3907.916
3909.17
3910.389
3911.646
3913.029
3914.414
3915.766
3917.159
3918.555
3919.94
3921.302
3922.53
3923.755
3925.136
3926.392
3927.638
3929.006
3930.359
3931.584
3932.94
3934.2
3935.418
3936.682
3938.062
3939.451
3940.834
3942.214
3943.571
3944.798
3946.068
3947.274
3948.518
3949.885
3951.264
3952.659
3954.033
3955.404
3956.605
3957.882
3959.247
3960.489
3961.748
3963.079
3964.304
3965.601
3966.935
3968.3
3969.681
3970.92
3972.168
3973.361
3974.627
3976.009
3977.385
3978.766
3979.98
3981.234
3982.593
3983.968
3985.187
3986.426
3987.64
3988.882
3990.279
3991.671
3993.059
3994.432
3995.634
3996.869
3998.276
3999.654
4000.861
4002.116
4003.475
4004.876
4006.242
4007.456
4008.724
4010.107
4011.47
4012.697
4013.937
4015.317
4016.692
4018.078
4019.449
4020.68
4021.93
4023.164
4024.388
4025.757
4027.14
4028.514
4029.921
4031.284
4032.513
4033.738
4034.94
4036.244
4037.576
4038.976
4040.356
4041.74
4043.115
4044.487
4045.725
4046.963
4048.185
4049.411
4050.642
4051.899
4053.271
4054.63
4055.853
4057.096
4058.332
4059.588
4060.947
4062.317
4063.718
4065.085
4066.455
4067.835
4069.22
4070.464
4071.735
4073.07
4074.457
4075.697
4076.947
4078.291
4079.493
4080.751
4082.136
4083.508
4084.886
4086.12
4087.371
4088.741
4090.117
4091.52
4092.89
4094.277
4095.665
4097.036
4098.419
4099.627
4100.86
4102.056
4103.334
4104.725
4106.1
4107.47
4108.865
4110.247
4111.629
4112.864
4114.136
4115.47
4116.84
4118.224
4119.617
4120.99
4122.393
4123.749
4125.155
4126.517
4127.911
4129.291
4130.676
4132.041
4133.255
4134.518
4135.903
4137.111
4138.367
4139.731
4141.133
4142.501
4143.893
4145.262
4146.493
4147.709
4148.943
4150.226
4151.552
4152.791
4154.022
4155.407
4156.783
4158.154
4159.397
4160.617
4162.006
4163.406
4164.772
4166.142
4167.37
4168.627
4169.834
4171.079
4172.445
4173.663
4174.901
4176.108
4177.379
4178.768
4180.147
4181.508
4182.734
4183.993
4185.355
4186.748
4188.118
4189.491
4190.881
4192.275
4193.647
4194.874
4196.177
4197.493
4198.863
4200.274
4201.647
4203.014
4204.396
4205.781
4206.983
4208.243
4209.626
4211.005
4212.402
4213.773
4215.15
4216.525
4217.934
4219.308
4220.691
4222.076
4223.458
4224.842
4226.222
4227.584
4228.984
4230.396
4231.751
4233.25
4235.111
4237.115
4239.107
4240.926
4242.623
4244.511
4246.508
4248.254
4250.165
4252.189
4253.974
4255.873
4257.849
4259.55
4261.556
4263.358
4265.23
4267.001
4268.964
4270.953
4272.916
4274.905
4277.039
4278.892
4280.986
4282.886
4284.628
4286.598
4288.578
4290.576
4292.396
4294.273
4296.008
4297.959
4299.651
4301.645
4303.649
4305.434
4307.306
4309.115
4311.018
4312.994
4314.748
4316.475
4318.39
4320.387
4322.384
4324.363
4326.057
4327.437
4328.833
4330.214
4331.916
4333.575
4335.348
4336.964
4338.47
4340.033
4341.833
4343.812
4345.713
4347.182
4349.135
4350.807
4352.486
4354.18
4355.844
4357.552
4359.24
4361.058
4362.661
4364.311
4366.311
4367.994
4369.999
4371.678
4373.488
4375.183
4376.855
4378.451
4380.127
4381.922
4383.559
4385.299
4386.914
4388.588
4390.262
4391.969
4393.645
4395.322
4396.837
4398.719
4400.4
4402.389
4404.088
4405.808
4407.471
4409.461
4411.245
4412.843
4414.62
4416.263
4418.225
4419.897
4421.633
4423.39
4425.33
4427.283
4429.275
4430.968
4432.716
4434.488
4436.362
4438.095
4440.048
4441.724
4443.43
4445.136
4446.819
4448.794
4450.54
4452.173
4453.875
4455.546
4457.223
4458.923
4460.629
4462.374
4464.156
4465.817
4467.698
4469.417
4471.129
4472.432
4473.663
4474.955
4476.297
4477.682
4479.055
4480.444
4481.809
4483.807
4485.539
4487.512
4489.562
4491.489
4493.474
4495.477
4497.48
4499.485
4501.46
4503.483
4505.466
4507.183
4509.159
4511.001
4512.969
4514.847
4516.821
4518.843
4520.878
4522.814
4524.833
4526.883
4528.81
4530.262
4531.896
4533.584
4535.274
4536.659
4538.022
4539.433
4540.804
4542.186
4543.658
4545.251
4546.967
4548.746
4550.624
4552.376
4554.144
4555.711
4557.499
4559.152
4560.762
4562.448
4564.146
4565.85
4567.661
4569.53
4571.306
4573.204
4574.709
4576.395
4578.265
4579.729
4581.405
4583.16
4584.796
4586.421
4588.103
4589.856
4591.628
4593.47
4595.221
4597.007
4598.848
4600.555
4602.309
4604.05
4605.926
4607.609
4609.306
4610.981
4612.678
4614.465
4616.05
4617.787
4619.753
4621.511
4623.267
4624.892
4626.637
4628.499
4630.224
4631.94
4633.598
4635.383
4637.267
4639.066
4640.951
4642.692
4644.391
4646.338
4648.154
4650.005
4651.839
4654.02
4655.8
4657.493
4659.389
4661.373
4663.054
4664.757
4666.436
4667.905
4669.515
4671.287
4673.201
4674.895
4676.644
4678.416
4680.263
4681.967
4683.719
4685.501
4687.338
4689.034
4691.026
4692.788
4694.468
4696.397
4697.915
4699.549
4701.188
4703.26
4704.859
4706.526
4708.526
4710.368
4712.245
4713.982
4716.221
4718.223
4720.216
4722.204
4723.888
4725.669
4727.584
4729.307
4731.05
4732.685
4734.335
4736.035
4737.722
4739.224
4740.865
4742.481
4744.167
4745.868
4747.559
4749.246
4750.918
4752.324
4753.702
4755.085
4756.458
4757.87
4759.221
4760.62
4762.003
4763.363
4764.739
4766.136
4767.517
4768.902
4770.288
4771.665
4773.05
4774.417
4775.81
4777.2
4778.571
4779.956
4781.331
4782.737
4784.103
4785.491
4786.886
4788.27
4789.639
4791.014
4792.45
4793.831
4795.162
4796.557
4797.945
4799.327
4800.706
4802.072
4803.476
4804.832
4806.223
4807.612
4808.977
4810.361
4811.771
4813.151
4814.52
4815.898
4817.284
4818.675
4820.042
4821.421
4822.818
4824.201
4825.59
4827.004
4828.345
4829.731
4831.121
4832.49
4833.863
4835.262
4836.643
4838.013
4839.414
4840.775
4842.157
4843.546
4844.92
4846.319
4847.7
4849.088
4850.455
4851.87
4853.238
4854.607
4856.005
4857.391
4858.774
4860.145
4861.567
4862.931
4864.285
4865.675
4867.05
4868.431
4869.832
4871.199
4872.573
4873.965
4875.361
4876.744
4878.12
4879.501
4880.898
4882.265
4883.724
4885.061
4886.416
4887.804
4889.184
4890.564
4891.941
4893.333
4894.701
4896.076
4897.493
4898.846
4900.217
4901.616
4902.993
4904.377
4905.764
4907.157
4908.52
4909.91
4911.29
4912.665
4914.068
4915.438
4916.83
4918.207
4919.59
4920.955
4922.365
4923.721
4925.119
4926.501
4927.875
4929.262
4930.678
4932.018
4933.417
4934.807
4936.164
4937.543
4938.953
4940.333
4941.705
4943.095
4944.472
4945.845
4947.226
4948.627
4950.01
4951.386
4952.755
4954.161
4955.542
4956.915
4958.3
4959.679
4961.07
4962.43
4963.83
4965.227
4966.586
4967.961
4969.341
4970.744
4972.128
4973.503
4974.884
4976.282
4977.639
4979.043
4980.401
4981.782
4983.17
4984.577
4985.941
4987.335
4988.725
4990.098
4991.462
4992.867
4994.266
4995.609
4997.005
4998.382
4999.785
5001.262
5002.518
5003.926
5005.306
5006.688
5008.07
5009.458
5010.863
5012.21
5013.577
5014.98
5016.399
5017.825
5019.223
5020.552
5021.904
5023.277
5024.639
5026.035
5027.41
5028.798
5030.17
5031.569
5032.95
5034.318
5035.7
5037.098
5038.48
5039.852
5041.232
5042.628
5044.008
5045.384
5046.768
5048.152
5049.549
5050.912
5052.297
5053.675
5055.059
5056.436
5057.825
5059.226
5060.596
5061.984
5063.353
5064.742
5066.127
5067.492
5068.926
5070.258
5071.663
5073.028
5074.415
5075.805
5077.193
5078.58
5079.948
5081.318
5082.702
5084.109
5085.478
5086.865
5088.245
5089.619
5091.011
5092.4
5093.779
5095.16
5096.532
5097.926
5099.295
5100.685
5102.067
5103.492
5104.834
5106.225
5107.608
5108.974
5110.383
5111.748
5113.114
5114.508
5115.9
5117.268
5118.669
5120.047
5121.413
5122.81
5124.193
5125.563
5126.956
5128.327
5129.705
5131.104
5132.471
5133.855
5135.246
5136.627
5138.052
5139.408
5140.768
5142.152
5143.532
5144.941
5146.295
5147.693
5149.06
5150.458
5151.84
5153.229
5154.588
5156.016
5157.362
5158.758
5160.132
5161.518
5162.891
5164.291
5165.666
5167.042
5168.425
5169.796
5171.186
5172.605
5173.956
5175.33
5176.724
5178.095
5179.496
5180.87
5182.254
5183.627
5185.016
5186.402
5187.783
5189.166
5190.55
5191.936
5193.321
5194.679
5196.063
5197.446
5198.848
5200.213
5201.617
5202.99
5204.38
5205.755
5207.208
5208.505
5209.899
5211.283
5212.661
5214.096
5215.432
5216.807
5218.185
5219.583
5220.944
5222.35
5223.738
5225.105
5226.485
5227.863
5229.258
5230.621
5232.02
5233.391
5234.776
5236.18
5237.55
5238.939
5240.311
5241.729
5243.063
5244.445
5245.84
5247.228
5248.61
5249.996
5251.37
5252.753
5254.131
5255.507
5256.915
5258.277
5259.671
5261.044
5262.422
5263.8
5265.209
5266.586
5267.95
5269.346
5270.711
5272.118
5273.493
5274.871
5276.334
5277.669
5279.024
5280.408
5281.787
5283.153
5284.544
5285.945
5287.322
5288.688
5290.073
5291.471
5292.833
5294.212
5295.623
5296.984
5298.363
5299.767
5301.156
5302.508
5303.917
5305.301
5306.672
5308.05
5309.422
5310.887
5312.281
5313.612
5314.962
5316.346
5317.728
5319.102
5320.496
5321.867
5323.248
5324.758
5326.031
5327.393
5328.8
5330.184
5331.555
5332.924
5334.324
5335.691
5337.091
5338.466
5339.833
5341.221
5342.621
5344.004
5345.385
5346.774
5348.13
5349.517
5350.919
5352.275
5353.683
5355.04
5356.428
5357.837
5359.191
5360.596
5361.981
5363.364
5364.74
5366.121
5367.495
5368.894
5370.276
5371.647
5373.039
5374.411
5375.795
5377.174
5378.547
5379.942
5381.327
5382.692
5384.106
5385.464
5386.86
5388.239
5389.605
5390.987
5392.393
5393.768
5395.162
5396.535
5397.93
5399.293
5400.671
5402.07
5403.449
5404.835
5406.198
5407.598
5408.967
5410.336
5411.748
5413.117
5414.553
5415.873
5417.253
5418.637
5420.033
5421.404
5422.795
5424.179
5425.576
5426.961
5428.327
5429.716
5431.074
5432.485
5433.861
5435.227
5436.603
5438.006
5439.392
5440.757
5442.148
5443.54
5444.908
5446.301
5447.693
5449.1
5450.453
5451.817
5453.218
5454.584
5455.976
5457.342
5458.738
5460.115
5461.513
5462.898
5464.282
5465.637
5467.039
5468.405
5469.785
5471.177
5472.558
5473.931
5475.331
5476.699
5478.095
5479.461
5480.863
5482.23
5483.688
5484.994
5486.392
5487.779
5489.146
5490.545
5491.929
5493.31
5494.67
5496.053
5497.46
5498.828
5500.226
5501.6
5502.97
5504.365
5505.733
5507.141
5508.517
5509.886
5511.288
5512.655
5514.048
5515.44
5516.805
5518.219
5519.565
5520.959
5522.321
5523.713
5525.084
5526.472
5527.86
5529.226
5530.628
5532.009
5533.389
5534.773
5536.16
5537.537
5538.923
5540.293
5541.687
5543.07
5544.446
5545.834
5547.219
5548.592
5549.887
5551.186
5552.738
5554.135
5555.519
5556.906
5558.267
5559.672
5561.031
5562.43
5563.814
5565.201
5566.586
5567.944
5569.376
5570.712
5572.099
5573.496
5574.874
5576.229
5577.629
5579
5580.407
5581.772
5583.173
5584.538
5585.939
5587.321
5588.677
5590.064
5591.441
5592.829
5594.212
5595.585
5596.996
5598.369
5599.735
5601.139
5602.506
5603.897
5605.265
5606.657
5608.03
5609.437
5610.862
5612.178
5613.594
5614.962
5616.321
5617.71
5619.113
5620.485
5621.883
5623.261
5624.647
5626.028
5627.414
5628.763
5630.147
5631.566
5632.921
5634.322
5635.693
5637.061
5638.447
5639.844
5641.221
5642.609
5643.992
5645.361
5646.765
5648.119
5649.518
5650.888
5652.272
5653.659
5655.032
5656.432
5657.815
5659.187
5660.582
5661.946
5663.33
5664.738
5666.111
5667.502
5668.853
5670.235
5671.645
5673.03
5674.389
5675.767
5677.167
5678.55
5679.929
5681.31
5682.738
5684.092
5685.447
5686.855
5688.224
5689.596
5691.04
5692.386
5693.746
5695.126
5696.517
5697.888
5699.277
5700.649
5702.05
5703.435
5704.825
5706.203
5707.581
5708.964
5710.337
5711.728
5713.127
5714.479
5715.865
5717.267
5718.651
5720.014
5721.386
5722.776
5724.164
5725.559
5726.931
5728.325
5729.686
5731.09
5732.457
5733.839
5735.255
5736.603
5737.985
5739.369
5740.751
5742.154
5743.527
5744.903
5746.304
5747.675
5749.052
5750.432
5751.8
5753.182
5754.566
5755.965
5757.365
5758.733
5760.152
5761.49
5762.889
5764.26
5765.644
5767.029
5768.402
5769.803
5771.154
5772.543
5773.933
5775.326
5776.709
5778.077
5779.461
5780.855
5782.228
5783.622
5785.005
5786.377
5787.748
5789.139
5790.532
5791.895
5793.296
5794.775
5796.103
5797.427
5798.81
5800.213
5801.586
5802.954
5804.347
5805.725
5807.113
5808.498
5809.863
5811.256
5812.63
5814.035
5815.397
5816.776
5818.185
5819.57
5820.945
5822.326
5823.696
5825.1
5826.462
5827.858
5829.242
5830.601
5832.005
5833.406
5834.766
5836.141
5837.538
5838.92
5840.286
5841.678
5843.072
5844.442
5845.816
5847.199
5848.59
5849.961
5851.347
5852.749
5854.126
5855.508
5856.877
5858.254
5859.64
5861.027
5862.394
5863.793
5865.17
5866.559
5867.931
5869.371
5870.708
5872.111
5873.46
5874.855
5876.538
5878.292
5879.597
5880.983
5882.393
5883.776
5885.147
5886.513
5887.905
5889.608
5891.274
5892.97
5894.66
5896.037
5897.423
5898.804
5900.268
5901.613
5902.946
5904.344
5905.728
5907.104
5908.475
5909.877
5911.244
5912.624
5914.02
5915.419
5916.817
5918.18
5919.555
5920.936
5922.35
5923.71
5925.123
5926.455
5927.842
5929.227
5930.607
5931.998
5933.376
5934.804
5936.129
5937.524
5938.923
5940.3
5941.673
5943.064
5944.432
5945.809
5947.183
5948.578
5949.966
5951.349
5952.722
5954.099
5955.505
5956.879
5958.243
5959.64
5961.023
5962.404
5963.776
5965.174
5966.553
5967.92
5969.326
5970.685
5972.084
5973.467
5974.848
5976.216
5977.606
5979.002
5980.38
5981.748
5983.139
5984.509
5985.904
5987.292
5988.686
5990.084
5991.46
5992.812
5994.194
5995.587
5997.005
5998.352
5999.726
6001.104
6002.502
6003.949
6005.327
6006.667
6008.035
6009.403
6010.805
6012.166
6013.553
6014.942
6016.334
6017.711
6019.078
6020.461
6021.862
6023.223
6024.6
6026.005
6027.401
6028.783
6030.134
6031.525
6032.92
6034.285
6035.662
6037.045
6038.471
6039.817
6041.219
6042.592
6043.976
6045.362
6046.733
6048.12
6049.507
6050.892
6052.262
6053.662
6055.029
6056.432
6057.795
6059.169
6060.545
6061.954
6063.322
6064.69
6066.098
6067.473
6068.857
6070.223
6071.615
6073.09
6074.449
6075.782
6077.137
6078.522
6079.902
6081.28
6082.68
6084.066
6085.444
6086.818
6088.217
6089.58
6090.967
6092.353
6093.728
6095.13
6096.515
6097.899
6099.26
6100.701
6102.053
6103.409
6104.782
6106.183
6107.624
6108.932
6110.33
6111.718
6113.095
6114.461
6115.857
6117.227
6118.633
6120.071
6121.413
6122.782
6124.154
6125.519
6126.916
6128.29
6129.669
6131.072
6132.436
6133.822
6135.216
6136.579
6137.961
6139.365
6140.753
6142.183
6143.524
6144.885
6146.26
6147.671
6149.038
6150.426
6151.797
6153.186
6154.553
6155.952
6157.329
6158.726
6160.081
6161.473
6162.869
6164.244
6165.63
6167.004
6168.386
6169.843
6171.162
6172.547
6173.932
6175.314
6176.736
6178.054
6179.454
6180.821
6182.211
6183.607
6184.98
6186.349
6187.75
6189.119
6190.506
6191.904
6193.282
6194.644
6196.03
6197.42
6198.806
6200.196
6201.572
6202.945
6204.331
6205.718
6207.084
6208.484
6209.871
6211.343
6212.687
6214.038
6215.413
6216.782
6218.222
6219.573
6220.908
6222.317
6223.681
6225.066
6226.45
6227.828
6229.214
6230.582
6231.995
6233.377
6234.756
6236.126
6237.524
6238.902
6240.26
6241.665
6243.029
6244.407
6245.865
6247.188
6248.566
6249.953
6251.348
6252.727
6254.112
6255.497
6256.866
6258.248
6259.661
6261.003
6262.398
6263.786
6265.146
6266.553
6267.927
6269.314
6270.68
6272.073
6273.465
6274.828
6276.21
6277.59
6279.01
6280.468
6281.888
6283.222
6284.586
6285.947
6287.319
6288.671
6290.039
6291.41
6292.811
6294.204
6295.597
6297.014
6298.387
6299.708
6301.113
6302.492
6303.861
6305.234
6306.632
6308.015
6309.409
6310.775
6312.151
6313.558
6315.017
6316.342
6317.677
6319.07
6320.442
6321.834
6323.224
6324.594
6326.059
6327.41
6328.76
6330.136
6331.512
6332.903
6334.275
6335.654
6337.03
6338.42
6339.844
6341.187
6342.569
6343.957
6345.356
6346.719
6348.097
6349.569
6350.928
6352.236
6353.63
6355.01
6356.453
6357.887
6359.223
6360.693
6362.054
6363.473
6364.832
6366.212
6367.544
6368.902
6370.235
6371.622
6373
6374.367
6375.764
6377.18
6378.529
6379.906
6381.296
6382.67
6384.145
6385.475
6386.817
6388.181
6389.58
6390.976
6392.337
6393.723
6395.149
6396.497
6397.882
6399.246
6400.644
6402.027
6403.393
6404.77
6406.18
6407.546
6408.942
6410.318
6411.695
6413.074
6414.449
6415.859
6417.219
6418.634
6420.006
6421.359
6422.744
6424.125
6425.507
6426.896
6428.298
6429.664
6431.064
6432.422
6433.806
6435.199
6436.572
6437.96
6439.333
6440.731
6442.108
6443.486
6444.869
6446.267
6447.653
6449.029
6450.417
6451.78
6453.198
6454.557
6455.945
6457.307
6458.695
6460.129
6461.459
6462.859
6464.217
6465.616
6467.014
6468.402
6469.76
6471.152
6472.519
6473.897
6475.278
6476.66
6478.057
6479.422
6480.809
6482.204
6483.577
6484.967
6486.357
6487.801
6489.158
6490.549
6491.879
6493.269
6494.65
6496.038
6497.402
6498.779
6500.188
6501.546
6502.933
6504.309
6505.706
6507.082
6508.454
6509.852
6511.234
6512.69
6514.052
6515.47
6516.844
6518.228
6519.603
6520.958
6522.584
6523.975
6525.398
6526.761
6528.224
6529.827
6531.312
6532.876
6534.28
6535.748
6537.133
6538.491
6539.953
6541.478
6542.892
6544.377
6545.943
6547.341
6548.834
6550.394
6551.774
6553.164
6554.538
6555.928
6557.298
6558.779
6560.116
6561.489
6562.83
6564.217
6565.612
6566.993
6568.358
6569.743
6571.184
6572.555
6573.935
6575.353
6576.977
6578.352
6579.809
6581.22
6582.59
6583.971
6585.341
6586.654
6588.04
6589.415
6590.794
6592.185
6593.639
6594.946
6596.339
6597.733
6599.101
6600.502
6601.892
6603.244
6604.644
6606.019
6607.403
6608.786
6610.164
6611.552
6612.911
6614.293
6615.682
6617.065
6618.446
6619.844
6621.215
6622.599
6623.964
6625.347
6626.748
6628.172
6629.529
6630.895
6632.28
6633.661
6635.029
6636.412
6637.815
6639.171
6640.577
6641.942
6643.324
6644.71
6646.087
6647.507
6648.882
6650.237
6651.636
6653.014
6654.403
6655.772
6657.144
6658.539
6659.912
6661.318
6662.763
6664.092
6665.478
6666.82
6668.232
6669.59
6670.969
6672.368
6673.761
6675.142
6676.516
6677.905
6679.273
6680.647
6682.058
6683.844
6685.734
6687.427
6689.414
6691.52
6693.403
6695.402
6697.088
6698.772
6700.458
6702.471
6704.253
6706.474
6708.518
6710.443
6712.157
6714.185
6716.242
6717.976
6719.841
6721.821
6723.555
6725.506
6727.344
6729.313
6731.221
6733.006
6734.359
6735.703
6737.031
6738.408
6739.78
6741.189
6742.569
6743.957
6745.407
6746.869
6748.213
6749.556
6750.926
6752.269
6753.628
6755.038
6756.41
6757.888
6759.25
6760.602
6762.213
6763.608
6764.981
6766.363
6767.804
6769.44
6771.263
6773.113
6774.814
6776.223
6777.613
6778.984
6780.359
6781.833
6783.253
6784.609
6785.959
6787.309
6788.701
6790.159
6791.53
6792.917
6794.302
6795.653
6797.043
6798.408
6799.739
6801.091
6802.474
6803.839
6805.224
6806.616
6807.979
6809.378
6810.875
6812.257
6813.686
6815.254
6816.9
6818.311
6819.762
6821.13
6822.726
6824.177
6825.821
6827.259
6828.59
6830.278
6831.719
6833.331
6834.715
6836.111
6837.495
6838.86
6840.251
6841.638
6843.013
6844.392
6845.768
6847.162
6848.556
6849.926
6851.318
6852.791
6854.211
6855.567
6856.906
6858.241
6859.604
6860.981
6862.369
6863.744
6865.128
6866.506
6867.901
6869.295
6870.68
6872.033
6873.434
6874.843
6876.191
6877.593
6878.963
6880.36
6881.733
6883.193
6884.532
6885.933
6887.393
6888.693
6890.033
6891.443
6892.803
6894.203
6895.603
6897.039
6898.346
6899.682
6901.083
6902.448
6903.854
6905.226
6906.594
6908.006
6909.398
6910.773
6912.123
6913.541
6914.907
6916.275
6917.671
6919.049
6920.454
6921.939
6923.306
6924.673
6926.035
6927.434
6928.784
6930.135
6931.488
6932.872
6934.265
6935.656
6937.02
6938.405
6939.78
6941.175
6942.55
6943.939
6945.325
6946.7
6948.069
6949.469
6950.852
6952.244
6953.617
6954.999
6956.45
6957.773
6959.164
6960.524
6961.906
6963.276
6964.675
6966.062
6967.448
6968.812
6970.191
6971.586
6972.98
6974.353
6975.731
6977.13
6978.502
6979.894
6981.323
6982.678
6984.07
6985.398
6986.789
6988.193
6989.573
6991.232
6992.622
6994.31
6996.009
6997.511
6999.073
7000.565
7002.144
7003.833
7005.268
7006.663
7008.053
7009.672
7011.142
7012.74
7014.241
7015.806
7017.524
7018.906
7020.264
7021.644
7023.044
7024.421
7025.801
7027.285
7028.872
7030.279
7031.654
7033.023
7034.399
7035.783
7037.165
7038.548
7039.932
7041.346
7042.716
7044.099
7045.468
7046.852
7048.29
7049.696
7051.059
7052.443
7053.845
7055.468
7056.831
7058.207
7059.59
7060.991
7062.383
7064.049
7065.434
7066.839
7068.204
7069.577
7070.971
7072.356
7073.718
7075.104
7076.504
7077.872
7079.267
7080.669
7082.018
7083.421
7084.782
7086.208
7087.549
7088.949
7090.304
7091.699
7093.101
7094.48
7095.846
7097.238
7098.682
7100.018
7101.371
7102.751
7104.154
7105.541
7106.917
7108.277
7109.662
7111.11
7112.452
7113.828
7115.208
7116.589
7117.963
7119.353
7120.736
7122.107
7123.498
7124.866
7126.269
7127.648
7129.027
7130.401
7131.801
7133.238
7134.574
7135.937
7137.342
7138.699
7140.098
7141.463
7142.863
7144.221
7145.633
7147.005
7148.366
7149.759
7151.243
7152.61
7153.95
7155.291
7156.681
7158.056
7159.441
7160.826
7162.223
7163.573
7164.973
7166.363
7167.791
7169.12
7170.511
7171.871
7173.268
7174.636
7176.036
7177.402
7178.782
7180.166
7181.555
7182.954
7184.31
7185.698
7187.089
7188.488
7189.869
7191.246
7192.612
7194.012
7195.383
7196.781
7198.15
7199.528
7200.9
7202.345
7203.721
7205.059
7206.446
7207.821
7209.208
7210.581
7211.963
7213.356
7214.742
7216.124
7217.52
7218.897
7220.281
7221.654
7223.025
7224.43
7225.813
7227.166
7228.555
7229.965
7231.32
7232.709
7234.082
7235.466
7236.869
7238.238
7239.636
7240.991
7242.378
7243.754
7245.199
7246.528
7247.93
7249.297
7250.671
7252.06
7253.441
7254.826
7256.216
7257.618
7259.027
7260.396
7261.798
7263.17
7264.62
7266.186
7267.729
7269.256
7270.658
7272.102
7273.419
7274.788
7276.167
7277.583
7278.954
7280.313
7281.704
7283.103
7284.46
7285.865
7287.234
7288.61
7290.021
7291.38
7292.759
7294.177
7295.553
7296.923
7298.32
7299.671
7301.074
7302.443
7303.851
7305.224
7306.7
7308.059
7309.38
7310.736
7312.118
7313.518
7314.92
7316.286
7317.947
7319.334
7320.739
7322.723
7324.722
7326.72
7328.714
7330.4
7332.2
7334.088
7336.12
7337.534
7338.847
7340.225
7341.608
7342.995
7344.377
7345.782
7347.158
7348.526
7349.897
7351.299
7352.69
7354.05
7355.544
7356.88
7358.195
7359.643
7361.268
7362.957
7364.66
7366.34
7368.026
7369.717
7371.406
7373.112
7374.808
7376.495
7378.163
7379.859
7381.537
7383.238
7385.012
7386.623
7388.327
7389.987
7391.678
7393.366
7395.084
7396.747
7398.444
7400.151
7401.815
7403.275
7404.641
7406.017
7407.353
7408.749
7410.14
7411.526
7412.896
7414.255
7415.656
7417.037
7418.407
7419.787
7421.195
7422.629
7424.034
7425.369
7426.838
7428.185
7429.547
7430.916
7432.269
7433.621
7435.006
7436.38
7437.781
7439.155
7440.549
7441.921
7443.318
7444.685
7446.052
7447.46
7448.826
7450.21
7451.645
7453.028
7454.354
7455.775
7457.241
7458.601
7459.939
7461.276
7462.672
7464.042
7465.415
7466.793
7468.178
7469.561
7471.05
7472.43
7473.801
7475.203
7476.578
7477.903
7479.251
7480.622
7482.01
7483.383
7484.776
7486.152
7487.54
7488.907
7490.298
7491.984
7493.377
7494.768
7496.128
7497.53
7498.899
7500.294
7501.687
7503.066
7504.439
7505.807
7507.193
7508.596
7509.983
7511.358
7512.74
7514.122
7515.493
7516.895
7518.27
7519.655
7521.023
7522.411
7523.793
7525.182
7526.671
7528.003
7529.34
7530.748
7532.125
7533.483
7534.851
7536.237
7537.606
7539.003
7540.369
7541.776
7543.141
7544.517
7545.919
7547.331
7548.695
7550.064
7551.432
7552.833
7554.223
7555.574
7556.987
7558.352
7559.722
7561.21
7562.559
7563.886
7565.281
7566.654
7568.013
7569.409
7570.813
7572.185
7573.59
7574.949
7576.31
7577.698
7579.072
7580.471
7581.849
7583.221
7584.617
7585.985
7587.381
7588.779
7590.152
7591.61
7592.977
7594.326
7595.787
7597.141
7598.484
7599.826
7601.208
7602.58
7603.975
7605.345
7606.753
7608.141
7609.508
7610.881
7612.257
7613.655
7615.02
7616.404
7617.808
7619.171
7620.58
7621.951
7623.323
7624.726
7626.09
7627.473
7628.839
7630.266
7631.632
7633.032
7634.397
7635.764
7637.137
7638.524
7639.915
7641.283
7642.687
7644.059
7645.434
7646.842
7648.218
7649.584
7650.992
7652.363
7653.757
7655.108
7656.511
7657.899
7659.254
7660.654
7662.039
7663.407
7664.836
7666.196
7667.584
7668.955
7670.354
7671.723
7673.095
7674.485
7675.853
7677.246
7678.615
7680.013
7681.389
7682.782
7684.164
7685.52
7686.93
7688.3
7689.681
7691.05
7692.437
7693.841
7695.209
7696.599
7697.983
7699.432
7700.739
7702.127
7703.495
7704.896
7706.273
7707.666
7709.037
7710.428
7711.795
7713.196
7714.571
7716.002
7717.335
7718.788
7720.134
7721.532
7722.885
7724.257
7725.637
7727.018
7728.469
7729.85
7731.219
7732.567
7734.015
7735.345
7736.68
7738.052
7739.463
7740.837
7742.205
7743.593
7744.992
7746.378
7747.76
7749.117
7750.524
7751.89
7753.289
7754.66
7756.057
7757.417
7758.812
7760.197
7761.574
7762.962
7764.33
7765.712
7767.099
7768.617
7769.932
7771.359
7772.737
7774.068
7775.468
7776.906
7778.272
7779.606
7781.03
7782.401
7783.765
7785.13
7786.47
7787.823
7789.251
7790.622
7791.981
7793.355
7794.761
7796.134
7797.518
7798.977
7800.323
7801.666
7803.118
7804.476
7805.842
7807.201
7808.564
7809.961
7811.356
7812.705
7814.088
7815.486
7816.861
7818.255
7819.653
7821.021
7822.41
7823.868
7825.191
7826.552
7827.942
7829.296
7830.68
7832.101
7833.446
7834.868
7836.256
7837.73
7839.085
7840.455
7841.845
7843.195
7844.562
7845.933
7847.282
7848.658
7850.06
7851.427
7852.796
7854.193
7855.564
7856.958
7858.34
7859.71
7861.093
7862.496
7863.855
7865.243
7866.639
7868.005
7869.403
7870.798
7872.276
7873.629
7875.035
7876.4
7877.758
7879.118
7880.465
7881.837
7883.241
7884.625
7885.982
7887.368
7888.755
7890.133
7891.55
7892.945
7894.313
7895.681
7897.045
7898.459
7899.81
7901.234
7902.567
7903.95
7905.374
7906.811
7908.178
7909.601
7910.946
7912.316
7913.719
7915.126
7916.489
7917.871
7919.222
7920.624
7921.994
7923.367
7924.684
7926.086
7927.475
7928.852
7930.217
7931.615
7933
7934.369
7935.772
7937.141
7938.515
7939.963
7941.603
7943.005
7944.351
7945.756
7947.128
7948.508
7949.877
7951.283
7952.675
7954.033
7955.435
7956.808
7958.191
7959.575
7960.996
7962.39
7963.779
7965.154
7966.51
7967.905
7969.553
7970.985
7972.357
7973.718
7975.103
7976.605
7977.972
7979.305
7980.654
7982.072
7983.433
7984.79
7986.165
7987.55
7988.922
7990.296
7991.696
7993.039
7994.462
7995.921
7997.264
7998.595
7999.963
8001.363
8002.741
8004.099
8005.506
8006.928
8008.268
8009.671
8011.344
8013.021
8014.424
8015.788
8017.173
8018.57
8019.969
8021.338
8022.69
8024.073
8025.479
8026.878
8028.219
8029.605
8030.99
8032.368
8033.768
8035.131
8036.522
8037.924
8039.308
8040.663
8042.052
8043.436
8044.809
8046.282
8047.897
8049.565
8051.307
8053.047
8055.026
8056.691
8058.325
8060.029
8061.811
8063.71
8065.406
8067.102
8068.924
8070.775
8072.469
8074.192
8075.883
8077.535
8079.236
8080.919
8082.601
8084.31
8086.089
8087.799
8089.67
8091.35
8092.743
8094.137
8095.509
8096.898
8098.331
8099.769
8101.156
8102.542
8103.919
8105.798
8107.622
8109.17
8110.551
8111.963
8113.357
8114.75
8116.147
8117.511
8118.883
8120.285
8121.677
8123.008
8124.403
8126.09
8127.461
8128.853
8130.226
8131.628
8132.982
8134.36
8135.744
8137.143
8138.535
8139.924
8141.299
8142.686
8144.103
8145.483
8146.862
8148.248
8149.609
8151.05
8152.466
8153.819
8155.208
8156.633
8157.994
8159.373
8160.933
8162.342
8163.755
8165.174
8166.565
8167.982
8169.553
8170.955
8172.341
8173.715
8175.124
8176.541
8177.909
8179.314
8180.729
8182.109
8183.487
8184.87
8186.275
8187.838
8189.229
8190.609
8191.977
8193.344
8194.743
8196.257
8197.62
8199.204
8200.588
8201.949
8203.33
8204.733
8206.104
8207.478
8208.884
8210.258
8211.702
8213.101
8214.518
8215.914
8217.287
8218.638
8220.026
8221.402
8222.788
8224.151
8225.54
8226.959
8228.351
8229.719
8231.303
8232.705
8234.086
8235.469
8236.855
8238.227
8239.609
8240.985
8242.419
8243.79
8245.186
8246.541
8247.91
8249.316
8250.701
8252.124
8253.496
8254.907
8256.28
8257.672
8259.059
8260.435
8261.816
8263.205
8264.591
8266.171
8267.56
8268.954
8270.319
8271.751
8273.137
8274.49
8275.853
8277.228
8278.609
8279.992
8281.361
8282.778
8284.154
8285.533
8286.947
8288.354
8289.751
8291.143
8292.481
8293.816
8295.208
8296.58
8297.993
8299.356
8300.871
8302.274
8303.802
8305.224
8306.571
8307.972
8309.346
8310.753
8312.189
8313.576
8314.992
8316.366
8317.764
8319.313
8320.711
8322.069
8323.484
8324.853
8326.222
8327.628
8329.023
8330.432
8331.815
8333.18
8334.526
8336.027
8337.411
8338.966
8340.395
8341.793
8343.193
8344.57
8345.955
8347.308
8348.708
8350.11
8351.505
8352.918
8354.483
8355.863
8357.259
8358.672
8360.022
8361.445
8362.838
8364.255
8365.622
8366.978
8368.387
8369.822
8371.381
8372.78
8374.179
8375.553
8376.948
8378.33
8379.701
8381.13
8382.47
8383.847
8385.249
8386.638
8388.039
8389.428
8390.83
8392.197
8393.626
8395.007
8396.368
8397.73
8399.135
8400.537
8401.935
8403.312
8404.875
8406.343
8407.707
8409.117
8410.498
8411.886
8413.298
8414.848
8416.243
8417.608
8419.016
8420.409
8421.817
8423.21
8424.573
8425.966
8427.389
8428.779
8430.155
8431.541
8432.888
8434.289
8435.649
8437.037
8438.432
8439.805
8441.431
8442.833
8444.19
8445.586
8446.986
8448.375
8449.784
8451.183
8452.589
8454.188
8455.558
8457.019
8458.428
8460.017
8461.389
8462.782
8464.221
8465.606
8466.961
8468.351
8469.735
8471.177
8472.566
8473.97
8475.351
8476.902
8478.307
8479.683
8481.094
8482.506
8483.921
8485.499
8486.906
8488.384
8489.781
8491.134
8492.543
8494.113
8495.494
8496.889
8498.286
8499.681
8501.044
8502.446
8502.446
8503.835
8505.211
8506.583
8507.975
8509.389
8510.794
8512.196
8513.576
8514.924
8516.265
8517.649
8519.038
8520.414
8521.805
8523.176
8524.554
8525.944
8527.439
8528.829
8530.191
8531.544
8532.896
8534.237
8535.627
8537.007
8538.384
8539.772
8541.195
8542.57
8543.932
8545.31
8546.7
8548.098
8549.516
8550.922
8552.266
8553.689
8555.079
8556.429
8557.783
8559.116
8560.525
8562.035
8563.384
8564.74
8566.115
8567.445
8568.847
8570.291
8571.674
8573.04
8574.392
8575.778
8577.214
8578.626
8579.986
8581.35
8582.689
8584.058
8585.413
8586.782
8588.175
8589.549
8590.92
8592.297
8593.698
8595.058
8596.744
8598.17
8599.558
8600.983
8602.602
8604.071
8605.667
8607.103
8608.726
8610.417
8612.109
8613.8
8615.511
8617.19
8618.872
8620.559
8622.284
8623.935
8625.325
8626.746
8628.157
8629.572
8631.004
8632.38
8633.735
8635.322
8636.705
8638.081
8639.464
8640.857
8642.212
8643.596
8644.98
8646.389
8647.76
8649.129
8650.532
8651.906
8653.29
8654.658
8656.068
8657.452
8658.859
8660.207
8661.653
8663.278
8664.798
8666.344
8667.766
8669.21
8670.886
8672.472
8673.88
8675.257
8676.724
8678.172
8679.701
8681.126
8682.474
8683.865
8685.22
8686.61
8688.004
8689.374
8690.773
8692.159
8693.521
8694.908
8696.282
8697.695
8699.055
8700.442
8701.819
8703.212
8704.602
8706.058
8707.405
8708.773
8710.144
8711.509
8712.89
8714.268
8715.642
8717.02
8718.427
8719.788
8721.173
8722.553
8723.942
8725.323
8726.709
8728.098
8729.462
8730.853
8732.265
8733.61
8735.012
8736.38
8737.768
8739.137
8740.61
8741.976
8743.408
8744.999
8746.418
8747.884
8749.455
8750.886
8752.345
8753.911
8755.353
8756.985
8758.434
8759.896
8761.414
8762.848
8764.291
8765.887
8767.582
8769.07
8770.655
8772.135
8773.706
8775.144
8776.782
8778.474
8779.985
8781.531
8783.046
8784.63
8786.124
8787.686
8789.37
8790.867
8792.461
8794.154
8795.621
8797.205
8798.662
8800.299
8801.715
8803.371
8804.836
8806.427
8807.869
8809.35
8810.873
8812.341
8813.953
8815.394
8817.039
8818.533
8820.099
8821.575
8823.183
8824.631
8826.23
8827.705
8829.303
8830.764
8832.388
8833.831
8835.276
8836.829
8838.337
8839.905
8841.37
8842.994
8844.399
8845.88
8847.439
8848.929
8850.505
8851.976
8853.606
8855.324
8856.952
8858.397
8859.87
8861.425
8862.892
8864.506
8865.935
8867.406
8868.942
8870.418
8872.03
8873.474
8875.089
8876.563
8878.167
8879.6
8881.225
8882.66
8884.155
8885.684
8887.135
8888.751
8890.245
8891.846
8893.527
8894.963
8896.444
8897.97
8899.428
8901.04
8902.506
8904.127
8905.908
8907.81
8909.805
8911.504
8912.97
8914.571
8916.101
8917.654
8919.146
8920.708
8922.212
8923.792
8925.242
8926.843
8928.301
8929.741
8931.311
8932.992
8934.676
8936.497
8938.063
8939.551
8941.149
8942.627
8944.21
8945.947
8947.577
8949.072
8950.651
8952.119
8953.743
8955.198
8956.809
8958.267
8959.89
8961.33
8962.802
8964.319
8965.819
8967.415
8969.088
8970.553
8972.174
8973.681
8975.349
8976.937
8978.395
8980.001
8981.479
8983.087
8984.523
8986.139
8987.611
8989.207
8990.633
8992.147
8993.668
8995.132
8996.74
8998.177
8999.808
9001.273
9002.882
9004.361
9005.95
9007.472
9009.037
9010.733
9012.224
9013.795
9015.261
9016.882
9018.327
9019.94
9021.643
9023.161
9024.712
9026.167
9027.763
9029.2
9030.69
9032.223
9033.678
9035.339
9037.005
9038.492
9040.069
9041.574
9043.147
9044.856
9046.358
9047.901
9049.598
9051.057
9052.647
9054.14
9055.726
9057.188
9058.801
9060.244
9061.883
9063.355
9064.956
9066.439
9068.032
9069.707
9071.145
9072.765
9074.239
9075.865
9077.325
9078.909
9080.35
9081.987
9083.468
9085.078
9086.58
9088.446
9089.965
9091.526
9093
9094.582
9096.285
9097.746
9099.402
9101.095
9102.718
9104.198
9105.635
9107.184
9108.641
9110.246
9111.701
9113.322
9114.775
9116.395
9117.821
9119.297
9120.859
9122.345
9123.935
9125.396
9126.996
9128.536
9130.06
9131.528
9132.986
9134.54
9135.988
9137.593
9139.035
9140.682
9142.136
9143.747
9145.194
9146.671
9148.193
9149.63
9151.258
9152.772
9154.334
9156.136
9157.709
9159.187
9160.806
9162.245
9163.86
9165.56
9167.041
9168.633
9170.104
9171.701
9173.17
9174.762
9176.178
9177.594
9179.02
9180.624
9182.043
9183.503
9185.074
9186.566
9188.144
9189.622
9191.209
9192.65
9194.106
9195.655
9197.101
9199.05
9200.76
9202.436
9204.117
9205.641
9207.186
9208.675
9210.259
9211.694
9213.161
9214.722
9216.394
9217.929
9219.463
9220.914
9222.533
9223.968
9225.442
9226.988
9228.441
9229.905
9231.442
9232.861
9234.518
9235.966
9237.395
9238.97
9240.404
9242.051
9243.491
9244.901
9246.26
9247.642
9248.988
9250.377
9251.801
9253.153
9254.529
9255.921
9257.336
9258.758
9260.322
9261.706
9263.159
9264.617
9266.171
9267.618
9269.057
9270.637
9272.076
9273.529
9275.07
9276.776
9278.461
9279.953
9281.513
9282.93
9284.405
9285.996
9287.43
9288.863
9290.285
9291.814
9293.202
9294.629
9296.091
9297.661
9299.075
9300.529
9302.116
9303.553
9305.013
9306.565
9308.019
9309.624
9311.028
9312.436
9313.906
9315.486
9317.011
9318.557
9319.986
9321.428
9322.988
9324.409
9325.842
9327.288
9328.825
9330.256
9331.738
9333.293
9334.709
9336.193
9337.757
9339.206
9340.663
9342.187
9343.64
9345.061
9346.646
9348.073
9349.514
9350.927
9352.535
9354.007
9355.56
9356.951
9358.382
9359.838
9361.395
9362.816
9364.22
9365.657
9367.244
9368.933
9370.378
9371.997
9373.444
9374.917
9376.468
9377.938
9379.542
9380.996
9382.602
9384.06
9385.676
9387.13
9388.738
9390.252
9391.806
9393.185
9394.625
9396.068
9397.669
9399.156
9400.735
9402.22
9403.808
9405.242
9406.694
9408.247
9409.687
9411.137
9412.709
9414.135
9415.555
9416.988
9418.536
9420.001
9421.445
9422.991
9424.434
9425.908
9427.53
9429.138
9430.589
9432.064
9433.59
9435.03
9436.498
9438.054
9439.508
9441.129
9442.532
9443.954
9445.414
9447.014
9448.475
9450.084
9451.716
9453.423
9454.794
9456.182
9457.606
9459.06
9460.465
9461.855
9463.223
9464.77
9466.21
9467.618
9468.99
9470.382
9471.728
9473.136
9474.524
9475.914
9477.277
9478.907
9480.293
9481.678
9483.045
9484.436
9485.83
9487.284
9488.882
9490.287
9491.693
9493.062
9494.464
9495.852
9497.28
9499.182
9500.872
9502.298
9503.664
9505.021
9506.483
9508.085
9509.798
9511.152
9512.558
9513.942
9515.305
9516.692
9518.122
9519.488
9520.875
9522.216
9523.614
9524.995
9526.382
9527.749
9529.122
9530.517
9531.917
9533.294
9534.671
9536.147
9537.489
9538.864
9540.248
9541.638
9542.993
9544.358
9545.722
9547.112
9548.494
9549.875
9551.285
9552.637
9554.02
9555.413
9556.812
9558.192
9559.541
9560.947
9562.303
9563.696
9565.07
9566.465
9567.835
9569.218
9570.688
9572.052
9573.397
9574.759
9576.136
9577.526
9578.908
9580.294
9581.668
9583.037
9584.423
9585.814
9587.208
9588.568
9589.972
9591.346
9592.734
9594.109
9595.479
9596.863
9598.253
9599.651
9601.037
9602.415
9603.804
9605.26
9606.665
9608.025
9609.376
9610.745
9612.111
9613.499
9614.87
9616.255
9617.612
9619.083
9620.411
9621.782
9623.177
9624.579
9625.948
9627.357
9628.771
9630.127
9631.497
9632.877
9634.262
9635.666
9637.022
9638.431
9639.865
9641.422
9642.798
9644.192
9645.575
9646.962
9648.363
9649.739
9651.114
9652.497
9653.906
9655.28
9656.674
9658.027
9659.4
9660.79
9662.161
9663.534
9664.923
9666.342
9667.793
9669.191
9670.588
9671.961
9673.361
9674.911
9676.299
9677.669
9679.042
9680.452
9681.821
9683.211
9684.619
9685.955
9687.344
9688.767
9690.269
9691.805
9693.246
9694.692
9696.253
9697.734
9699.777
9701.978
9703.991
9705.922
9707.941
9710.223
9712.246
9714.216
9716.545
9718.536
9720.324
9721.958
9723.336
9724.713
9726.149
9727.754
9729.182
9730.603
9732.021
9733.57
9735.024
9736.486
9738.043
9739.721
9741.168
9742.603
9744.196
9745.613
9747.051
9748.623
9750.046
9751.474
9752.903
9754.475
9755.92
9757.348
9758.933
9760.394
9761.814
9763.375
9764.803
9766.241
9767.853
9769.288
9770.687
9772.291
9773.731
9775.185
9776.754
9778.181
9779.617
9781.055
9782.57
9784.007
9785.439
9787.032
9788.523
9789.952
9791.497
9792.977
9794.554
9796
9797.426
9799.012
9800.47
9802.104
9803.541
9805.015
9806.545
9808.014
9809.603
9811.091
9812.702
9814.125
9815.575
9817.133
9818.562
9820.216
9821.64
9823.046
9824.473
9826.052
9827.459
9829.125
9830.553
9831.976
9833.365
9834.978
9836.408
9837.848
9839.432
9840.91
9842.504
9843.95
9845.38
9846.953
9848.351
9849.777
9851.396
9852.879
9854.478
9855.925
9857.362
9858.922
9860.406
9862.007
9863.434
9865.083
9866.766
9868.204
9869.632
9871.209
9872.63
9874.06
9875.476
9877.051
9878.489
9879.938
9881.506
9882.924
9884.352
9885.783
9887.357
9888.796
9890.41
9891.855
9893.263
9894.662
9896.239
9897.656
9899.059
9900.495
9902.099
9903.616
9905.17
9906.836
9908.289
9909.755
9911.297
9912.748
9914.176
9915.76
9917.196
9918.645
9920.201
9921.637
9923.126
9924.671
9926.098
9927.54
9928.961
9930.498
9932.005
9933.568
9935.013
9936.486
9938.018
9939.471
9941.116
9942.552
9944.008
9945.567
9946.997
9948.439
9949.868
9951.386
9952.791
9954.216
9955.671
9957.232
9958.641
9960.098
9961.511
9963.07
9964.759
9966.211
9967.668
9969.21
9970.722
9972.296
9973.736
9975.355
9976.753
9978.417
9979.857
9981.337
9982.885
9984.31
9985.77
9987.342
9988.766
9990.186
9991.599
9993.161
9994.601
9996.049
9997.43
9999.024
10000.443
10002.099
10003.55
10004.961
10006.547
10008.054
10009.614
10011.033
10012.465
10014.079
10015.746
10017.456
10018.882
10020.311
10021.892
10023.348
10024.779
10026.362
10027.819
10029.412
10030.827
10032.303
10033.891
10035.381
10036.953
10038.41
10039.875
10041.391
10042.848
10044.294
10045.869
10047.323
10048.933
10050.374
10051.831
10053.382
10054.798
10056.272
10057.842
10059.338
10060.764
10062.289
10063.703
10065.133
10066.541
10067.971
10069.503
10070.964
10072.406
10073.978
10075.431
10077.047
10078.488
10079.897
10081.292
10082.87
10084.351
10085.779
10087.33
10088.722
10090.397
10091.818
10093.241
10094.709
10096.254
10097.72
10099.133
10100.696
10102.175
10103.769
10105.232
10106.666
10108.221
10109.638
10111.062
10112.513
10114.071
10115.505
10116.974
10118.527
10119.974
10121.387
10122.981
10124.383
10125.818
10127.433
10128.904
10130.31
10131.728
10133.263
10134.742
10136.333
10137.737
10139.136
10140.549
10141.962
10143.566
10144.979
10146.391
10147.831
10149.396
10150.912
10152.479
10153.91
10155.324
10156.904
10158.317
10159.778
10161.195
10162.594
10164.149
10165.813
10167.219
10168.651
10170.104
10171.665
10173.129
10174.55
10176.117
10177.603
10179.193
10180.642
10182.274
10183.709
10185.333
10186.793
10188.24
10189.785
10191.22
10192.666
10194.233
10195.691
10197.124
10198.685
10200.136
10201.757
10203.226
10204.851
10206.307
10207.752
10209.296
10210.728
10212.148
10213.739
10215.147
10216.554
10217.952
10219.411
10220.976
10222.473
10223.885
10225.41
10226.868
10228.299
10229.724
10231.251
10232.691
10234.152
10235.725
10237.155
10238.774
10240.254
10241.672
10243.257
10244.709
10246.31
10247.707
10249.18
10250.599
10252.161
10253.6
10255.014
10256.429
10257.998
10259.461
10260.897
10262.429
10263.909
10265.358
10266.904
10268.341
10269.754
10271.141
10272.734
10274.175
10275.819
10277.293
10278.881
10280.333
10281.757
10283.331
10284.767
10286.4
10287.861
10289.282
10290.86
10292.32
10293.732
10295.329
10296.777
10298.207
10299.773
10301.178
10302.657
10304.232
10305.637
10307.094
10308.681
10310.104
10311.558
10313.135
10314.587
10315.995
10317.578
10319.04
10320.487
10322.052
10323.504
10325.127
10326.613
10328.199
10329.871
10331.351
10332.951
10334.405
10335.867
10337.407
10338.871
10340.483
10341.912
10343.353
10344.942
10346.393
10348.003
10349.437
10351.061
10352.477
10353.925
10355.512
10356.964
10358.391
10359.981
10361.461
10362.883
10364.438
10365.86
10367.299
10368.901
10370.349
10371.797
10373.337
10374.764
10376.208
10377.802
10379.247
10380.684
10382.254
10383.69
10385.131
10386.7
10388.253
10389.774
10391.208
10392.646
10394.227
10395.651
10397.088
10398.678
10400.104
10401.578
10403.147
10404.594
10406.211
10407.62
10409.082
10410.665
10412.1
10413.524
10415.121
10416.561
10417.986
10419.401
10420.96
10422.446
10424.044
10425.733
10427.187
10428.801
10430.22
10431.676
10433.239
10434.664
10436.107
10437.527
10439.085
10440.521
10441.963
10443.388
10444.913
10446.384
10447.845
10449.379
10450.823
10452.275
10453.845
10455.284
10456.709
10458.275
10459.707
10461.165
10462.75
10464.191
10465.632
10467.196
10468.625
10470.046
10471.656
10473.112
10474.729
10476.187
10477.62
10479.175
10480.6
10482.053
10483.619
10485.13
10486.709
10488.206
10489.762
10491.2
10492.633
10494.242
10495.643
10497.128
10498.677
10500.227
10501.763
10503.206
10504.629
10506.226
10507.654
10509.109
10510.682
10512.106
10513.531
10514.942
10516.489
10517.915
10519.374
10520.808
10522.351
10523.787
10525.201
10526.617
10528.183
10529.603
10531.073
10532.617
10534.084
10535.521
10537.078
10538.556
10540.15
10541.642
10543.231
10544.932
10546.381
10547.828
10549.362
10550.825
10552.441
10553.901
10555.35
10556.91
10558.355
10559.97
10561.462
10563.056
10564.483
10565.899
10567.486
10568.918
10570.367
10571.957
10573.398
10575.013
10576.459
10577.949
10579.483
10580.962
10582.416
10583.943
10585.391
10586.841
10588.508
10590.091
10591.762
10593.205
10594.633
10596.061
10597.592
10599.035
10600.486
10602.077
10603.514
10604.933
10606.519
10608.007
10609.578
10611.002
10612.664
10614.114
10615.562
10617.109
10618.562
10620.018
10621.558
10622.972
10624.464
10626.026
10627.515
10629.096
10630.523
10631.981
10633.538
10634.967
10636.412
10638.007
10639.462
10640.903
10642.458
10643.934
10645.527
10646.947
10648.395
10649.981
10651.414
10652.859
10654.455
10655.891
10657.3
10658.905
10660.377
10661.954
10663.452
10664.876
10666.416
10667.857
10669.283
10670.697
10672.283
10673.733
10675.333
10676.772
10678.216
10679.773
10681.225
10682.849
10684.265
10685.707
10687.299
10688.772
10690.399
10691.844
10693.448
10694.883
10696.318
10697.758
10699.288
10700.759
10702.185
10703.738
10705.191
10706.832
10708.271
10709.73
10711.267
10712.681
10714.343
10715.832
10717.203
10718.789
10720.269
10721.859
10723.567
10725.575
10726.995
10728.383
10729.843
10731.398
10732.784
10734.28
10735.868
10737.241
10738.662
10740.042
10741.478
10742.904
10744.463
10745.888
10747.338
10748.935
10750.339
10751.769
10753.21
10754.748
10756.18
10757.59
10758.998
10760.585
10762.09
10763.663
10765.098
10766.535
10767.937
10769.342
10770.872
10772.316
10773.746
10775.313
10776.75
10778.171
10779.619
10781.176
10782.576
10784.016
10785.618
10787.04
10788.49
10789.877
10791.284
10792.853
10794.256
10795.657
10797.056
10798.673
10800.088
10801.527
10802.949
10804.517
10805.936
10807.385
10808.804
10810.362
10811.77
10813.207
10814.646
10816.189
10817.552
10819.023
10820.433
10822.012
10823.472
10824.902
10826.306
10827.89
10829.296
10830.723
10832.303
10833.706
10835.375
10836.778
10838.182
10839.619
10841.037
10842.596
10844.069
10845.502
10847.078
10848.486
10849.924
10851.355
10852.891
10854.313
10855.769
10857.186
10858.723
10860.131
10861.543
10862.975
10864.431
10865.94
10867.378
10868.812
10870.228
10871.778
10873.213
10874.665
10876.062
10877.613
10879.057
10880.476
10881.896
10883.465
10884.892
10886.316
10887.748
10889.307
10890.71
10892.128
10893.579
10895.131
10896.543
10897.959
10899.357
10900.81
10902.351
10903.82
10905.284
10906.804
10908.307
10909.714
10911.264
10912.663
10914.081
10915.495
10916.914
10918.497
10919.911
10921.346
10922.772
10924.31
10925.73
10927.225
10928.793
10930.192
10931.611
10933.041
10934.608
10936.028
10937.459
10938.889
10940.462
10941.856
10943.255
10944.744
10946.307
10947.721
10949.144
10950.74
10952.137
10953.57
10955.029
10956.575
10958.017
10959.403
10960.798
10962.24
10963.809
10965.267
10966.7
10968.28
10969.932
10971.644
10973.092
10974.553
10976.104
10977.53
10979.17
10980.573
10982.242
10983.674
10985.107
10986.673
10988.084
10989.488
10990.906
10992.341
10993.764
10995.277
10996.756
10998.198
10999.755
11001.16
11002.583
11004.001
11005.411
11006.971
11008.427
11009.833
11011.419
11012.87
11014.311
11015.681
11017.251
11018.933
11020.362
11021.822
11023.382
11024.826
11026.281
11027.836
11029.26
11030.698
11032.319
11033.739
11035.162
11036.596
11038.157
11039.605
11041.219
11042.621
11044.039
11045.408
11046.829
11048.229
11049.64
11051.21
11052.615
11054.033
11055.649
11057.064
11058.505
11059.934
11061.492
11062.939
11064.346
11065.807
11067.328
11068.734
11070.152
11071.593
11073.178
11074.613
11076.027
11077.408
11078.825
11080.393
11082.08
11083.558
11084.981
11086.549
11088.028
11089.603
11091.02
11092.679
11094.104
11095.515
11096.955
11098.519
11099.972
11101.416
11102.981
11104.401
11105.867
11107.427
11108.831
11110.259
11111.682
11113.249
11114.662
11116.131
11117.529
11119.079
11120.506
11121.927
11123.363
11124.948
11126.363
11127.777
11129.395
11130.831
11132.232
11133.831
11135.276
11136.689
11138.1
11139.532
11141.075
11142.474
11143.921
11145.354
11146.888
11148.3
11149.725
11151.127
11152.557
11154.12
11155.524
11156.972
11158.359
11159.949
11161.386
11162.789
11164.408
11165.931
11167.482
11168.902
11170.354
11171.923
11173.365
11174.795
11176.227
11177.785
11179.231
11180.674
11182.221
11183.633
11185.077
11186.522
11188.073
11189.504
11190.922
11192.532
11193.937
11195.354
11196.805
11198.342
11199.812
11201.218
11202.803
11204.25
11205.66
11207.258
11208.661
11210.128
11211.553
11213.092
11214.519
11215.992
11217.567
11218.99
11220.448
11221.877
11223.397
11224.797
11226.211
11227.652
11229.078
11230.603
11232.036
11233.47
11234.917
11236.441
11237.88
11239.521
11240.957
11242.424
11243.983
11245.453
11246.877
11248.415
11249.854
11251.318
11252.887
11254.282
11255.737
11257.142
11258.707
11260.154
11261.575
11262.995
11264.567
11266
11267.441
11269.007
11270.447
11271.866
11273.287
11274.836
11276.532
11277.964
11279.411
11280.832
11282.378
11283.81
11285.231
11286.834
11288.251
11289.694
11291.289
11292.68
11294.113
11295.738
11297.156
11298.607
11300.037
11301.565
11303.011
11304.428
11305.856
11307.409
11308.851
11310.274
11311.693
11313.266
11314.76
11316.315
11317.764
11319.238
11320.78
11322.184
11323.602
11325.073
11326.624
11328.134
11329.674
11331.105
11332.544
11333.978
11335.509
11336.929
11338.363
11339.801
11341.376
11342.812
11344.422
11345.923
11347.528
11348.945
11350.578
11352.048
11353.658
11355.135
11356.536
11358.112
11359.566
11361.035
11362.57
11364.025
11365.62
11367.063
11367.629