0.13345
-0.10092
-0.01373
0.00596
-4.50449E-4
-0.04681
-0.00701
-0.03283
-0.0284
-0.03543
-0.03743
0
-0.01155
-0.02674
-0.04123
-0.03229
-0.04168
-0.06315
-0.0622
-0.07708
-0.05923
-0.05976
-0.032
-0.02589
-0.05323
-0.04584
-0.03565
-0.02098
-0.03952
-0.03688
-0.03139
-0.03113
-0.03925
-0.02822
-0.00138
0.01673
0.00851
0.02596
0.04432
0.0245
0.03789
0.03879
0.04159
0.03496
0.01749
0.02075
-0.00923
0.00932
-0.01754
-0.00669
0.01151
0.00361
0.00591
-0.00293
0.00122
-0.00992
-6.79105E-4
-0.00534
-0.02327
-0.03433
0.00604
-9.96401E-4
-4.42197E-4
0.00851
-6.71167E-4
0.01955
0.00942
0.02733
0.03351
0.05362
0.0591
0.03959
0.0648
0.0514
0.05047
0.0334
0.02286
0.01004
0.0265
0.01488
0.00644
-0.00809
0.00424
-0.00447
-0.00518
-0.00588
-0.01638
-0.01762
-0.00206
-0.01136
-0.01921
-0.02548
-0.03346
-0.04382
-0.01464
-0.00596
0.00921
0.03801
0.02965
0.0144
0.01874
0.03618
0.0421
0.01761
0.00131
0.00777
-0.00655
-0.00326
0.01126
5.16017E-4
-0.0085
0.00126
-0.01702
-0.01837
-0.02647
-0.05163
-0.0543
-0.06663
-0.07089
-0.05332
-0.0642
-0.05694
-0.05618
-0.06004
-0.0446
-0.01619
-0.02891
-0.00605
-0.01534
-0.01894
-0.02652
-0.01186
-0.02208
0.02988
0.05432
0.05337
0.07662
0.0549
0.06042
0.02958
0.0138
0.02555
0.01904
0.01372
0.0117
0.01525
0.00147
0.00409
0.00261
0.0125
0.00917
0.00928
0.01031
0.02318
-0.00193
-0.03072
-0.04564
-0.0571
-0.03908
-0.06524
-0.05013
-0.05895
-0.06567
-0.07833
-0.07711
-0.08142
-0.08265
-0.07885
-0.06751
-0.06066
-0.06598
-0.05623
-0.03973
-0.04096
-0.03546
-0.04872
-0.03009
0.00598
0.00714
0.0038
0.03841
0.03229
0.05594
0.07825
0.09567
0.07817
0.08977
0.09634
0.09842
0.09428
0.09265
0.08745
0.08568
0.07453
0.06906
0.03594
0.0724
0.05514
0.0502
0.04975
0.04414
0.02782
0.03624
0.02878
-0.00579
-0.02397
-0.02547
-0.03438
-0.04395
-0.06067
-0.0672
-0.07505
-0.09256
-0.1012
-0.09887
-0.10526
-0.093
-0.13973
-0.14705
-0.15476
-0.1409
-0.12586
-0.10009
-0.11665
-0.10954
-0.09741
-0.10365
-0.0882
-0.07183
-0.07954
-0.07018
-0.07154
-0.05623
-0.0183
-0.00774
-0.00156
-0.00318
0.00579
0.02679
0.03747
0.03916
0.01333
0.02799
0.0101
0.02488
0.02074
0.01555
0.06261
0.0434
0.02312
0.02507
0.0273
0.02886
0.00423
-0.01062
-0.0051
-0.0034
0.01918
0.03145
0.05074
0.06751
0.08215
0.11561
0.10673
0.08941
0.08764
0.07399
0.08678
0.07855
0.10117
0.10059
0.10467
0.11402
0.10211
0.10421
0.10747
0.1076
0.07835
0.0632
0.03847
0.01751
0.00955
-0.00175
-0.03352
-0.04549
-0.02463
-0.03169
-0.01138
-0.01913
-0.03536
-0.05052
-0.05004
-0.05456
-0.06431
-0.05017
-0.0244
-0.02179
-0.02566
-0.01719
-0.0278
-0.02757
-0.01205
-0.01657
-0.04503
-0.06635
-0.07909
-0.08534
-0.03782
0.02014
0.05516
0.08977
0.09664
0.10288
0.09865
0.13429
0.16424
0.22222
0.23146
0.2456
0.32758
0.40534
0.52555
0.62301
0.69015
0.80027
0.88262
0.99669
1.01342
1.02154
1.04053
1.0476
1.05773
1.12883
1.18433
1.20251
1.29439
1.34313
1.29291
1.29988
1.3248
1.32793
1.34028
1.32568
1.31635
1.29382
1.2689
1.23854
1.26574
1.33868
1.32342
1.24941
1.20355
1.17781
1.24984
1.24845
1.26371
1.13429
1.06173
1.09778
1.1464
1.16089
1.1464
1.12942
1.06705
1.12838
1.1746
1.16727
1.17341
1.0891
1.05186
1.08594
1.1397
1.16993
1.17145
1.04495
1.06476
1.06852
1.1112
1.13087
1.08176
1.03357
1.01369
1.08694
1.1037
1.10674
0.98065
0.92439
1.00151
1.04053
1.03868
1.04782
1.01066
0.97545
1.04
1.07096
1.08314
1.01
1.02654
1.03078
1.06821
1.09954
1.0794
1.11838
1.08505
1.09568
1.11912
1.14505
1.14187
1.14211
1.14488
1.15438
1.14693
1.167
1.17424
1.16282
1.16159
1.181
1.27792
1.24877
1.23176
1.18515
1.21235
1.26784
1.22256
1.18231
1.15474
1.18735
1.20489
1.26368
1.17237
1.19746
1.23181
1.24103
1.23
1.22877
1.19445
1.18871
1.15295
1.06915
1.10469
1.13916
1.17613
1.13427
1.10299
1.15132
1.18695
1.1947
1.15958
1.12684
1.099
1.20132
1.16527
1.11281
1.04742
1.0541
1.05205
1.0586
1.05296
1.03703
1.0367
1.01135
1.01169
0.98345
1.00072
0.98941
0.95558
0.97168
0.97292
0.96369
0.98822
1.053
0.93916
0.90931
0.92513
1.03869
1.06082
1.06493
1.00558
0.97523
1.05293
1.09662
1.09358
1.05072
1.14561
1.16299
1.16862
1.13663
1.08443
1.13376
1.19077
1.17635
1.11792
1.12142
1.18893
1.27041
1.21688
1.19206
1.16925
1.18491
1.22069
1.23
1.20873
1.19795
1.20768
1.18168
1.19024
1.19272
1.19356
1.19083
1.12077
1.13787
1.15578
1.1381
1.14464
1.10345
1.02573
1.07368
1.10469
1.13544
1.12031
1.09444
1.07878
1.11208
1.14401
1.13153
1.03688
0.99423
1.02675
1.07481
1.06221
1.03294
0.94215
1.02157
1.04587
1.06157
1.03281
1.01625
1.01727
1.01128
1.00397
1.01782
1.0117
0.97951
1.03899
1.01791
1.01679
1.03407
1.02357
0.97565
0.95005
1.00358
1.0744
1.09751
0.98345
1.01119
1.06274
1.07248
1.04069
0.97306
0.94841
1.03978
1.08815
1.09566
1.08133
0.95414
1.03121
1.06079
1.07715
1.07391
1.09887
1.12171
1.14217
1.11091
1.0987
1.13147
1.08907
1.1041
1.10816
1.16827
1.14732
1.15069
1.07471
1.1212
1.11613
1.12165
1.13205
1.11479
1.12638
1.13982
1.12721
1.09213
1.03507
0.93395
0.89104
0.8623
0.79714
0.76394
0.64797
0.60884
0.55994
0.53946
0.48944
0.43437
0.30851
0.26737
0.22617
0.18757
0.05729
-0.02768
-0.10414
-0.12914
-0.13657
-0.12828
-0.0966
-0.06533
-0.02987
-0.00309
-0.01664
-0.01049
0.00195
-0.01484
-1.81136E-5
0.00504
0.02711
0.01879
0.01307
0.01486
0.00443
0.01663
0.03961
0.0265
0.01557
0.0041
-0.00353
-0.03616
-0.057
-0.07208
-0.07851
-0.07436
-0.08038
-0.07928
-0.07241
-0.06879
-0.08223
-0.113
-0.11122
-0.08543
-0.08536
-0.0689
-0.04545
-0.05507
-0.05107
-0.05358
-0.05951
-0.05111
-0.03663
-0.03549
-0.03318
-0.02167
-0.02269
-0.00584
-0.02125
-0.01642
-0.03804
-0.03136
-0.02072
0.00502
-0.01118
-0.01422
-0.006
-0.0226
-0.02558
-0.00883
-0.01055
-0.02687
-0.0308
-0.00667
0
-5.53664E-5
1.01117E-5
-0.00864
-0.02761
0.00567
-0.01345
-0.01065
-0.00981
-0.01149
-0.00734
-0.00822
-0.01386
-0.00429
0.00978
0.00718
-0.006
0.01773
0.03789
0.05381
0.03401
0.02863
0.014
-0.01611
-4.56822E-4
-0.00385
-0.00552
0.00894
0.03293
0.03205
0.04057
0.02078
0.01461
0.02604
0.01762
0.02799
0.03558
0.04555
0.03608
0.02793
0.03367
0.04708
0.04554
0.0616
0.09127
0.10799
0.11782
0.10887
0.10323
0.0927
0.11008
0.11634
0.12062
0.15281
0.14147
0.1521
0.1487
0.13895
0.12299
0.11086
0.11619
0.07906
0.06733
0.06764
0.07139
0.05371
0.04238
0.04347
0.02262
0.04038
0.02534
0.01957
0.01115
0.00762
-0.01323
-0.00724
-0.01091
-0.01814
-0.02061
-0.00999
-0.0032
-0.00924
0.00456
0.02365
0.01972
0.01712
0.01689
0.01614
0.0216
0.04241
0.02539
0.04831
0.05166
0.03252
0.02237
0.03419
0.02669
-0.00699
-0.00456
1.12645E-4
0.0155
0.02612
0.03938
0.04154
0.02862
0.04375
0.0381
0.05693
0.05882
0.06389
0.04925
0.03672
0.03729
0.02569
0.02745
0.04535
0.02899
0.02017
0.03198
0.03308
0.03299
0.03673
0.01442
0.00864
-0.01035
-0.0148
-0.0141
-0.00229
-0.00185
-0.00657
-0.01248
0.02116
0.03033
4.78632E-4
0.02168
0.01472
0.02415
0.01612
0.03217
0.03948
0.04151
0.04592
0.03842
0.05129
0.05914
0.09595
0.09877
0.08876
0.07108
0.07496
0.06548
0.05493
0.02892
0.05568
0.07516
0.08063
0.09303
0.08039
0.10505
0.10762
0.11853
0.11554
0.10872
0.10627
0.10964
0.1093
0.09044
0.09909
0.09584
0.09419
0.10482
0.12658
0.14304
0.12948
0.11366
0.14282
0.1036
0.12879
0.10967
0.09756
0.1037
0.09688
0.08914
0.10097
0.1005
0.09011
0.07469
0.06774
0.06012
0.05661
0.04172
0.0132
-0.00711
0.00869
0.01999
0.0186
-0.00516
1.91895E-4
-0.01192
-6.33257E-4
-0.01816
-0.0316
-0.03498
-0.03758
-0.03103
-0.03203
-0.01571
-0.00917
0.00888
0.01251
0.03096
0.04001
0.04509
0.04965
0.03238
0.02305
0.01491
0.01801
0.03447
0.03069
0.04675
0.05567
0.04858
0.03965
0.03997
0.03738
0.03321
0.00443
0.02327
0.02069
0.0177
0.00387
0.0288
0.03216
0.02984
0.03136
0.02864
0.02949
0.03444
0.04667
0.0384
0.03858
0.03124
0.03368
0.05292
0.04742
0.0328
0.01606
0.0353
0.0331
0.02667
0.02753
0.03248
0.02355
0.01461
0.03834
0.03562
0.02893
0.02648
0.01212
-0.01229
-0.01739
-0.00823
-0.00685
-0.02168
-0.05954
-0.06366
-0.06218
-0.05675
-0.07283
-0.09269
-0.12069
-0.14341
-0.14077
-0.14903
-0.14957
-0.16569
-0.18193
-0.16616
-0.1471
-0.1529
-0.13036
-0.12046
-0.16975
-0.183
-0.17439
-0.18056
-0.17845
-0.18044
-0.1359
0.00946
0.09465
0.19435
0.27318
0.40968
0.49668
0.55408
0.72642
0.8244
0.89906
0.99497
1.15263
1.2178
1.26647
1.43678
1.5172
1.5854
1.76528
1.88957
1.96232
1.99842
2.03291
2.05499
2.05123
2.08973
2.07939
2.08161
2.11559
2.04887
2.08987
2.09634
2.04908
1.99643
2.07046
2.10495
2.03058
2.0696
2.11442
2.04124
2.04085
2.11345
2.12572
2.07677
2.08827
2.12606
2.0853
2.07614
2.1084
2.09267
2.08111
2.08217
2.07185
2.0759
2.1632
2.12073
2.11117
2.09753
2.11455
2.11229
2.10695
2.09767
2.07409
2.06164
2.0996
2.10909
2.11054
2.10669
2.15137
2.15731
2.17221
2.14483
2.19377
2.26263
2.27466
2.15521
2.16814
2.22872
2.24656
2.17272
2.21913
2.30392
2.29794
2.33445
2.37518
2.2676
2.30621
2.3226
2.34638
2.28262
2.29849
2.29315
2.30188
2.27868
2.23634
2.24533
2.31752
2.25824
2.17381
2.19907
2.25038
2.1731
2.15179
2.12475
2.1205
2.12932
2.17876
2.13309
2.15929
2.17741
2.15656
2.12676
2.11564
2.21007
2.16242
2.14457
2.20434
2.18208
2.1961
2.22659
2.27777
2.2506
2.26211
2.23208
2.31339
2.24791
2.17634
2.21122
2.19519
2.12029
2.16857
2.18033
2.14828
2.16363
2.10906
2.0963
2.10223
2.06647
2.0507
2.04829
2.10608
2.05695
2.07693
2.14002
2.13548
2.02396
2.0292
2.12377
2.03681
1.99831
2.05677
2.06004
2.02472
2.01294
2.02521
2.05072
2.02581
2.01508
2.06031
2.07535
2.07066
1.9729
1.99202
2.00855
1.92878
1.93139
2.01234
2.0167
1.97248
2.02816
2.0382
2.076
2.03644
2.0584
2.06603
2.11285
2.05252
2.07193
2.09183
2.04341
2.01122
2.0858
2.17028
2.15229
2.17939
2.18107
2.17168
2.15329
2.15034
2.16489
2.13644
2.1651
2.10214
2.10028
2.1099
2.20665
2.1729
2.14838
2.21095
2.20741
2.16096
2.18104
2.10852
2.10162
2.07587
2.04249
2.08506
2.12355
2.12159
2.14524
2.15042
2.20257
2.18498
2.23284
2.20785
2.1693
2.13504
2.1117
2.14131
2.10002
2.0666
2.14525
2.13398
2.16479
2.13501
2.18094
2.24276
2.22205
2.18834
2.19588
2.17294
2.23182
2.18082
2.1707
2.20489
2.19921
2.23171
2.22288
2.20778
2.26442
2.24842
2.30839
2.25256
2.293
2.27022
2.22998
2.27206
2.16953
2.13899
2.153
2.13129
2.1722
2.06997
2.12931
2.16699
2.06362
2.08718
2.07803
2.05301
2.07917
2.01684
2.02707
1.95933
2.06486
2.01623
1.99466
2.07557
1.98201
2.0687
2.07856
2.0216
2.00874
2.00627
1.99516
1.92449
1.92552
1.89303
1.91403
1.92822
1.93868
1.90603
1.97244
1.98839
2.02015
1.9525
1.97534
2.01616
1.97159
2.02712
1.98158
2.05872
2.10731
2.08717
2.09405
2.10659
2.18521
2.14339
2.21208
2.15887
2.20966
2.14997
2.18606
2.17031
2.11835
2.18914
2.15052
2.16781
2.164
2.23395
2.18911
2.2521
2.17707
2.20091
2.20796
2.2122
2.18334
2.23172
2.24295
2.19617
2.27569
2.19259
2.19676
2.18791
2.14824
2.19822
2.11912
2.11012
2.12329
2.08595
2.0904
2.1019
2.04456
2.05066
1.97153
1.95066
1.92518
1.96056
1.8799
1.90989
1.98774
1.92748
1.92472
1.88354
1.81122
1.69841
1.58409
1.49467
1.42596
1.27753
1.19786
1.00724
0.89793
0.76485
0.67644
0.61704
0.57034
0.46078
0.36037
0.24551
0.12754
-0.02556
-0.13557
-0.18752
-0.22585
-0.25968
-0.24101
-0.2608
-0.25881
-0.28189
-0.29372
-0.28038
-0.23409
-0.19739
-0.12954
-0.10423
-0.07721
-0.02955
-0.045
-0.05623
-0.05242
-0.05668
-0.09797
-0.08313
-0.11556
-0.10617
-0.10517
-0.1201
-0.10213
-0.08732
-0.06633
-0.05842
-0.05372
-0.05006
-0.05235
-0.06676
-0.06844
-0.04187
-0.07178
-0.08075
-0.06799
-0.08757
-0.07427
-0.0635
-0.06446
-0.05453
-0.03641
-0.05947
-0.06149
-0.06726
-0.09119
-0.10258
-0.10177
-0.11371
-0.12282
-0.12631
-0.13635
-0.13083
-0.14048
-0.13452
-0.12071
-0.10174
-0.08858
-0.10972
-0.0911
-0.10357
-0.09181
-0.10234
-0.08509
-0.09233
-0.10772
-0.08327
-0.07095
-0.06735
-0.06538
-0.06216
-0.06433
-0.06784
-0.05837
-0.0681
-0.06736
-0.03695
-0.03848
-0.03932
-0.02851
-0.03368
-0.02302
-0.02068
7.7676E-4
0.02586
0.04697
0.04302
0.0351
0.0357
0.03639
0.02477
0.02704
0.04257
0.06244
0.05385
0.05972
0.0743
0.06859
0.04521
0.03199
0.05196
0.06891
0.05395
0.04578
0.02358
4.51212E-4
0.00217
0.03196
0.03224
0.02695
0.0283
0.05479
0.03934
0.04332
0.03366
0.04236
0.02479
0.00639
-0.00434
-0.00129
0.01629
-0.0083
-0.01845
-0.00233
-0.01243
-0.02689
-0.01477
-0.02064
-0.02889
-0.021
-0.02555
-0.02018
-0.04179
-0.02927
-0.03646
-0.03042
-0.02755
-0.00605
-0.00516
-0.01749
-0.00695
-0.00711
0.01573
0.02244
0.02969
0.05782
0.09136
0.09066
0.09936
0.09509
0.0821
0.07412
0.07512
0.07415
0.06921
0.07473
0.07787
0.08907
0.08653
0.09692
0.11223
0.12582
0.112
0.0941
0.09802
0.08235
0.06248
0.0348
0.01465
9.93171E-4
-0.0214
-0.02914
-0.03052
-0.02766
-0.02177
-0.01255
-0.01446
-0.03436
-0.05862
-0.07932
-0.07816
-0.08958
-0.10959
-0.12682
-0.13071
-0.15561
-0.12842
-0.12502
-0.11182
-0.11819
-0.10976
-0.10452
-0.10217
-0.08435
-0.08412
-0.09064
-0.08872
-0.09761
-0.0732
-0.05856
-0.04101
-0.04159
-0.03951
-0.03083
-0.01171
-0.0171
0
-0.0217
-0.03148
-0.02738
0.00291
0.0044
0.0238
0.03081
0.02906
0.00981
0.00776
-0.01036
-0.00184
0.01156
0.01093
0.02164
0.00884
0.00461
7.76155E-4
-0.00639
-0.0031
-0.0097
0.01026
0.03432
0.03068
0.00912
0.00624
-0.00881
-0.02572
-0.04305
-0.02081
-0.01682
0.01019
-0.00145
-0.04049
-0.03847
-0.04823
-0.04296
-0.02777
-0.03278
-0.01983
-0.00921
0.01404
-0.00922
-0.01818
-0.02851
-0.01028
-0.01913
9.68049E-4
0.00373
0.01157
0.0165
0.02391
0.02365
0.04492
0.05729
0.05
0.05754
0.05939
0.05659
0.04469
0.04446
0.05714
0.04294
0.03666
0.03246
0.03231
0.05247
0.0642
0.04964
0.06335
0.05127
0.04015
0.03946
0.02331
0.00239
-4.01172E-4
-0.01551
-0.02954
-0.02361
-0.01436
0.0016
-9.08954E-4
-0.00465
0.0058
0.02137
0.05352
0.07398
0.07394
0.08742
0.10794
0.11531
0.14163
0.12942
0.14173
0.11947
0.19685
0.30132
0.39007
0.61358
0.74122
0.81275
1.01433
1.13943
1.23467
1.34018
1.4882
1.58552
1.68075
1.82437
1.96312
2.09522
2.29775
2.41675
2.52787
2.67854
2.83313
2.85558
2.92369
2.99416
2.92507
2.89661
2.9889
2.90844
2.89983
2.92017
2.99437
3.00638
2.98983
3.03822
3.02484
3.01647
3.00414
2.93111
2.97301
3.00898
2.944
3.00444
3.02399
2.96949
3.01209
2.99909
3.04455
3.04388
3.06196
3.07171
3.15503
3.09679
3.03938
3.06118
3.05324
3.01093
3.06195
3.0429
3.02567
3.03069
3.0353
3.08211
3.01898
3.09941
3.12451
3.10902
3.13783
3.14761
3.06756
3.10102
3.12003
3.03021
3.05346
3.07501
3.0652
3.06915
3.10827
3.00933
3.00413
3.10651
3.0652
3.02483
3.03632
3.05546
3.01035
3.05317
2.99638
2.94162
2.89414
2.93649
2.87773
2.89862
2.93091
2.94027
2.94503
3.02225
2.99866
3.0264
3.04422
3.04399
2.97241
2.98729
3.04314
3.00044
3.04208
3.0177
3.02003
3.03542
3.07679
3.07346
3.1061
3.15035
3.0974
3.11347
3.05521
3.08975
3.01895
3.02725
3.01772
3.05756
3.13733
3.11872
3.11683
3.09569
3.1046
3.05117
3.05073
3.02286
3.01001
3.00466
2.99651
2.94923
2.94059
3.02355
2.97073
2.98885
2.98899
2.96715
2.94759
2.90172
2.92419
2.88202
2.93595
2.89651
2.90778
2.91304
2.95097
2.95946
2.95719
2.96647
2.94474
2.99582
3.02004
3.03355
2.95698
3.01773
3.01782
3.0269
3.06619
3.14053
3.13364
3.06593
3.05242
3.0121
3.02688
2.95805
2.9893
2.94734
2.96337
2.94966
2.97219
2.96477
3.00027
2.95357
3.00922
2.98895
3.01082
3.02796
3.04868
3.00897
3.0121
3.00129
3.07531
3.0713
3.05639
3.11996
3.14373
3.15688
3.13858
3.11295
3.09442
3.07547
3.10454
3.08017
3.09306
3.06789
3.08214
3.04467
3.00913
2.95147
3.03301
2.95457
2.99276
2.99875
2.99325
2.97386
2.9221
2.98073
2.96355
3.01906
3.05671
3.07585
3.04541
3.10107
3.05979
3.09255
3.03285
3.05454
3.09418
3.12038
3.11609
3.06578
3.10542
3.07706
3.0531
3.04712
3.05554
3.03277
3.03446
3.01647
3.01643
3.04249
3.03213
3.04426
3.04438
3.04356
3.01391
3.04987
3.06573
3.0415
3.08713
3.06527
3.1023
3.05808
3.09089
3.05157
3.11862
3.13301
3.13777
3.11551
3.147
3.1131
3.08386
3.12907
3.13501
3.0994
3.12836
3.11353
3.08983
3.10938
3.06176
3.02442
3.06449
3.03482
3.04523
3.06678
3.06278
2.99704
3.02809
3.04622
2.99393
2.99855
2.97246
2.94864
2.9189
2.98514
2.96146
2.97015
2.97346
2.96152
2.9473
2.95958
2.97332
2.99213
2.97576
2.97474
2.95233
2.96143
2.97223
2.96057
2.99485
3.03946
3.05012
3.10617
3.11515
3.1364
3.08935
3.15681
3.11752
3.19351
3.21619
3.25138
3.24991
3.23723
3.18589
3.1568
3.21374
3.19228
3.17856
3.17483
3.1497
3.13197
3.17135
3.15668
3.12801
3.11053
3.05169
3.02156
2.95977
3.01575
2.92223
2.91139
2.91116
2.90207
2.93645
2.96526
3.01315
3.03893
3.06216
3.13785
3.13109
3.1364
3.11099
2.99737
2.86638
2.74671
2.63691
2.54427
2.4457
2.31604
2.14353
2.07502
1.92502
1.74618
1.60748
1.44772
1.30053
1.16757
0.97946
0.83311
0.64836
0.51652
0.40333
0.27102
0.20553
0.17528
0.16671
0.16991
0.17047
0.1714
0.14807
0.14791
0.138
0.1495
0.14712
0.17554
0.13901
0.13136
0.10681
0.10637
0.08797
0.07957
0.08065
0.05482
0.06527
0.0618
0.05743
0.04761
0.02697
0.02177
0.01608
0.01063
0.02411
9.85029E-4
-0.00765
-0.00346
-0.02016
0.00241
0.00648
0.0317
0.02902
0.04035
0.04838
0.05654
0.07344
0.07816
0.08738
0.09369
0.125
0.12165
0.09728
0.08798
0.10792
0.10166
0.12001
0.13306
0.14215
0.1347
0.13413
0.14653
0.16011
0.15412
0.15263
0.16119
0.16829
0.17328
0.18594
0.16711
0.15874
0.14086
0.17256
0.17464
0.16799
0.16121
0.13961
0.12052
0.11718
0.09955
0.08814
0.08545
0.09229
0.06011
0.04446
0.05699
0.02282
0.02186
-0.00793
-0.03866
-0.01767
-0.01864
-0.02806
-0.05322
-0.03104
-0.02541
-0.04171
-0.02543
-0.02113
-0.02233
-0.01692
-0.01433
-0.00361
-0.0239
-0.02644
-0.01474
-0.03119
-0.02412
-0.02747
-0.03609
-0.02179
-0.03427
-0.01909
-0.01607
-0.03097
-0.03768
-0.03948
-0.02848
0.01007
0.02685
0.03377
0.03092
0.03622
0.02131
0.03378
0.02591
0.04177
0.04497
0.06323
0.04244
0.07185
0.06418
0.08375
0.07578
0.0727
0.08321
0.07019
0.07584
0.09238
0.03271
0.03291
0.02928
0.01924
0.019
0.01696
-0.01355
-0.01114
-0.04445
-0.02656
-0.03111
-0.01062
-0.00702
0.00332
-0.01332
-0.01371
-0.01499
-0.00955
-1.36745E-4
0.00388
-0.03339
-0.01532
-0.012
-0.0134
-0.01248
0.00769
0.02271
0.03739
0.0525
0.04659
0.05293
0.04593
0.0503
0.01144
-0.00212
-0.0098
-0.02506
-0.00214
0.01016
0.02694
0.0349
0.06289
0.05152
0.03961
0.02684
0.03344
0.02685
0.01166
0.01957
0.02114
0.04612
0.05099
0.03827
0.06325
0.09966
0.09363
0.10422
0.11303
0.07995
0.063
0.05504
0.03676
0.01509
0.04188
0.02775
0.03469
0.03824
0.06045
0.07921
0.09797
0.08167
0.09079
0.08216
0.09206
0.07421
0.06969
0.06455
0.05468
0.05227
0.07169
0.07391
0.05237
0.0637
0.07988
0.04137
0.05175
0.05106
0.04017
0.01369
-0.00205
-0.03636
-0.01827
-0.02937
-0.03689
-0.02653
-0.02774
-0.01541
-0.00437
0.00453
-0.00753
-0.01905
-0.02907
-0.02112
-0.0254
-0.01869
0.00253
0.01173
-0.00496
0.00184
-9.90375E-4
0.0015
0.01187
0.00295
-0.01044
-0.01734
-0.01848
-0.02073
-0.02283
-0.01357
-0.01937
-0.00739
-2.40865E-4
0.0012
0.0134
0.01843
-0.00489
-0.00702
-0.01275
-4.45495E-4
-0.01353
-0.00678
-0.01814
-0.00314
0.01536
0.03551
0.01988
0.02318
0.00296
-0.01742
-0.01923
-0.02587
-0.02615
-0.0404
-0.03753
-0.03363
-0.06412
-0.03215
-0.01959
-0.0281
-0.03418
0.00266
0.01477
0.03058
0.02187
-0.00204
-0.02264
-0.0082
0.1045
0.26473
0.43
0.62769
0.82114
0.97611
1.15845
1.31804
1.46215
1.62439
1.79059
1.9154
2.05369
2.21539
2.40049
2.49843
2.68406
2.83635
3.0335
3.22772
3.40899
3.49859
3.5317
3.52157
3.52929
3.50765
3.56868
3.54148
3.59008
3.60653
3.71042
3.67872
3.70138
3.71651
3.76206
3.69174
3.77446
3.75136
3.76794
3.76878
3.75957
3.76849
3.72317
3.68512
3.66162
3.59249
3.63632
3.55793
3.56327
3.55538
3.51271
3.474
3.5009
3.51497
3.52124
3.5156
3.53893
3.51808
3.52897
3.55296
3.50169
3.56973
3.53419
3.54667
3.60677
3.64307
3.69444
3.68615
3.69771
3.68493
3.66275
3.68238
3.68005
3.65775
3.6287
3.65058
3.57748
3.60015
3.59741
3.55871
3.54328
3.53962
3.43689
3.44501
3.41027
3.37302
3.39516
3.38224
3.37157
3.38009
3.39746
3.47714
3.52071
3.47367
3.50453
3.54281
3.56151
3.58841
3.62021
3.58322
3.59374
3.61324
3.65561
3.71308
3.70269
3.74229
3.77701
3.7518
3.77592
3.77518
3.80144
3.82571
3.70646
3.68827
3.7431
3.73085
3.68911
3.67595
3.69507
3.67265
3.69614
3.74067
3.70225
3.74689
3.68943
3.70049
3.71736
3.68675
3.72332
3.7398
3.72069
3.74007
3.72718
3.79074
3.76885
3.72368
3.72228
3.73028
3.68908
3.68253
3.68776
3.66005
3.65099
3.64444
3.60747
3.62275
3.6379
3.64616
3.63433
3.64088
3.56847
3.53691
3.50762
3.49631
3.46674
3.4721
3.4469
3.43916
3.47045
3.48599
3.44373
3.39816
3.44319
3.43691
3.50484
3.50028
3.50431
3.53481
3.48872
3.54407
3.48449
3.50096
3.54071
3.51723
3.53251
3.56724
3.54838
3.59912
3.637
3.64422
3.66386
3.73389
3.74665
3.71761
3.7362
3.65967
3.63222
3.64259
3.60244
3.60846
3.55827
3.58281
3.55985
3.56878
3.58471
3.5775
3.57334
3.58663
3.55455
3.53584
3.5248
3.55767
3.50205
3.50821
3.52296
3.52355
3.50603
3.51932
3.52547
3.53971
3.55603
3.55015
3.58116
3.63005
3.61834
3.63017
3.64716
3.61138
3.62797
3.6566
3.67599
3.68386
3.66039
3.71693
3.7334
3.79908
3.7588
3.78584
3.79054
3.80066
3.75668
3.75887
3.74451
3.74285
3.72518
3.70884
3.7056
3.7308
3.74423
3.75567
3.72902
3.64919
3.65363
3.64073
3.60653
3.57432
3.51354
3.52497
3.54925
3.56029
3.52041
3.53358
3.50229
3.52432
3.51102
3.51003
3.53324
3.54111
3.50916
3.50023
3.51444
3.49228
3.55148
3.51174
3.55082
3.5882
3.61247
3.61558
3.62054
3.58264
3.60202
3.61386
3.63071
3.64808
3.64826
3.63071
3.63327
3.62261
3.6134
3.61173
3.63505
3.60891
3.64441
3.68625
3.69701
3.64626
3.63732
3.62058
3.63001
3.63589
3.6644
3.61287
3.63238
3.65056
3.64361
3.61722
3.60658
3.59183
3.60394
3.60997
3.5938
3.58395
3.57673
3.5862
3.53335
3.55669
3.55636
3.53645
3.52394
3.51434
3.54165
3.51315
3.44246
3.31316
3.17036
3.02649
2.91411
2.78479
2.64185
2.50658
2.33811
2.18525
2.01308
1.8626
1.6977
1.54894
1.38933
1.23833
1.07964
0.94014
0.76704
0.58072
0.45418
0.37486
0.34965
0.31398
0.28361
0.25932
0.21996
0.21194
0.18831
0.18505
0.17809
0.16968
0.18309
0.17561
0.16296
0.16195
0.15102
0.16364
0.15853
0.16573
0.15309
0.12258
0.14763
0.10614
0.11612
0.12688
0.16172
0.18532
0.19186
0.18318
0.17516
0.16608
0.15012
0.12941
0.13832
0.12766
0.12413
0.16982
0.15505
0.15007
0.16123
0.1675
0.17667
0.1668
0.19423
0.17298
0.1655
0.11581
0.10633
0.09355
0.07217
0.09801
0.11816
0.128
0.14045
0.10002
0.09805
0.06753
0.01068
-0.00119
-0.00283
-0.02253
-0.05335
-0.04301
-0.05123
-0.04701
-0.03777
-0.01092
0.01988
0.02305
0.02846
0.02886
-0.00553
-0.01811
-0.01324
-0.00877
0.02932
0.0297
0.05325
0.04862
0.04927
0.03061
-0.00168
0.02464
0.02147
0.00755
0.00134
0.02565
-0.01104
-0.03223
-0.01171
-0.02531
-0.02723
-0.00911
0.00913
0.022
0.00548
-0.00917
-0.01774
-0.03174
-0.00195
0.00745
0.02732
0.05749
0.05078
0.068
0.08587
0.09834
0.08898
0.11598
0.13347
0.10437
0.12292
0.13814
0.13684
0.11358
0.1095
0.11136
0.12591
0.13215
0.14705
0.14417
0.15426
0.14727
0.15894
0.15328
0.13742
0.12607
0.12264
0.11488
0.08684
0.07729
0.10428
0.1097
0.11551
0.1121
0.13503
0.16909
0.17336
0.17131
0.17601
0.15488
0.17282
0.15781
0.15982
0.16819
0.16944
0.14011
0.15787
0.14864
0.15304
0.18762
0.19587
0.17105
0.15602
0.16403
0.15395
0.14625
0.1162
0.09327
0.09163
0.08156
0.07226
0.02906
0.0286
0.02136
-0.00172
-0.00351
0.00756
0
-0.00928
-0.01359
-0.0334
-0.03977
-0.03772
-0.01661
-0.07415
-0.0615
-0.05203
-0.05518
-0.03388
-0.05217
-0.05911
-0.04615
-0.02512
-0.0424
-0.04147
-0.02503
-0.00966
0.01627
0.02095
0.02016
8.95401E-4
-0.01037
-0.01534
-0.00823
-0.01953
0.02217
0.01845
0.02358
0.0371
0.03739
0.04684
0.06778
0.05921
0.04351
0.07369
0.08723
0.07945
0.05639
0.02843
0.01859
0.02343
0.04759
0.06341
0.06124
0.06529
0.06312
0.06343
0.08151
0.06691
0.04899
0.03625
0.04532
0.03073
0.04631
0.04008
0.04427
0.03205
0.04342
0.0601
0.06428
0.05638
0.0662
0.05592
0.05078
0.0455
0.04712
0.03804
0.04359
0.02961
0.02093
0.01543
0.02842
0.01842
0.04187
0.05751
0.05515
0.0332
0.0409
0.01661
0.01178
0.0376
0.05017
0.04385
0.05391
0.07483
0.07854
0.06479
0.08808
0.08653
0.06898
0.08184
0.06124
0.0531
0.04972
0.03563
0.01809
0.03191
0.03135
0.03004
0.03866
0.04027
0.03288
0.02111
0.01557
0.00266
-0.01994
-0.0248
0.01012
-0.00825
-0.02063
-0.00135
-0.00407
0.01712
0.02616
0.03164
0.02429
-7.45517E-4
0.00494
0.00546
0.00304
0.00178
-0.00315
0.00265
0.01342
0.01053
0.00536
0.01237
0.02202
-0.01182
0.01318
0.01979
0.00215
-0.0027
-0.00698
-0.01665
-0.02083
0.00481
0.02813
0.03565
0.18155
0.3474
0.51698
0.6765
0.8392
1.02639
1.2414
1.44354
1.63761
1.82695
2.03507
2.22274
2.39097
2.60404
2.8101
3.00451
3.18504
3.35935
3.49954
3.69766
3.85756
3.91599
3.93264
3.98261
4.03865
4.05833
4.07881
4.07098
4.04
4.03982
4.02975
4.00472
3.99026
4.02436
4.01626
4.02934
3.99214
3.98629
4.0024
4.02817
4.02205
4.02254
4.04051
4.05754
4.03845
4.03248
4.03258
4.01468
4.00567
4.02733
4.02649
4.0205
4.02113
4.00113
3.97796
3.98547
3.98717
4.03184
4.06249
4.06458
4.09617
4.11215
4.14638
4.12162
4.11207
4.10886
4.0796
4.0629
4.06538
4.07409
4.08531
4.07337
4.12703
4.14738
4.18081
4.20657
4.1998
4.23297
4.2172
4.16069
4.17892
4.16329
4.15464
4.15196
4.13977
4.12968
4.12873
4.16362
4.17919
4.18801
4.19857
4.18504
4.21254
4.14121
4.20439
4.2156
4.19719
4.21501
4.15743
4.16839
4.18317
4.15125
4.13785
4.1341
4.13419
4.14658
4.14323
4.14095
4.09185
4.10596
4.09945
4.07255
4.08232
4.06668
4.12153
4.04517
4.02674
4.01362
3.97682
3.97082
3.96509
3.99627
4.00033
4.00665
4.02011
4.0034
4.00058
4.00345
4.00644
4.06008
4.05093
4.06109
4.06514
4.06062
4.03361
4.02499
4.03766
4.03947
4.06667
4.11043
4.12336
4.1289
4.10916
4.1402
4.16648
4.15149
4.16865
4.18423
4.17971
4.1982
4.17582
4.17857
4.16994
4.16831
4.17766
4.21413
4.19795
4.22224
4.21084
4.22378
4.19545
4.20481
4.20452
4.22288
4.17006
4.1507
4.13793
4.12213
4.10567
4.12626
4.10984
4.0856
4.07563
4.07374
4.08098
4.09033
4.08197
4.10072
4.0626
4.07408
4.06493
4.06609
4.05891
4.08388
4.04893
4.07417
4.07282
4.08495
4.11588
4.10606
4.11609
4.11169
4.12713
4.1292
4.13339
4.14671
4.13809
4.14864
4.13526
4.15613
4.16867
4.1951
4.18791
4.18721
4.15729
4.18173
4.17322
4.15546
4.14948
4.11307
4.11144
4.1134
4.10279
4.11347
4.11238
4.09079
4.07609
4.09299
4.04004
4.05879
4.06855
4.04894
4.00181
3.99846
4.00782
4.03477
4.02561
4.03879
4.06375
4.0587
4.09042
4.09066
4.08137
4.07551
4.07652
4.07107
4.09499
4.08569
4.06476
4.08656
4.05942
4.02844
4.02932
4.01579
4.05399
4.03849
4.00762
4.04343
4.07568
4.05607
4.06436
4.0224
4.02846
4.03492
4.05063
3.9895
4.01923
4.0262
4.03184
4.01264
4.03536
4.04723
4.0722
4.07614
4.09384
4.08098
4.07791
4.1054
4.09201
4.05416
4.07515
4.0939
4.10671
4.11065
4.09964
4.09219
4.14096
4.13525
4.09355
4.09219
4.12495
4.12493
4.12634
4.11255
4.11528
4.11617
4.1127
4.09667
4.09002
4.10003
4.07897
4.0587
4.04239
4.05229
4.05755
4.03967
4.04916
4.06117
4.03945
4.05396
4.05762
4.04184
4.03545
4.01717
4.00656
3.97148
3.97449
3.98701
4.01184
3.98932
3.97592
4.00341
4.02242
4.02451
4.02118
4.00727
4.00009
4.02189
4.03787
4.07249
4.08383
4.09954
4.10956
4.11509
4.12935
4.14465
4.16962
4.18573
4.13095
4.1288
4.14477
4.1606
4.16201
4.13577
4.12477
4.1422
4.17999
4.21952
4.20097
4.18216
4.1484
4.15445
4.17016
4.19831
4.19641
4.21345
4.19954
4.20849
4.21215
4.22575
4.199
4.18549
4.19075
4.1898
4.22509
4.22638
4.20083
4.16533
4.14031
4.1293
4.1265
4.17264
4.15925
4.13276
4.09899
4.1221
4.0919
4.11871
4.14076
4.1046
4.12295
4.12264
4.12632
4.11875
4.08262
4.05613
3.93203
3.79484
3.63805
3.46937
3.3126
3.14906
2.94016
2.77662
2.60305
2.41612
2.21689
2.05482
1.84885
1.63652
1.46586
1.28368
1.11777
0.92566
0.7411
0.58537
0.39566
0.3537
0.32046
0.2888
0.28228
0.28252
0.26688
0.2576
0.23614
0.21652
0.20338
0.17239
0.14973
0.137
0.1293
0.12265
0.11321
0.10737
0.10046
0.06285
0.06731
0.08234
0.06961
0.06984
0.07855
0.07308
0.04116
0.02591
0.01872
0.03986
0.05015
0.07431
0.09226
0.1167
0.12699
0.09893
0.11489
0.12148
0.11733
0.11784
0.14506
0.12597
0.11362
0.10816
0.08312
0.086
0.08928
0.08434
0.0851
0.07446
0.05418
0.03959
0.00251
0.01278
-0.0071
-0.00342
0.02097
0.00947
0.00625
-0.00996
0.0183
0.02193
0.03468
0.01859
0.01754
0.0433
0.04127
0.0289
0.04629
0.03497
0.02604
0.01887
4.48821E-4
0.00508
-0.01259
-0.02262
-0.03546
-0.03665
-0.0327
-0.03777
-0.00267
0.00417
0.0149
0.02524
0.03389
0.03823
0.02551
0.02072
0.04046
0.03522
0.05331
0.06612
0.09539
0.10958
0.11207
0.12567
0.14416
0.14565
0.15988
0.16762
0.20932
0.20692
0.18361
0.15713
0.14321
0.16012
0.14118
0.13427
0.1402
0.1403
0.13459
0.1257
0.11337
0.10766
0.1407
0.13697
0.14012
0.13904
0.13782
0.13673
0.15417
0.12464
0.11033
0.12803
0.12457
0.14121
0.13312
0.16484
0.17566
0.16478
0.16595
0.16407
0.16682
0.17989
0.17299
0.15629
0.19264
0.18587
0.17355
0.20407
0.19333
0.17281
0.16961
0.19167
0.17233
0.17958
0.15707
0.16829
0.17196
0.15818
0.16385
0.14795
0.1548
0.16244
0.16374
0.16319
0.15483
0.14554
0.13811
0.16202
0.1489
0.1666
0.14951
0.15306
0.14391
0.15235
0.16211
0.17704
0.17291
0.15635
0.16202
0.14625
0.13419
0.12305
0.11125
0.10131
0.09242
0.08605
0.06076
0.06563
0.03769
0.01373
0.0141
0.03431
0.04117
0.04101
0.03477
0.03937
0.05667
0.05863
0.04803
0.05633
0.07655
0.08062
0.08655
0.08771
0.10197
0.10856
0.11885
0.12782
0.11034
0.10912
0.11346
0.09095
0.0941
0.09407
0.09708
0.0915
0.06753
0.03246
0.01484
0.03267
0.02127
0.01516
0.03986
0.05597
0.06402
0.05011
0.05021
0.04437
0.04765
0.0508
0.08914
0.09639
0.0998
0.10652
0.11258
0.12697
0.13264
0.13089
0.15177
0.14446
0.13743
0.13555
0.13526
0.11486
0.0991
0.10079
0.11968
0.12693
0.13471
0.13984
0.16719
0.13767
0.14651
0.13974
0.14513
0.12513
0.13556
0.15087
0.18285
0.17343
0.19761
0.18568
0.19531
0.20534
0.23005
0.23558
0.23635
0.22045
0.22836
0.21498
0.19722
0.1923
0.18844
0.17743
0.20638
0.1631
0.1509
0.12402
0.09569
0.08561
0.08889
0.07088
0.07164
0.04992
0.04249
0.02712
0.03741
0.01529
0.01249
-0.01505
-0.0086
-0.01471
-0.00984
7.12319E-4
-0.00289
-0.03413
-0.01154
-0.00178
-0.00709
0.00452
-0.00688
0.00645
-0.00561
0.00204
0.00664
0.009
-0.01735
-0.03722
-0.02931
-0.02338
-0.00727
-0.00716
0.00895
-0.01912
-0.00738
-0.00145
0.01056
3.52641E-4
-0.01224
-0.01399
-0.00422
-0.00272
-0.01467
-0.00342
-0.0263
-0.00574
-0.0226
-0.01337
-0.0113
-0.00932
-0.01242
-0.027
-0.02526
-0.03347
-0.02807
-0.02472
-0.03486
-0.03676
-0.02873
0.00522
-0.00151
0.02006
0.01795
0.01332
0.00989
0.05487
0.06413
0.08596
0.10264
0.09034
0.08995
0.08519
0.08652
0.08216
0.08759
0.0913
0.07107
0.2462
0.32901
0.39992
0.53339
0.76739
0.90999
1.0092
1.10167
1.23659
1.31226
1.48925
1.73793
1.86955
2.09548
2.20078
2.38544
2.54708
2.69325
2.86799
3.09551
3.21113
3.22476
3.30426
3.38495
3.40295
3.37716
3.3982
3.43921
3.53154
3.50932
3.56541
3.44605
3.42695
3.47741
3.51506
3.52202
3.54136
3.61114
3.62367
3.59439
3.61272
3.53594
3.50824
3.51834
3.44379
3.42463
3.47506
3.51267
3.51955
3.53889
3.60863
3.62109
3.59174
3.61
3.53316
3.5054
3.51547
3.47503
3.48071
3.43018
3.4544
3.43115
3.43975
3.45539
3.44788
3.4434
3.45636
3.42394
3.4049
3.39353
3.42608
3.37014
3.37597
3.3904
3.39068
3.37283
3.38581
3.39164
3.40555
3.42159
3.41538
3.44608
3.49464
3.48264
3.49413
3.51081
3.47472
3.491
3.51934
3.5384
3.54593
3.52214
3.57839
3.59456
3.65992
3.61934
3.64609
3.65047
3.66027
3.61596
3.61783
3.38682
3.36101
3.38201
3.42298
3.51526
3.49297
3.54896
3.52245
3.39831
3.41109
3.42885
3.40968
3.46008
3.49767
3.50456
3.52389
3.59363
3.60609
3.57674
3.595
3.51816
3.49042
3.5005
3.46004
3.46574
3.41521
3.43945
3.41617
3.42479
3.44042
3.4329
3.42841
3.44136
3.40896
3.38993
3.37856
3.4111
3.35516
3.361
3.37545
3.37577
3.35795
3.37093
3.37678
3.39068
3.40671
3.4005
3.4312
3.47972
3.46772
3.47925
3.49595
3.45986
3.47615
3.50447
3.52353
3.53108
3.50728
3.56351
3.57965
3.64501
3.60441
3.63112
3.6355
3.6453
3.60101
3.60288
3.31718
3.29318
3.32885
3.35629
3.33096
3.43621
3.46155
3.50555
3.52473
3.48109
3.49842
3.44724
3.46619
3.47678
3.48564
3.52878
3.36834
3.34249
3.36343
3.40438
3.49664
3.47436
3.5304
3.5039
3.37978
3.39256
3.29634
3.34642
3.31096
3.28696
3.32259
3.35001
3.32468
3.42992
3.45527
3.4993
3.5185
3.47486
3.49218
3.40737
3.38821
3.43863
3.47623
3.48314
3.50244
3.57215
3.58458
3.55523
3.57352
3.49671
3.46894
3.47902
3.43862
3.4444
3.39395
3.41823
3.39504
3.40372
3.38555
3.28932
3.33939
3.30392
3.27993
3.31555
3.34299
3.3177
3.42294
3.44828
3.4923
3.51148
3.46782
3.48512
3.43388
3.45281
3.46339
3.47224
3.51538
3.52915
3.53314
3.50909
3.52113
3.50976
3.51216
3.4191
3.44444
3.48846
3.50765
3.46401
3.48132
3.43013
3.44909
3.4597
3.46856
3.51169
3.52545
3.52942
3.50536
3.51739
3.50599
3.50838
3.39481
3.44812
3.46109
3.45488
3.52658
3.59352
3.67938
3.71153
3.65519
3.55824
3.4298
3.26896
3.09397
2.90403
2.70218
2.55087
2.34506
2.16438
1.99414
1.85712
1.7681
1.60356
1.41534
1.19683
1.03281
0.81761
0.6163
0.38813
0.22557
0.12598
0.07334
0.06475
0.08063
0.07376
0.07416
0.02404
0.04627
0.07246
0.08424
0.08187
0.06772
0.03294
0.01271
5.51494E-4
0.01022
0.00705
-2.19295E-4
-0.00656
0.00443
-8.57798E-4
0.02481
0.03461
0.03157
0.01875
0.00658
-0.00909
0.02055
0.02304
0.00972
-0.00711
-0.00471
0.0024
0.01326
0
0.01277
0.00486
0.00454
-0.00722
-0.0125
-0.00734
-0.0296
-0.03687
-0.00668
-0.00905
-0.00265
-0.00502
-0.0048
-0.00546
-0.01983
-0.00414
-0.0061
-0.00968
-0.00265
-0.01795
-0.00992
-0.00334
-0.0051
0.00412
0.01134
0.02112
0.00562
0.02608
0.02143
-0.01316
-0.03367
-0.04362
-0.02322
-0.03016
-0.01469
-0.0152
-0.00985
8.28226E-4
5.787E-4
-0.01586
0.0047
-0.00245
-0.03836
-0.04221
-0.06248
-0.05618
-0.05882
-0.04501
-0.03674
-0.03098
-0.02073
-0.01358
-0.01817
-0.04004
-0.02404
-0.05859
-0.07479
-0.10311
-0.07354
-0.06371
-0.06405
-0.06733
-0.06371
-0.0516
-0.04739
-0.04334
-0.04824
-0.05245
-0.05062
-0.06664
-0.07227
-0.07318
-0.08664
-0.0945
-0.08539
-0.11768
-0.12186
-0.10141
-0.09359
-0.10789
-0.12686
-0.12511
-0.11907
-0.09763
-0.11094
-0.12671
-0.11973
-0.13288
-0.11885
-0.12455
-0.12224
-0.13286
-0.12694
-0.12558
-0.12588
-0.13954
-0.11004
-0.07502
-0.0813
-0.06351
-0.07339
-0.06816
-0.047
-0.06951
-0.07942
-0.05567
-0.04721
-0.03794
-0.0102
0.01327
0.025
0.04496
0.06912
0.08115
0.08511
0.10296
0.10918
0.08032
0.07632
0.07608
0.07885
0.07301
0.08295
0.08013
0.08356
0.07752
0.06976
0.0622
0.04553
0.02713
-0.00644
-0.02997
-0.03561
-0.04787
-0.05925
-0.05026
-0.07522
-0.0929
-0.09167
-0.09275
-0.09723
-0.09798
-0.09371
-0.10134
-0.12855
-0.12366
-0.1054
-0.10285
-0.10379
-0.08012
-0.07946
-0.0669
-0.04199
-0.04737
-0.02761
-0.03234
-0.01285
4.21363E-4
0.02237
0.02937
0.02778
0.02196
0.00639
0.01173
0.01971
0.03999
0.02495
8.74481E-4
0.00404
0.01414
-0.00659
0.011
0.00266
0.01567
0.01597
0.00115
0.00987
0.00609
0.00983
0.00776
0.02341
0.03192
0.06437
0.09439
0.10351
0.08768
0.11709
0.1334
0.1357
0.13376
0.15245
0.15871
0.15691
0.13829
0.1359
0.14252
0.12809
0.11075
0.11557
0.10714
0.12386
0.1196
0.11788
0.10536
0.0935
0.07727
0.09121
0.07604
0.08879
0.11026
0.12736
0.13402
0.12666
0.11572
0.12021
0.11108
0.12475
0.13802
0.14031
0.12383
0.10455
0.09674
0.08669
0.07218
0.03544
0.01235
0.03276
0.03981
0.05255
0.04426
0.02063
0.00321
-0.02814
-0.01241
-0.00601
0.01526
-0.01058
-0.0224
-0.03395
-0.01853
-0.02492
0.03763
0.03868
0.04581
0.05812
0.09735
0.10768
0.08612
0.11331
0.09037
0.08687
0.08571
0.13177
0.15905
0.14312
0.15005
0.20407
0.31235
0.43
0.53084
0.64713
0.75458
0.81047
0.91239
1.0566
1.13983
1.24131
1.3674
1.49005
1.55358
1.67185
1.7953
1.89744
1.98253
2.06628
2.19674
2.29981
2.34784
2.39577
2.36114
2.36805
2.35842
2.37604
2.41179
2.42107
2.38777
2.41206
2.41583
2.42102
2.4573
2.45949
2.47979
2.46924
2.50366
2.48795
2.5073
2.50799
2.49307
2.51921
2.49573
2.52486
2.53746
2.52854
2.53786
2.54702
2.54785
2.55877
2.59337
2.59107
2.57566
2.56167
2.56832
2.53805
2.54932
2.54763
2.55204
2.5734
2.57554
2.5824
2.56915
2.54673
2.53564
2.54316
2.57291
2.55063
2.55753
2.52324
2.52274
2.48905
2.49836
2.50447
2.49977
2.4988
2.4916
2.46404
2.46066
2.4454
2.43237
2.39582
2.389
2.39035
2.41538
2.41956
2.41579
2.40458
2.42146
2.3952
2.45264
2.43468
2.43603
2.41292
2.41638
2.39102
2.41829
2.42996
2.4604
2.45097
2.45517
2.46467
2.4968
2.52593
2.52062
2.52866
2.50338
2.48153
2.49242
2.50156
2.49314
2.47779
2.49451
2.47908
2.5037
2.50087
2.51305
2.50899
2.49602
2.51454
2.52732
2.54638
2.55199
2.54415
2.54271
2.52628
2.51746
2.53544
2.56572
2.52702
2.48166
2.48067
2.4646
2.47754
2.48312
2.45922
2.45508
2.44956
2.44879
2.46486
2.43078
2.43885
2.43791
2.39684
2.38975
2.376
2.38082
2.34028
2.34661
2.34179
2.35903
2.42368
2.46158
2.44922
2.41857
2.38883
2.38806
2.39191
2.39295
2.37666
2.40858
2.44092
2.42075
2.41606
2.43076
2.42697
2.43182
2.44389
2.483
2.45688
2.4604
2.45837
2.42392
2.37924
2.40923
2.39899
2.42724
2.44491
2.42446
2.45259
2.46282
2.42532
2.38366
2.38643
2.35783
2.3717
2.37169
2.35579
2.35062
2.36289
2.36604
2.34006
2.34384
2.34138
2.4035
2.39811
2.40442
2.40832
2.38523
2.40981
2.3805
2.38031
2.37958
2.44743
2.42863
2.44898
2.42326
2.4153
2.43703
2.4164
2.39139
2.49221
2.51891
2.49737
2.47864
2.41343
2.40438
2.41376
2.43294
2.48843
2.44026
2.45056
2.44561
2.4403
2.39195
2.3669
2.35398
2.35592
2.36906
2.34804
2.35221
2.32367
2.27997
2.27808
2.31351
2.35203
2.35805
2.37941
2.37019
2.32219
2.2791
2.33341
2.29732
2.28187
2.27105
2.26235
2.3028
2.33439
2.33316
2.34017
2.34954
2.35231
2.35718
2.28388
2.25196
2.23833
2.2183
2.23762
2.1896
2.24364
2.27119
2.27283
2.26564
2.30198
2.33023
2.34312
2.36369
2.35669
2.34224
2.34046
2.34449
2.33743
2.34799
2.36226
2.4494
2.45913
2.45335
2.44542
2.44593
2.46172
2.41839
2.40598
2.41169
2.40206
2.38881
2.39124
2.37621
2.38218
2.39557
2.38527
2.39486
2.42328
2.42296
2.42161
2.43967
2.38723
2.38827
2.35188
2.26923
2.14695
2.04173
1.95376
1.84147
1.73691
1.62022
1.49414
1.36997
1.29464
1.18429
1.05928
0.94788
0.85792
0.68924
0.57282
0.47448
0.35788
0.26591
0.14209
0.06149
0.05182
0.03051
0.02919
0.00532
0.00604
-0.0346
-0.03911
-0.03043
-0.04657
-0.05844
-0.08209
-0.07771
-0.05326
-0.06289
-0.04261
-0.04296
-0.05585
-0.05647
-0.07808
-0.05456
-0.0522
-0.04807
-0.03087
-0.01669
0
-0.00512
0.02254
0.0174
0.00988
0.01481
0.01547
0.018
-1.03018E-4
-0.02798
-0.04451
-0.04583
-0.03523
-0.02159
-0.04417
-0.0402
-0.05261
-0.0518
-0.07295
-0.06421
-0.08246
-0.09088
-0.07076
-0.05939
-0.03912
-0.04612
-0.05403
-0.04834
-0.04395
-0.02433
-0.01561
-0.01825
-0.02973
-0.02985
-0.05322
-0.03483
-0.03483
-0.02548
-0.01746
-0.02928
-0.01983
-0.02262
-0.04422
-0.04531
-0.05621
-0.06565
-0.03971
-0.01919
-0.03255
-0.03374
-0.04814
-0.07048
-0.04786
-0.06108
-0.05591
-0.0518
-0.05231
-0.05891
-0.05453
-0.05967
-0.05622
-0.06494
-0.05764
-0.0448
-0.04188
-0.0531
-0.06883
-0.08442
-0.09248
-0.09643
-0.09483
-0.07339
-0.03422
-0.05127
-0.03617
-0.04356
-0.04143
-0.04076
-0.03506
-0.04867
-0.04614
-0.03713
-0.06502
-0.05522
-0.04727
-0.05744
-0.04486
-0.06204
-0.06163
-0.05672
-0.04837
-0.06621
-0.07545
-0.08946
-0.11378
-0.11283
-0.11745
-0.11637
-0.11172
-0.11183
-0.11194
-0.10399
-0.11137
-0.08741
-0.11068
-0.10932
-0.10348
-0.09631
-0.06917
-0.05553
-0.06702
-0.05683
-0.06197
-0.0634
-0.06511
-0.04551
-0.04668
-0.05671
-0.05246
-0.07228
-0.06499
-0.06047
-0.07892
-0.06752
-0.07227
-0.05988
-0.06704
-0.0828
-0.09471
-0.08122
-0.10002
-0.10153
-0.13915
-0.12885
-0.12582
-0.13951
-0.12605
-0.13793
-0.11308
-0.11238
-0.09127
-0.08597
-0.07078
-0.07701
-0.07786
-0.08141
-0.0959
-0.11501
-0.11325
-0.11121
-0.10906
-0.11362
-0.11079
-0.09272
-0.07897
-0.09847
-0.08143
-0.09404
-0.07277
-0.08376
-0.07821
-0.09705
-0.11457
-0.13355
-0.11341
-0.11017
-0.10705
-0.08767
-0.06251
-0.04472
-0.04876
-0.05861
-0.03843
-0.0418
-0.03234
-0.03015
-0.01593
-0.02634
-0.01292
-0.02291
-0.019
-0.04088
-0.02977
-0.02358
-0.01634
-0.0315
-0.04151
-0.0491
-0.04321
-0.04737
-0.05246
-0.05932
-0.05987
-0.06662
-0.05584
-0.05841
-0.06628
-0.06082
-0.04401
-0.06118
-0.05243
-0.0652
-0.06896
-0.05289
-0.04898
-0.04415
-0.03314
-0.02638
0.00156
-0.00347
-0.01584
-0.01758
0.0087
0.01145
0.01579
0.00867
0.01265
0.01517
2.39879E-4
-0.0172
-0.01574
-0.02471
-0.01571
0.01037
0.01528
-0.00704
-0.01444
-0.02158
-0.03481
-0.05175
-0.03862
-0.02406
-0.02378
-0.02614
-0.02216
-0.02468
-0.02231
-0.0276
-0.03486
-0.03842
-0.02952
-0.02433
-0.02605
-0.04296
-0.07392
-0.12619
-0.14069
-0.17595
-0.18607
-0.18465
-0.19393
-0.23596
-0.26642
-0.27921
-0.29279
-0.28155
-0.23113
-0.1547
-0.08407
-0.02485
0.07631
0.16079
0.25771
0.34643
0.41623
0.48352
0.5607
0.62584
0.69602
0.7732
0.83306
0.93206
1.04046
1.11937
1.18636
1.22096
1.26943
1.30257
1.32142
1.34741
1.36864
1.38233
1.40306
1.40355
1.41672
1.4373
1.45537
1.46934
1.48779
1.53152
1.51691
1.54912
1.51958
1.51754
1.54579
1.56108
1.60745
1.62143
1.62826
1.60454
1.57353
1.5662
1.54656
1.5178
1.49936
1.48635
1.46182
1.46508
1.45525
1.4585
1.44706
1.46552
1.44405
1.44785
1.45362
1.46126
1.47922
1.47441
1.4688
1.44826
1.44782
1.47622
1.47446
1.44081
1.43507
1.43119
1.42095
1.43241
1.43766
1.44516
1.43772
1.4263
1.41012
1.39765
1.39165
1.37111
1.35216
1.33413
1.32906
1.31541
1.31298
1.31308
1.29122
1.30692
1.33756
1.33488
1.33524
1.34103
1.33478
1.34798
1.34781
1.38084
1.37511
1.392
1.39857
1.42737
1.44703
1.44461
1.44058
1.44755
1.45862
1.46889
1.46038
1.48217
1.47153
1.47983
1.4946
1.49575
1.50801
1.51154
1.49298
1.51899
1.51287
1.51441
1.4998
1.54421
1.52036
1.52905
1.51962
1.51573
1.51503
1.51497
1.52181
1.508
1.48071
1.48133
1.49463
1.50148
1.51718
1.52494
1.5249
1.52023
1.53197
1.51447
1.534
1.53369
1.4851
1.49115
1.47589
1.49212
1.50293
1.47126
1.47994
1.4602
1.4919
1.50231
1.50465
1.48133
1.48565
1.47476
1.46427
1.4805
1.50811
1.4807
1.49667
1.47812
1.49289
1.50395
1.50283
1.52471
1.50268
1.48608
1.50598
1.48382
1.49329
1.50078
1.50882
1.49701
1.48996
1.47576
1.48777
1.48414
1.4673
1.42427
1.4237
1.41942
1.42296
1.43297
1.40633
1.4101
1.38887
1.41697
1.44799
1.45215
1.46808
1.46854
1.4522
1.46641
1.49426
1.52937
1.54186
1.56045
1.58564
1.59602
1.59529
1.59495
1.58787
1.59535
1.58655
1.63662
1.63244
1.63026
1.64461
1.61809
1.64024
1.6423
1.63972
1.65129
1.64911
1.66967
1.6782
1.66953
1.63824
1.60854
1.60595
1.63446
1.64709
1.65853
1.6373
1.64081
1.62619
1.63356
1.61937
1.56999
1.55328
1.51223
1.50028
1.49548
1.50627
1.49749
1.46413
1.4207
1.41391
1.41346
1.42954
1.44668
1.44345
1.44817
1.4251
1.44371
1.43518
1.43976
1.45148
1.4505
1.47809
1.50581
1.52201
1.53676
1.5195
1.51456
1.51333
1.50774
1.51564
1.516
1.53197
1.51843
1.50728
1.49546
1.48087
1.51153
1.49257
1.50246
1.48722
1.46218
1.46319
1.48459
1.48522
1.49285
1.48079
1.50814
1.49343
1.49232
1.51344
1.55322
1.54181
1.55724
1.56064
1.59525
1.60131
1.60932
1.60278
1.60297
1.60713
1.58802
1.52577
1.46181
1.37391
1.30651
1.22959
1.14036
1.07429
0.98097
0.8891
0.78533
0.64862
0.59062
0.49889
0.43938
0.31433
0.25401
0.18658
0.10726
0.07464
-0.01757
-0.07137
-0.0787
-0.07377
-0.07546
-0.08872
-0.10532
-0.07754
-0.06705
-0.08377
-0.05893
-0.06137
-0.03144
-0.02934
-0.01982
-0.01575
-0.01459
-0.03087
-0.03368
-0.03802
-0.06545
-0.0683
-0.06315
-0.07381
-0.06252
-0.06849
-0.05494
-0.05527
-0.07901
-0.10237
-0.06549
-0.09232
-0.08128
-0.09189
-0.07282
-0.0993
-0.12105
-0.1254
-0.1359
-0.15654
-0.13945
-0.13063
-0.11005
-0.09888
-0.08771
-0.10449
-0.07632
-0.0834
-0.06526
-0.0465
-0.05059
-0.05127
-0.04188
-0.0038
-0.00459
-0.03727
-0.02417
-0.01609
-0.00562
0.00721
0.01397
-0.00956
0.00579
0.01651
0.01574
0.01285
0.01326
0.01447
0.01264
-0.00374
-0.013
-0.00399
-0.0053
0.01095
-0.01966
0.01862
0.0403
0.02427
0.01661
0.02733
0.03645
0.03889
0.0416
0.03633
0.01681
0.00788
0.0116
0.00187
-0.02756
-0.01009
0.01293
0.02088
0.00765
0.014
0.01454
0.01084
-0.00233
-0.01548
-0.01018
-0.0119
-0.02466
-0.00675
-0.00748
0.01113
0.01364
0.00691
0.01696
0.01339
0.00764
-0.00818
-0.0294
-0.04029
-0.03462
-0.02681
-0.02415
-0.0502
-0.05457
-0.04161
-0.01752
0.00463
0.01722
0.02852
0.00569
0.01505
0.00409
-0.01518
0.00567
0.01685
0.01639
0.06184
0.08487
0.10353
0.12185
0.11121
0.12109
0.12953
0.16237
0.16668
0.13649
0.13777
0.13716
0.13002
0.11292
0.11385
0.09056
0.07934
0.07468
0.06911
0.05673
0.06485
0.02451
0.02948
0.02193
0.01463
0.02505
0.01523
1.84008E-5
-0.00907
0.00268
0.00502
-0.00515
-0.01688
-0.03367
-0.02545
-0.03242
-0.01453
-0.00852
0.01864
0.01363
0.0179
-0.00201
0.01909
0.01079
0.0016
0.01531
0.00928
-3.78733E-5
0.00386
0.02192
0.01259
0.01649
0.00374
0.01547
0.03443
0.04137
0.05625
0.06071
0.05907
0.05491
0.0698
0.03944
0.06278
0.05557
0.051
0.06441
0.05738
0.06976
0.0886
0.06657
0.03673
0.04421
0.05181
0.06947
0.03053
0.03573
0.03816
0.0341
0.03639
0.02812
0.01687
0.01997
0.06226
0.0579
0.06687
0.06635
0.07233
0.05906
0.03275
0.03417
0.06852
0.08548
0.07951
0.06916
0.03745
0.07211
0.05903
0.06881
0.07236
0.03918
0.04221
0.04282
0.00923
-0.01763
-0.04172
-0.05625
-0.0549
-0.07511
-0.07754
-0.05628
-0.06448
-0.08646
-0.09228
-0.10143
-0.08452
-0.07981
-0.08173
-0.0631
-0.08052
-0.08495
-0.05936
-0.04082
-0.01413
-0.01454
0.00316
0.03465
0.06944
0.06122
0.06542
0.0557
0.0465
0.06006
0.05724
0.07277
0.09602
0.09667
0.10884
0.10807
0.11208
0.10814
0.11279
0.09955
0.09294
0.06742
0.08562
0.06053
0.06726
0.01807
0.01129
-5.00699E-5
0.00706
0.02707
0.02534
0.04782
0.02797
0.01767
0.01714
0.01965
0.02104
0.00652
0.02692
0.04462
0.12183
0.18282
0.2619
0.29398
0.29577
0.29717
0.32614
0.37697
0.40563
0.45533
0.4792
0.46885
0.4952
0.52582
0.54863
0.60643
0.68949
0.73106
0.7941
0.82531
0.85863
0.86074
0.88308
0.87088
0.86085
0.87153
0.85018
0.84421
0.84367
0.86761
0.85292
0.84114
0.87181
0.89678
0.89885
0.90822
0.90811
0.87598
0.8684
0.83652
0.83521
0.83917
0.83704
0.81541
0.82083
0.81352
0.82189
0.83109
0.82809
0.80242
0.81917
0.80915
0.79938
0.83839
0.82823
0.83843
0.84503
0.82459
0.81136
0.83706
0.81783
0.85142
0.8292
0.83375
0.87356
0.88175
0.9171
0.92108
0.93666
0.94344
0.97113
0.9374
0.95538
0.9652
0.94697
0.90833
0.90515
0.90028
0.92422
0.9479
0.94473
0.98574
0.96854
0.97396
0.99199
0.97351
0.96003
0.91299
0.91627
0.90333
0.92846
0.92226
0.92774
0.92535
0.92279
0.90555
0.93365
0.94059
0.94886
0.91428
0.89449
0.88661
0.90709
0.89127
0.87844
0.85238
0.84681
0.83318
0.84679
0.8317
0.84438
0.81382
0.82305
0.83997
0.84962
0.84935
0.84972
0.85562
0.82017
0.82776
0.81571
0.80918
0.81609
0.79184
0.78987
0.83154
0.85283
0.85959
0.87626
0.85257
0.86051
0.8502
0.8383
0.85138
0.86084
0.87232
0.89045
0.88329
0.84646
0.85489
0.84763
0.86244
0.86948
0.86411
0.88239
0.89045
0.87621
0.87092
0.86398
0.84974
0.87576
0.87809
0.8645
0.86139
0.8418
0.84775
0.8398
0.83621
0.83975
0.81991
0.81971
0.83228
0.83883
0.83227
0.85108
0.80719
0.81869
0.82596
0.82475
0.82658
0.81321
0.82743
0.82925
0.85121
0.87184
0.85861
0.83226
0.81915
0.8177
0.81491
0.85631
0.86476
0.85484
0.84602
0.85983
0.85345
0.87328
0.87917
0.86099
0.85414
0.85105
0.89451
0.90965
0.93068
0.91014
0.90122
0.90768
0.91565
0.92119
0.90678
0.9333
0.95557
0.9506
0.97241
0.97848
1.00161
0.97856
0.98315
0.97322
0.9859
1.01245
1.03026
1.01692
0.98408
0.95073
0.95707
0.97198
0.98754
0.95604
0.9367
0.94726
0.94606
0.93457
0.96247
0.93823
0.94214
0.94457
0.92642
0.95127
0.96781
0.96134
0.9447
0.92892
0.95178
0.97256
0.9754
0.98875
1.00283
0.99466
1.00362
1.02542
1.01281
1.00037
0.97602
0.93726
0.93271
0.95075
0.90815
0.94898
0.91854
0.89045
0.87913
0.8631
0.85948
0.83005
0.80409
0.80218
0.77317
0.74108
0.76548
0.78076
0.78233
0.78159
0.76545
0.76435
0.80502
0.80857
0.79884
0.82212
0.78983
0.80285
0.81198
0.82322
0.8461
0.85506
0.87741
0.89382
0.88257
0.90154
0.92106
0.88249
0.84769
0.80566
0.80586
0.78458
0.76044
0.71783
0.70221
0.65366
0.60575
0.57017
0.54246
0.49383
0.44546
0.37968
0.33847
0.26332
0.19678
0.1666
0.13923
0.0308
0.02685
0.01508
0.00329
0.04315
0.05398
0.04771
0.05634
0.04305
-5.25706E-4
-9.69027E-4
0.00576
0.02523
-0.02767
0.00965
0.02336
0.02042
0.03255
0.02291
-0.01701
0.10292
0.08153
0.08257
0.06782
0.08579
0.08539
0.11326
0.11948
0.09226
0.09977
0.11007
0.12483
0.10638
0.10911
0.11468
0.11504
-0.01545
-0.01662
-0.02809
0.01193
0.02565
0.02271
0.03483
0.0252
-0.01472
-0.01155
-0.00111
0.02198
-0.02717
0.01285
0.02656
0.08527
0.0705
-0.01516
-0.02662
0.0134
0.02711
0.02417
0.0363
0.02666
-0.01326
-0.01009
3.54296E-4
0.02345
-0.02571
0.01431
0.02802
-0.01262
0.10732
0.08595
0.08701
0.07224
0.09019
0.08976
-0.01198
0.10796
0.08659
0.08765
0.07288
0.09083
0.0904
-0.0126
-0.02406
0.01596
0.02967
0.02673
0.03886
0.02922
-0.0107
-0.00753
0.00291
0.02601
-0.02315
0.01687
0.03058
0.07443
0.09239
0.09196
0.11982
-0.00969
0.11025
0.08888
0.08993
0.07516
0.09312
0.09269
0.12055
0.12676
0.09953
0.10703
0.11732
-0.0086
0.11135
0.08998
0.09103
0.07626
0.09422
0.09379
0.12165
0.12786
0.10063
-0.00894
-0.02041
0.01961
0.03333
0.03039
0.04252
0.03288
-0.00704
-0.00387
0.00657
0.02967
-0.01949
0.02053
0.03424
-0.0064
0.11354
0.09217
0.09323
0.07846
0.09641
0.09598
0.12384
0.13006
0.10282
0.11032
0.12061
0.13539
0.11695
0.08158
-0.00629
-0.01775
0.02227
0.03598
0.03304
0.04517
0.03553
-0.00439
-0.00122
0.00922
0.03232
-0.01684
0.02318
0.03689
0.09464
0.09569
0.08092
0.09888
0.09845
0.12631
0.13253
0.10529
0.11279
0.12308
0.13786
0.11942
0.09665
0.10863
0.11655
0.12515
0.09995
0.12106
0.1014
0.09472
0.11165
0.10856
0.10437
0.12406
0.1084
0.10185
0.11712
0.09268
0.11583
0.11346
0.09892
0.11351
0.0859
0.11673
-0.0019
-0.01337
0.02666
0.04037
0.03743
0.04956
0.03992
0
0.00317
0.01361
0.03671
-0.01245
0.02757
0.04128
0.11688
0.1019
0.11835
0.10584