
0.23344
0.04136
-0.05611
-0.15369
-0.02114
0
-0.00306
0.00644
0.0077
-0.01353
0.01544
0.06952
0.13833
0.0383
0.01576
1.36329E-4
0.03124
-0.01294
-0.09695
-0.17923
-0.12904
-0.08708
-0.1291
-0.20272
-0.15859
-0.15949
-0.1448
-0.23227
-0.17516
-0.06609
0.10661
0.11437
0.10482
0.14245
0.20216
0.18525
0.20643
0.23065
0.23755
0.2609
0.27255
0.17901
0.13137
0.12181
0.15512
0.12652
0.13558
0.13426
0.10522
0.14156
0.05452
0.03068
0.00294
-0.00401
0.01458
-0.02961
-0.09414
-0.05391
-0.08034
-0.10591
-0.13668
-0.08519
-0.14712
-0.10516
-0.10908
-0.09699
-0.09139
-0.0148
-0.0789
-0.10144
-0.06294
-0.03007
-0.02793
0.00407
0.02829
0.0577
0.0594
0.05115
0.10393
0.16884
0.17487
0.13285
0.12633
0.12587
0.1345
0.13231
0.09938
0.04437
0.02832
-0.06521
-0.03451
0.04209
0.00483
-0.01554
-0.0515
-0.01993
-0.01519
-0.03643
-0.01438
0.00377
0.06435
0.0193
-0.02922
-0.02491
-0.03403
0.04992
0.05206
0.0425
0.03815
0.07621
0.03246
0.03676
0.02505
-0.02823
-0.02653
0.02106
-0.07204
-0.12489
-0.17383
-0.12667
-0.17649
-0.08777
-0.14321
-0.18523
-0.18093
-0.1355
-0.18012
-0.17409
-0.17238
-0.18064
-0.23824
-0.24173
-0.27986
-0.20802
-0.18857
-0.19596
-0.18993
-0.23151
-0.17526
-0.1714
-0.12554
-0.0602
-0.0256
0.01291
-0.05985
-0.00836
0.01758
-0.02877
0.06038
-0.00718
-0.02755
0.00705
-0.01895
-0.035
-0.032
-0.01904
0.05453
0.07008
0.1627
0.14189
0.14749
0.16781
0.15263
0.22229
0.16599
0.16509
0.1997
0.0317
0.01479
-0.0229
0.00261
0.0805
0.08653
0.07828
0.0341
0.11719
0.00374
-0.024
0.05952
0.07378
0.085
0.0235
-0.05575
-0.06141
-0.04889
-0.00736
-0.07448
8.08984E-4
0.05749
0.00291
-0.03651
-0.09845
-0.09459
-0.04614
-0.02841
-0.05269
-0.11506
-0.07916
-0.0372
-0.10303
-0.05847
-0.05763
-0.00182
0.02153
-0.02612
-0.03221
-0.00193
0.0028
-0.0271
-0.11891
-0.06785
-0.10814
-0.05319
-0.0753
-0.06754
-0.07103
-0.10569
-0.14468
-0.14341
-0.09626
-0.04867
-0.04307
-0.05479
-0.06997
-0.09468
-0.10034
-0.04452
-0.00863
-0.00563
0.04889
0.0415
0.09299
0.0514
0.09942
0.11454
0.17858
0.17985
0.17419
0.1694
0.17067
0.09791
0.07017
0.03205
0.01946
0.01597
0.04018
-0.05595
2.96306E-4
0.02277
0.04396
0.05605
0.08372
0.12785
0.16072
0.1845
0.21867
0.12989
0.20389
0.19823
0.12677
0.13756
0.07519
0.07862
0.03963
-0.00499
-0.04702
-0.08168
-0.02457
-0.03716
-0.10212
-0.0199
-0.05067
-0.03252
-0.03688
0.0185
0.07129
0.10156
0.02881
0.05475
0.06684
0.09668
0.05422
0.07151
0.11824
0.17449
0.1355
0.12075
0.11206
0.18216
0.17478
0.1189
0.20848
0.27728
0.28461
0.27722
0.16549
0.15246
0.10047
0.05282
0.03676
0.02071
0.15357
0.02755
-0.09284
-0.12665
-0.12194
-0.05704
-0.09864
-0.11816
-0.06928
-0.03123
-0.01742
-0.13001
-0.10624
-0.02187
-0.04399
-0.04577
-0.03672
-0.04628
0.03853
0.01208
-0.03558
-0.05727
-0.01445
-0.05562
-0.16432
-0.09639
-0.12068
-0.15665
-0.0831
-0.16928
-0.09097
0.02111
0.14791
0.22146
0.40713
0.26223
0.11414
0.08596
0.16557
0.14172
0.09493
0.07195
-0.00688
0.04329
0.06576
0.10338
0.19512
0.2743
0.29071
0.26036
0.35772
0.37024
0.39963
0.39527
0.36493
0.3454
0.26052
0.19855
0.15389
0.1707
0.18277
0.10351
0.08658
0.08221
0.10165
0.12109
0.08555
0.20499
0.20972
0.18719
0.12611
0.10227
0.10873
0.09269
0.11993
0.06839
0.04931
0.05145
0.0064
0.0094
0.00288
0.03315
0.0223
0.06383
0.07636
0.0326
0.08799
0.02692
0.06456
-0.01816
-0.07403
-0.05328
-0.03383
-0.0581
-0.12479
-0.13261
-0.06684
-0.08895
0.00366
6.00848E-4
0.08412
0.14297
0.08407
0.02603
0.00825
0.01861
0.01512
-0.05071
-0.02952
-0.09752
-0.1404
-0.16121
-0.19328
-0.1656
-0.1574
-0.1163
-0.08083
-0.10684
-0.07181
0.01388
0.02554
0.01079
0.06141
0.11116
0.16178
0.15916
0.2258
0.19633
0.21145
0.16034
0.11746
0.10834
0.10485
0.06023
0.12081
0.16623
0.21426
0.09778
0.11896
0.14058
0.1596
0.13879
0.18725
0.25518
0.22009
0.11444
0.05856
0.06632
0.13037
0.13164
0.15802
0.1831
0.18913
0.16096
0.14232
0.24186
0.22062
0.19158
0.14567
0.13309
0.06639
0.05511
0.05162
0.0321
0.05026
0.04244
0.00258
0.02074
0.01335
-0.00659
0.03667
0.13361
0.09894
0.11147
0.04997
-0.01067
-0.04619
-0.06007
-0.00209
-0.02636
0.04807
0.00864
0.02117
0.07699
0.0657
0.12671
0.14313
0.18034
0.17684
0.17898
0.25081
0.24776
0.23907
0.19229
0.1797
0.09483
0.12207
0.17399
0.1627
0.1328
0.12238
0.05699
0.04397
0.06949
0.05474
0.08068
0.1616
0.09664
0.05678
0.08446
0.13508
0.13808
0.1887
0.14841
0.14276
0.15312
0.05352
0.02968
0.07511
0.03396
-0.01239
-0.0436
-0.01463
-0.00297
-0.0307
-0.04718
-0.07146
-0.01694
-0.01697
-0.03042
0.08168
0.0626
0.12837
0.04436
-0.04398
0.03998
0.00185
0.04988
0.036
0.09571
0.12468
0.10344
0.13025
0.06744
0.0462
0.07734
-0.01144
0.10411
0.07941
0.09323
0.06636
0.05637
0.01911
0.05934
0.07446
0.11642
0.15579
0.2168
0.15053
0.12799
0.09246
0.06343
0.06989
0.12527
0.10446
0.12564
0.21263
0.15892
0.13421
0.12422
0.1454
0.18347
0.25097
0.2847
0.24268
0.21841
0.22011
0.15471
0.12049
0.14989
0.12605
0.1468
0.17664
0.16102
0.11251
0.14365
0.19773
0.13926
0.10243
0.19331
0.14739
0.20884
0.22396
0.19621
0.17279
0.18356
0.16577
0.19906
0.28387
0.28167
0.22752
0.29111
0.25644
0.24774
0.18492
0.13034
0.11255
0.09908
0.02848
0.0029
0.02969
0.02965
-0.04528
-0.01372
-0.06745
-0.03849
-0.08139
-0.06021
-0.06848
-0.03432
-0.09713
-0.07466
-0.00761
0.06205
-0.01635
0.03339
-0.00994
0.09348
0.07785
0.05876
0.07084
0.10846
0.03872
0.02526
0.02089
0.04466
0.00999
0.10691
0.09779
0.12848
0.14273
0.13576
0.1617
0.25906
0.19192
0.13257
0.11868
0.16886
0.18354
0.11943
0.09168
0.05051
6.89946E-4
-0.0145
-0.07515
-0.06004
-0.03324
-0.02462
-0.07832
-0.17272
-0.13336
-0.16369
-0.03212
-0.05163
-0.0456
-0.07116
-0.03267
-0.03055
-0.03578
-0.03409
-0.02418
0.00132
-0.01041
-0.13858
-0.0659
-0.05814
-0.06425
-0.06126
-0.03749
-0.0384
-0.03628
0.02775
0.05714
0.11035
0.13888
0.11027
0.00806
0.03053
0.04651
0.09062
0.09794
0.10093
0.07838
0.02682
-0.00353
-0.03517
-0.07158
0.01972
-0.0262
-7.01337E-4
-0.12195
-0.08346
-0.0545
-0.05497
-0.1377
-0.13384
-0.03735
-0.00838
-0.08375
-0.00673
-0.06825
-0.00552
-0.00902
-0.0043
-0.00391
0.048
0.04017
-0.05035
-0.09801
-0.07511
-0.06086
-0.04618
-0.06224
-0.08609
-0.11124
-0.06755
0.01033
0.05228
0.13839
0.21583
0.23917
0.21705
0.23692
0.23428
0.25892
0.27662
0.25407
0.29169
0.33711
0.32062
0.31494
0.34867
0.37893
0.333
0.3901
0.44244
0.36578
0.37742
0.29556
0.2531
0.2063
0.18678
0.1625
0.09622
0.11783
0.03814
-0.03463
0.01598
-0.01047
0.01546
0.002
-0.02185
-0.00414
0.07374
0.09967
0.10656
0.17318
0.19565
0.18955
0.10423
0.13189
0.15956
0.20973
0.16033
0.08929
0.08189
0.05891
0.01687
0.01597
0.05229
0.12454
0.10546
0.05866
0.09931
0.19668
0.16503
0.24335
0.22382
0.24673
0.19041
0.1579
0.13102
0.08336
0.03527
-0.05222
-0.12542
-0.07741
-0.12724
-0.15239
-0.14594
-0.13732
-0.10792
-0.04476
-0.05822
0.0084
0.02265
0.04945
-0.02895
-0.10302
-0.05327
-0.06327
-0.02046
-0.05556
-0.03353
2.014E-4
-0.02192
-0.01287
-0.05057
0.05631
0.03852
-4.77672E-4
0.02892
-0.00359
-0.02052
-0.07553
-0.09895
-0.08291
-0.03437
-0.01179
-0.0533
0.05066
0.07539
0.07112
0.06728
0.10327
0.07735
0.10641
0.1082
0.07363
0.06113
0.0534
6.43886E-4
0.07256
0.04709
0.03376
0.04378
0.04383
0.01835
0.01192
0.01934
-0.02389
0.00517
-0.04023
-0.04017
-0.0163
0.05648
0.01628
0.01764
0.04064
0.0433
0.02432
0.06073
-0.03271
0.00933
-0.03563
-0.05375
-0.09654
-0.03285
-0.01634
0.01835
0.04438
0.05396
0.05922
0.14067
0.16324
0.13212
0.12699
0.13224
0.08728
0.10162
0.04886
0.02122
0.01132
-0.03668
-0.05307
-0.08678
-0.09754
-0.1161
-0.14505
-0.08438
-0.13194
-0.08167
-0.05217
-0.05082
-0.03434
-0.02175
-0.02994
-0.03379
0.00827
0.10051
0.08973
0.13436
0.08029
0.0418
0.06262
0.09859
0.08651
0.15322
0.17923
0.1165
0.08667
0.05944
0.04303
0.06514
0.03098
-0.01183
-0.08365
-0.10526
-0.15241
-0.20561
-0.19215
-0.24493
-0.28341
-0.24614
-0.19329
-0.16771
-0.1668
-0.06676
-0.03642
-0.02815
-0.0056
0.02084
0.05032
0.07114
0.04044
-0.02532
-0.04779
-0.00619
-0.0897
-0.0823
-0.07144
0.01994
0.01436
0.01526
0.05946
0.06296
0.1301
0.19465
0.17867
0.24755
0.22897
0.22771
0.16065
0.18493
0.13086
0.1335
0.11882
0.047
0.03016
0.08518
0.03933
0.02335
0.02599
0.06153
0.03473
0.06897
0.03914
0.09069
0.10112
0.06047
-0.01438
-0.00785
0.06666
0.09267
0.11782
0.17024
0.20838
0.20062
0.14872
0.15958
0.20247
0.19645
0.23978
0.12467
0.05978
0.0161
-0.0462
-0.06175
-0.11495
-0.07379
-0.09323
-0.12739
-0.19618
-0.22255
-0.12554
-0.06922
-0.02113
-0.03147
-0.06173
-0.02533
-0.00754
-0.01572
0.00813
0.12808
0.07747
-0.00734
0.05764
-0.00682
0.00361
-0.00501
0.02533
0.00286
0.0068
0.03324
0.03761
0.03895
0.0944
0.03384
0.02219
5.83237E-4
0.01447
0.03659
0.07386
0.14273
0.09039
0.02636
0.10173
0.08791
0.08406
0.09535
0.12873
0.12617
0.07686
0.04227
-0.046
-0.04207
-0.02254
-0.029
0.02515
0.03688
0.04471
0.05341
0.08765
0.15869
0.17388
0.22976
0.27093
0.2701
0.27664
0.21044
0.19446
0.21658
0.24995
0.2119
0.10674
0.02843
0.01115
0.02548
0.04933
0.06971
0.11131
0.11005
0.14516
0.11879
0.13052
0.15394
0.23493
0.23194
0.16402
0.16363
0.17709
0.14553
0.18886
0.14907
0.18851
0.23054
0.26132
0.20638
0.22676
0.21555
0.17316
0.16238
0.1477
0.11051
0.05125
-0.01798
-0.03049
-0.08283
-0.07933
-0.09574
-0.06452
-0.03072
-0.03154
-0.00986
-0.08947
6.10206E-4
0.03398
0.02234
0.05485
0.11419
0.09042
0.12812
0.13812
0.13686
0.13647
0.21919
0.11966
0.11191
0.09637
0.1016
0.09472
0.1203
0.07012
0.03683
0.05115
0.05033
0.00665
0.06902
0.05781
0.07517
0.10726
0.12678
0.13635
0.12384
0.24725
0.25595
0.25772
0.30452
0.28421
0.32451
0.32628
0.33498
0.27139
0.24632
0.3048
0.23948
0.19796
0.24129
0.24955
0.31366
0.22323
0.23236
0.23673
0.28265
0.31646
0.33641
0.36026
0.34342
0.29887
0.2751
0.25047
0.26046
0.23713
0.18695
0.20561
0.11084
0.0585
0.00703
0.00274
0.06425
0.12923
0.14659
0.18257
0.18996
0.22594
0.18961
0.28359
0.25419
0.25683
0.27505
0.17336
0.15782
0.10332
0.12413
0.07526
0.06014
0.03767
0.00178
0.02823
0.02957
-0.02018
-0.01451
-0.05992
-0.06638
-0.05898
0.01682
-0.00825
4.49198E-4
0.07755
0.13083
0.15165
0.22052
0.30325
0.33662
0.35744
0.35618
0.28046
0.37315
0.41172
0.40267
0.33258
0.285
0.27076
0.2024
0.05266
0.03236
-0.00137
0.09694
0.04936
0.05373
-0.0064
0.03909
0.15299
0.12705
0.13316
0.22411
0.18951
0.21726
0.23115
0.24765
0.19227
0.19838
0.19236
0.06123
0.13313
0.13015
0.13668
0.19819
0.24585
0.24026
0.23121
0.23298
0.19622
0.20146
0.25561
0.19288
0.25007
0.22543
0.24495
0.1675
0.06841
0.01737
0.0594
0.12004
0.11056
0.108
0.10112
0.0319
0.09125
0.0783
0.0844
0.1641
0.25461
0.18063
0.13824
0.16555
0.1617
0.16434
0.20247
0.20512
0.24412
0.24892
0.2074
0.16502
0.24125
0.1941
0.19327
0.18466
0.16175
0.12716
0.10513
0.08568
0.02816
0.03642
-0.01029
-0.05397
0.03135
0.00498
0.00546
0.04143
0.08995
0.0861
0.09393
0.12947
0.14163
0.13734
0.16422
0.08937
0.08855
0.12798
0.11547
0.08867
0.10084
0.0459
0.11001
0.10269
0.07372
0.09628
0.13138
0.17688
0.17563
0.23627
0.20038
0.19783
0.17233
0.13688
0.09363
0.15341
0.10323
0.12146
0.02929
-0.00313
-0.03426
0.02336
-0.00949
0.03297
-0.00421
0.02137
0.01752
0.00674
0.01025
0.11462
0.07355
0.0316
0.06627
0.10874
0.18151
0.25558
0.21969
0.23532
0.29814
0.29212
0.2874
0.34112
0.38533
0.33775
0.32004
0.30017
0.27943
0.35913
0.36566
0.28129
0.31034
0.25021
0.28921
0.33558
0.29103
0.28242
0.21233
0.17428
0.15008
0.13454
0.15883
0.16276
0.21346
0.14078
0.10273
0.1426
0.17987
0.14485
0.20117
0.15836
0.21511
0.25931
0.27451
0.25377
0.29364
0.25299
0.29026
0.24961
0.30983
0.28564
0.20386
0.10131
0.11867
0.07066
0.13434
0.08676
0.13486
0.14356
0.16222
0.19429
0.19001
0.28183
0.30611
0.26936
0.32914
0.29629
0.32882
0.2648
0.2406
0.18393
0.18917
0.18099
0.21393
0.26376
0.25732
0.20888
0.13577
0.17435
0.21596
0.18311
0.26497
0.22433
0.21615
0.12616
0.13097
0.10937
0.12154
0.10601
0.06926
0.06498
0.14901
0.15685
0.16945
0.2405
0.33276
0.338
0.28437
0.29741
0.36715
0.41179
0.36812
0.28895
0.18813
0.18385
0.16356
0.19607
0.14764
0.14552
0.0815
0.02571
-0.04611
-0.08329
-0.07718
-0.02042
0.01296
-0.01426
-0.08521
-0.10291
-0.00632
0.01884
0.07646
0.08517
0.12721
0.12986
0.12687
0.04554
0.02784
0.00538
0.03096
-0.00275
0.03106
-0.02863
-0.01905
0.03381
0.03386
0.01226
0.04434
0.0669
0.03448
0.01332
0.04281
0.04199
0.07191
0.09534
0.06292
0.08158
0.16303
0.16957
0.18001
0.29002
0.28531
0.31263
0.34861
0.3374
0.33529
0.3336
0.29382
0.25838
0.23808
0.27579
0.278
0.31009
0.29239
0.2288
0.24357
0.24491
0.31076
0.29783
0.31692
0.30701
0.21096
0.16685
0.15262
0.16132
0.11765
0.07657
0.11169
0.05459
0.15334
0.1088
0.22617
0.28163
0.28601
0.28043
0.23762
0.29697
0.31174
0.2685
0.27028
0.19501
0.19722
0.09207
0.04797
0.04628
0.09266
0.06846
0.11137
0.12397
0.10367
0.10675
0.15139
0.10512
0.18612
0.18573
0.21046
0.24038
0.33133
0.25389
0.27169
0.25875
0.25837
0.19696
0.22298
0.17714
0.21399
0.23698
0.18724
0.09205
0.09773
0.08307
0.04546
0.0308
0.00228
0.06466
0.09458
0.09809
0.05745
0.03239
0.06968
0.06323
0.03947
0.14515
0.18849
0.23615
0.14529
0.05314
-0.00785
-0.04287
-0.05841
-0.08606
-0.0648
-0.07514
-0.20107
-0.30795
-0.30184
-0.22993
-0.12079
-0.11424
-0.02502
0.02135
0.02876
0.07643
0.07475
0.15402
0.23848
0.21688
0.19139
0.08884
0.15989
0.10279
0.05869
0.08298
0.0471
0.0952
0.071
0.03945
0.08366
0.1547
0.16211
0.16692
0.18039
0.1826
0.18828
0.14763
0.11478
0.10141
0.12267
0.1119
0.0284
0.1055
0.13153
0.11859
0.10046
0.0676
0.0235
0.08156
0.11018
0.09248
0.08473
0.08824
0.02293
-0.05278
-0.1207
-0.09121
-0.07688
0.0223
-0.02137
-0.0447
-0.00742
0.01254
0.02818
-7.78173E-4
-0.01372
0.06252
0.06387
0.09119
0.07003
0.07008
0.09307
0.08489
0.06416
0.03564
0.10495
0.10197
0.10548
0.07263
0.05753
0.05238
0.05287
0.06071
-0.01154
-0.00196
0.01453
-0.04213
0.02632
-0.02644
-0.04414
-0.03674
-0.04361
-0.03058
-0.05953
0.04181
0.00507
0.03412
0.08482
0.01863
0.03686
0.08237
0.06294
0.05043
0.05308
0.15702
0.11595
0.18093
0.13682
0.07064
0.06419
0.07593
0.09589
0.10503
0.14577
0.1034
0.03635
0.03163
0.02043
0.04212
0.07853
0.12663
0.1678
0.10378
0.08477
0.05106
0.11085
0.1031
0.11787
0.05991
0.02706
-0.00493
-0.07631
-0.17106
-0.10045
-0.07356
-0.02979
-0.09294
-0.06736
-0.11492
-0.12397
-0.0724
-0.02257
0.02207
0.06238
0.0161
-0.05268
-0.17947
-0.15171
-0.13781
-0.09188
-0.07148
-0.08788
-0.13848
-0.18129
-0.1912
-0.18336
-0.13136
-0.09755
-0.07845
-0.10394
-0.10995
-0.13718
-0.15964
-0.13491
-0.07642
-0.07767
-0.07936
-0.11048
-0.06151
-0.03895
-0.06747
-0.01591
0.00189
0.05042
0.03878
0.09684
0.151
0.15019
0.19872
0.18059
0.1395
0.17851
0.16557
0.17389
0.08611
0.16544
0.09712
0.06727
0.0898
0.09977
0.18291
0.15003
0.11066
0.05527
0.05745
0.06873
-0.01523
-4.92023E-4
0.04412
0.06578
0.02468
-0.0437
0.00177
0.02993
0.00615
-0.00293
-0.00983
0.04301
-0.00459
-0.07772
-0.10151
-0.09889
-0.15905
-0.17548
-0.1668
-0.12739
-0.14641
-0.12908
-0.16023
-0.11562
-0.15586
-0.17315
-0.17097
-0.11381
-0.09907
-0.09341
-0.05486
-0.05484
-0.04356
-0.02103
0.01665
0.05779
0.08335
0.11541
0.16521
0.16653
0.14058
0.06441
0.06529
0.06358
0.05061
-0.01906
0.00867
0.02687
-0.00601
-0.02591
-0.04147
-0.07435
-0.03104
0.03695
0.06467
0.05387
0.01666
0.07642
0.08034
0.02927
0.00592
0.06525
0.10336
0.04538
0.03198
0.03502
0.05149
0.08917
0.03853
0.01387
0.05198
0.08403
0.01997
0.04553
0.08321
0.01006
0.10012
0.05727
0.05902
0.02137
-0.00459
0.07335
0.08549
0.05866
0.02491
0.02882
0.0323
-0.02829
0.06306
0.12542
0.1921
0.17263
0.122
0.11119
0.1441
0.1255
0.18829
0.2225
0.15758
0.10651
0.07276
0.06931
0.13383
0.1438
0.12174
0.14772
0.15899
0.11572
0.16379
0.14648
0.06641
0.10236
0.06125
-0.02402
-0.06989
-0.06252
-0.07246
-0.08544
-0.08889
-0.15511
-0.12998
-0.02304
-0.13342
-0.11046
-0.05936
-0.01995
0.00776
-0.06408
-0.0329
-0.11946
-0.07313
-0.02506
-0.03587
-0.00642
-0.03195
-0.04189
0.00185
-0.08861
-0.01501
-0.0085
0.07073
0.0201
0.0318
0.07251
0.18032
0.16994
0.1587
0.1388
0.17734
0.21978
0.18127
0.21679
0.27221
0.20469
0.16402
0.09823
0.16838
0.258
0.21213
0.16236
0.05934
0.07711
-7.96897E-4
0.00138
0.03646
0.05639
0.06247
0.05252
0.01531
0.02615
0.07638
0.14176
0.20065
0.28681
0.27038
0.29464
0.23881
0.18471
0.17736
0.18344
0.17219
0.21031
0.14885
0.09215
0.0281
0.06491
0.02033
0.08095
0.1537
0.12081
0.09571
0.12646
0.10007
0.12563
0.12608
0.10661
0.10532
0.08672
0.01747
0.01316
-0.01756
0.0015
-0.00281
-0.01059
0.00284
-0.0045
0.08945
-0.02872
0.04489
0.02196
-0.02737
-8.68774E-5
-0.00397
0.02289
0.00472
0.0069
0.00907
-4.32697E-4
0.08573
0.03986
0.14636
0.19573
0.22604
0.20009
0.19058
0.2434
0.26117
0.21962
0.16293
0.12571
0.11361
0.08202
0.02879
0.05954
0.11193
0.09896
0.12148
0.06912
0.14359
0.16006
0.18734
0.2116
0.22201
0.22289
0.17659
0.12812
0.11341
0.06884
0.06236
0.06021
0.0152
0.06154
0.03687
0.00356
0.02998
0.0577
0.06074
0.0863
0.06207
0.13481
0.12747
0.13355
0.08767
0.14223
0.12277
0.12278
0.12366
0.10983
0.05832
0.0631
0.05099
0.05707
0.0744
0.09303
0.0727
0.07617
0.06883
0.02209
0.07146
0.14117
0.1282
0.11263
0.10441
0.05768
0.03388
-0.041
0.01703
0.01574
0.04347
0.01578
-0.04265
0.00325
0.01106
-0.02399
0.00806
-0.00665
0.0661
0.06871
0.01591
0.00857
-0.01176
-0.02863
-0.03381
-0.01084
0.00259
-0.00258
0.01432
0.01433
0.03123
0.1477
0.17932
0.16072
0.1707
0.15253
0.10406
0.09542
0.09414
0.11494
0.06431
-0.00494
-0.03825
-0.11659
-0.10748
-0.04989
-0.02736
0.02893
0.06185
0.0952
0.02379
0.03939
0.05326
0.02211
0.04853
0.07625
0.04337
0.00269
0.00574
-0.01848
-0.03665
0.02874
0.09239
0.08765
0.13658
0.12405
0.06779
0.06218
0.03536
-0.00142
0.01764
0.09212
0.08261
0.06834
0.03979
-0.00435
0.00865
0.03681
0.0628
0.11347
0.16024
0.15939
0.10746
0.12739
0.10186
0.17331
0.16986
0.21837
0.19286
0.17773
0.19811
0.1397
0.13539
0.15403
0.18696
0.18828
0.15886
0.18659
0.13033
0.15459
0.14768
0.1122
0.1278
0.09752
0.05338
5.90122E-4
-0.04701
-0.076
-0.09459
-0.01319
0.03272
0.05655
0.0583
0.04577
0.05748
0.04538
0.05578
0.05104
0.09824
0.07618
-0.03289
-0.09737
-0.09128
-0.12157
-0.14536
-0.08516
-0.03883
-0.00764
0.06294
0.0201
0.02618
0.09806
0.08076
0.04485
0.13188
0.1873
0.15528
0.19166
0.21635
0.25793
0.30037
0.33848
0.32291
0.37012
0.44199
0.42253
0.44246
0.44377
0.43859
0.37757
0.27066
0.26721
0.25554
0.25556
0.24951
0.19758
0.14998
0.11104
0.14049
0.15826
0.18338
0.17257
0.12713
0.17477
0.18561
0.1813
0.17958
0.20384
0.17139
0.09608
0.04112
0.01603
0.0905
0.09701
0.023
-0.05751
-0.00121
0.02781
0.06159
0.07416
0.14604
0.15774
0.15127
0.08591
0.10151
0.07772
0.16908
0.11238
0.02539
0.03709
-0.00488
-0.08149
-0.14901
-0.14553
-0.08491
-0.05156
0.01859
-0.06927
-0.09047
-0.06404
-0.12334
-0.06488
-0.00382
-0.00337
-0.01981
-0.02802
-0.0267
-0.01933
0.08329
0.08287
0.10583
0.09935
0.04482
-0.01923
0.02321
0.04011
0.0713
-5.48783E-4
-0.01135
-0.02736
0.00816
-0.00914
-0.05155
-0.03379
0.01861
0.05369
0.07838
0.02991
0.0559
-0.01551
-0.10164
-0.08344
-0.08689
-0.03103
0.01661
-0.03012
-0.05652
-0.03745
-0.02488
-0.06382
-0.01316
0.0085
-0.01269
0.05139
0.02284
0.02978
0.04582
0.05406
-0.00177
-0.11257
-0.07619
-0.09955
-0.06836
-0.06661
-0.16226
-0.11333
-0.16093
-0.10723
-0.12799
-0.13014
-0.06258
-0.06126
-0.05388
-0.1426
-0.17417
-0.08756
-0.09447
-0.06674
-0.14204
-0.15112
-0.18616
-0.16666
-0.14587
-0.13156
-0.0376
-0.01551
-0.06008
-0.07521
-0.13104
-0.10981
-0.08252
-0.03056
0.03007
0.03831
6.61717E-4
0.02102
0.00762
0.03405
0.00463
0.06438
0.02241
-0.01351
-0.05288
-0.06196
-0.09527
-0.01301
0.00216
0.02902
0.00999
0.00871
-0.01422
0.0503
0.11828
0.15379
0.16506
0.18976
0.14778
0.16295
0.10973
0.15044
0.21236
0.17038
0.19205
0.19639
0.18558
0.15703
0.12285
0.02243
-0.02301
0.00688
-0.10696
-0.13118
-0.08701
-0.14847
-0.2004
-0.19129
-0.20556
-0.2181
-0.1263
-0.13018
-0.08298
-0.03318
-0.09247
-0.05739
-0.05088
-0.06558
-0.14348
-0.12139
-0.09237
-0.08802
-0.05943
-0.0118
0.03194
0.13845
0.09172
0.14628
0.15539
0.28095
0.29525
0.28141
0.25329
0.21478
0.13125
0.08494
0.07803
0.16506
0.13521
0.10103
0.08157
0.07033
0.15346
0.20586
0.17081
0.11282
0.13708
0.06999
0.02715
0.06094
0.13541
0.10383
0.0679
-0.00136
-0.04465
0.03284
0.07613
0.13977
0.13069
0.1177
0.05883
0.03199
0.03849
0.05061
0.02508
0.00214
0.02335
0.00301
-0.14115
-0.12642
-0.13898
-0.13508
-0.14157
-0.16797
-0.18225
-0.17706
-0.12424
-0.18744
-0.17964
-0.10994
-0.0199
-0.03461
-0.02292
-0.0411
0.00695
0.01388
0.06886
0.07623
0.1364
0.21866
0.21217
0.14334
0.16022
0.14464
0.20352
0.16629
0.14205
0.10872
0.06803
-0.00426
0.00397
0.0399
0.07887
0.13558
0.17108
0.1594
0.16633
0.21482
0.17239
0.17413
0.16418
0.10704
0.08929
0.09449
0.07458
0.07848
0.04428
0.12264
0.10835
0.09797
0.06204
0.06767
0.06724
0.04473
-0.02756
-0.06002
-0.13621
-0.13837
-0.22625
-0.21759
-0.17473
-0.14832
-0.12061
-0.07861
-0.05264
-0.00328
-0.04873
0.0517
0.09716
0.15517
0.12314
0.0989
0.14436
0.12185
0.09025
0.05303
0.00324
0.0539
0.06039
0.01061
-0.05345
-0.05691
-0.06643
-0.08548
-0.0924
-0.0621
-0.08807
-0.08071
-0.06555
-0.12962
-0.16338
-0.14996
-0.10883
-0.07852
-0.08068
-0.04648
-0.08328
-0.056
-0.0521
0.00245
-0.01573
0.0596
0.05787
0.05831
0.05788
0.09424
0.08992
0.07217
0.13235
0.14231
0.07564
0.15357
0.11158
0.10812
0.0973
0.09341
0.01332
0.03237
0.0458
0.00208
0.03931
0.03282
-0.02692
-0.04077
-0.09574
-0.09011
-0.1295
-0.09184
-0.15287
-0.18967
-0.10438
-0.08793
-0.1204
-0.10481
-0.039
0.04368
0.08005
0.17616
0.22594
0.2675
0.36967
0.33288
0.24847
0.27055
0.26362
0.21038
0.29566
0.27186
0.24762
0.17359
0.17533
0.13637
0.16321
0.21906
0.21171
0.18314
0.22816
0.19137
0.1589
0.09657
0.14765
0.17147
0.10437
0.03944
0.00221
0.00784
0.06672
0.08144
0.01132
0.00526
0.10396
0.04812
0.08146
0.12432
0.1161
0.15333
0.2213
0.19013
0.17628
0.1897
0.17975
0.16547
0.22824
0.14556
0.1369
0.14773
0.11007
0.06895
0.088
0.04991
0.09407
0.14818
0.11961
0.13477
0.18542
0.2088
0.19798
0.22439
0.2798
0.21184
0.20622
0.20709
0.20406
0.2677
0.15342
0.15515
0.16684
0.21533
0.24347
0.20754
0.28201
0.35993
0.34045
0.28028
0.2015
0.30886
0.26514
0.23917
0.21536
0.19589
0.19372
0.1881
0.09113
0.13183
0.20802
0.23486
0.23097
0.23747
0.25262
0.30804
0.34527
0.34354
0.38727
0.46173
0.42537
0.43013
0.3717
0.33923
0.36434
0.3427
0.32192
0.26045
0.20245
0.14271
0.08168
0.06696
0.05484
0.16177
0.1371
0.11546
0.12325
0.09035
0.13754
0.24707
0.28041
0.33236
0.38128
0.35877
0.29384
0.33886
0.36224
0.37134
0.37697
0.3774
0.2536
0.22286
0.15837
0.11724
0.1588
0.15621
0.15751
0.16834
0.16488
0.1164
0.14107
0.17095
0.18913
0.24931
0.22767
0.16966
0.1688
0.15755
0.15755
0.16145
0.12768
0.06665
0.087
0.05583
0.08657
0.09307
0.10043
0.11558
0.07446
0.0381
0.01819
0.12858
0.13248
0.06539
0.09223
-0.0082
-0.04673
-0.04759
-0.12464
-0.1004
-0.05364
-0.04671
-0.02376
-0.03631
0.00481
0.03902
0.09573
0.11088
0.10093
0.14769
0.18146
0.09142
0.09705
0.06199
0.06242
0.10095
0.09316
0.05464
0.06936
0.07932
0.06893
0.033
0.10444
0.13301
0.07284
0.08583
0.0486
-0.05009
-0.00464
0.01312
0.00316
0.05122
0.04776
-0.01544
-0.04358
0.01487
0.04084
0.08111
0.17375
0.14778
0.14648
0.20666
0.25342
0.33567
0.35299
0.33481
0.35256
0.30798
0.33742
0.3227
0.32444
0.37682
0.30323
0.26124
0.2357
0.2764
0.27987
0.16472
0.19026
0.13875
0.17771
0.14482
0.07815
0.10932
0.04959
0.01149
-0.01231
0.03618
0.19419
0.19419
0.1838
0.17428
0.231
0.2323
0.26217
0.32798
0.35309
0.42668
0.39249
0.3137
0.30202
0.28341
0.28731
0.28688
0.3332
0.3384
0.32931
0.29295
0.32672
0.30897
0.37954
0.38257
0.38387
0.3973
0.40423
0.3315
0.30986
0.29991
0.32545
0.23844
0.29862
0.25316
0.26832
0.31248
0.27698
0.26703
0.25188
0.22418
0.17656
0.16574
0.19432
0.1519
0.14064
0.10125
0.08437
0.09607
0.09087
0.18525
0.21339
0.28049
0.25755
0.16924
0.21643
0.20951
0.27315
0.30735
0.25064
0.24112
0.12857
0.06018
0.03074
0.12945
0.23378
0.18876
0.22253
0.17794
0.16409
0.18617
0.226
0.32774
0.36497
0.39701
0.31476
0.30481
0.28533
0.22126
0.22863
0.21521
0.13556
0.09184
0.09098
0.1663
0.12172
0.09098
0.078
0.10441
0.0832
0.12303
0.11394
0.22693
0.29404
0.22997
0.18798
0.22521
0.246
0.23518
0.20791
0.23129
0.19103
0.16809
0.13736
0.09797
0.15857
0.14689
0.16637
0.19711
0.14344
0.21963
0.28933
0.27115
0.28198
0.32743
0.30666
0.28588
0.31705
0.26987
0.25819
0.34304
0.24823
0.1885
0.25473
0.25647
0.21665
0.21145
0.22401
0.21752
0.24393
0.17943
0.17424
0.22965
0.19632
0.15434
0.12404
0.09806
0.15694
0.17859
0.1721
0.16821
0.23228
0.2102
0.19203
0.20848
0.20632
0.19853
0.26173
0.19507
0.20373
0.21716
0.17517
0.14227
0.08989
0.09033
0.12713
0.12626
0.21198
0.19424
0.12627
0.0726
0.05225
0.01373
0.03797
0.10811
0.12066
0.09989
0.06915
0.05617
-0.0027
0.02977
-0.01871
-0.05248
0.01809
0.01723
0.03195
0.03412
0.07524
0.06875
0.08131
0.12547
0.10383
0.12504
0.11552
0.11726
0.10298
0.07397
0.0532
-0.00567
0.05797
0.0229
0.02031
0.09261
0.10776
0.14586
0.18439
0.19435
0.18483
0.20605
0.22856
0.20172
0.17618
0.14285
0.15931
0.14502
0.16061
0.14027
0.15889
0.14114
0.10521
0.08054
0.06972
0.05154
0.07276
0.08315
0.08445
0.0364
0.00654
-0.00255
-0.00211
0.02689
0.01564
0.04638
0.13339
0.13383
0.06544
0.1031
0.11479
0.1057
0.13168
0.13385
0.10052
0.1581
0.10832
0.01265
0.0027
0.10183
0.06071
0.10271
0.1473
0.10964
0.10185
0.12177
0.11008
0.12047
0.14039
0.16247
0.05598
0.09105
0.01876
0.02006
0.05123
0.09669
0.12743
0.08327
0.07981
0.07982
0.07549
0.14822
0.09541
0.10191
0.03741
0.02399
-0.00674
-0.09332
-0.10241
-0.11756
-0.10283
-0.10413
-0.14049
-0.11538
-0.11451
-0.13139
-0.15476
-0.14957
-0.05779
0.0591
0.08508
0.10932
0.1288
0.10716
0.15868
0.17946
0.28077
0.27038
0.2232
0.21411
0.13619
0.16044
0.15438
0.08122
0.07819
-0.01271
-0.01011
-0.09323
-0.06508
-0.02222
-0.06768
-0.03521
-0.04949
-0.0655
-0.02394
-0.02177
0.05918
0.06135
0.0856
0.06785
-0.00314
-0.01223
-0.05638
0.01029
0.03107
-0.01785
0.00294
-0.02347
-0.03559
0.00987
-0.00225
0.01247
0.12243
0.1272
0.00945
-0.04552
-0.0347
-0.03686
-0.10049
-0.15547
-0.25287
-0.19659
-0.23554
-0.30177
-0.2364
-0.1654
-0.05718
-0.10349
-0.12297
-0.08983
-0.06278
-0.02362
-0.01735
0.02615
0.01423
-0.02584
0.00122
-0.03105
0.0579
0.08667
0.1587
0.19483
0.21062
0.17965
0.2344
0.21122
0.21056
0.11553
0.1014
0.05656
0.05461
0.00936
0.04939
0.018
-0.02033
-0.02706
-0.06063
-0.11757
-0.06974
-0.11715
-0.10353
-0.10117
-0.13256
-0.21331
-0.21311
-0.14104
-0.18672
-0.1402
-0.13567
-0.103
-0.09892
-0.03075
-0.05522
-0.01782
-0.00289
-0.02824
-0.10422
-0.06419
-0.05923
-0.01747
-0.07787
-0.05689
-0.14023
-0.15087
-0.2087
-0.19421
-0.04509
0.03562
-0.01049
-0.05055
-0.10748
-0.12287
-0.08851
-0.08831
-0.02577
0.03418
0.0504
0.01164
-0.00205
0.00378
0.0897
0.13272
0.19482
0.19719
0.28007
0.22227
0.25321
0.32441
0.25664
0.2036
0.26744
0.23864
0.25962
0.14164
0.06305
0.03685
-6.20774E-4
-0.06664
-0.15349
-0.17667
-0.18384
-0.19143
-0.21589
-0.25855
-0.15142
-0.11831
-0.10295
-0.13393
-0.16796
-0.16429
-0.16236
-0.09505
-0.14161
-0.11369
-0.07237
-0.09164
-0.12521
-0.20208
-0.08888
0.00267
0.04269
0.10091
-0.05776
-0.03462
-0.03402
-0.10828
-0.13231
-0.12259
-0.07998
-0.10186
-0.12502
-0.1365
-0.12077
0.06425
0.15233
0.15643
0.25658
0.24944
0.27043
0.31955
0.38858
0.44679
0.51582
0.51818
0.49415
0.38786
0.39109
0.3874
0.43522
0.40988
0.3352
0.26613
0.19448
0.13364
0.11565
0.073
0.15416
0.13443
0.12729
0.15001
0.16839
0.22444
0.25713
0.31492
0.34587
0.32531
0.32509
0.31448
0.38958
0.40662
0.33367
0.36114
0.39769
0.40224
0.37733
0.3455
0.31842
0.29438
0.31144
0.20687
0.17678
0.23196
0.27848
0.2263
0.21135
0.2267
0.18276
0.22538
0.21086
0.15825
0.16235
0.12922
0.0493
0.02569
0.06315
0.03562
-0.01569
0.03905
0.01891
0.08405
0.04832
0.08878
0.13486
0.18224
0.20493
0.19387
0.22612
0.25701
0.2464
0.29854
0.21217
0.2786
0.27145
0.2617
0.28398
0.26859
0.25494
0.24821
0.22202
0.16681
0.11636
0.16245
0.09768
0.05671
0.05475
0.03201
0.06987
0.06402
0.0824
0.09126
0.14947
0.18561
0.15854
0.18775
0.25851
0.22841
0.26498
0.17159
0.19764
0.15754
0.19714
0.18089
0.16724
0.11591
0.0975
0.10118
0.18407
0.22193
0.26149
0.24347
0.3098
0.28175
0.28582
0.20199
0.32726
0.34258
0.31707
0.2781
0.23654
0.1882
0.04665
0.02169
0.02523
0.01878
0.07436
-0.00254
0.05038
0.08777
0.03773
0.07861
0.14064
0.28889
0.30117
0.38657
0.40878
0.41137
0.51891
0.48221
0.44859
0.45479
0.42815
0.38679
0.32466
0.28633
0.15626
0.16254
0.18309
0.18243
0.17657
0.14647
0.1497
0.13083
0.17044
0.17369
0.1648
0.15591
0.07689
0.10004
0.05955
0.09265
0.13397
0.19565
0.24824
0.25104
0.26206
0.29562
0.30493
0.33456
0.28153
0.251
0.21137
0.22889
0.17584
0.18774
0.16589
0.22974
0.21133
0.16089
0.1368
0.14869
0.19219
0.13741
0.12766
0.12918
0.05623
0.08761
0.11249
0.18672
0.23021
0.28323
0.30984
0.31048
0.44574
0.3879
0.43182
0.4519
0.41747
0.39992
0.36508
0.40901
0.40447
0.37783
0.37629
0.30377
0.32476
0.30115
0.25679
0.25744
0.26453
0.17602
0.17926
0.18422
0.21344
0.15823
0.14717
0.15344
0.10821
0.18072
0.16448
0.09801
0.11899
0.05122
0.06178
0.05289
0.13883
0.07455
0.07
0.16197
0.11412
0.10437
0.13098
0.16537
0.19112
0.11429
0.17902
0.08779
0.17024
0.18777
0.12345
0.15917
0.165
0.15611
0.13856
0.2102
0.26841
0.17554
0.22595
0.22052
0.18869
0.14821
0.07439
0.15903
0.18262
0.20491
0.21769
0.21876
0.27264
0.23
0.20553
0.23127
0.33667
0.36588
0.26478
0.27321
0.30285
0.26192
0.20064
0.19908
0.19496
0.23544
0.22224
0.19561
0.17202
0.1809
0.156
0.0506
-0.04053
-0.00439
-0.05051
-0.02606
-0.04794
-0.00488
-0.02805
0.00159
0.06935
0.09078
0.15073
0.23967
0.30957
0.30196
0.32684
0.32922
0.31038
0.31578
0.27875
0.24086
0.24802
0.23611
0.27268
0.23953
0.22719
0.23129
0.3012
0.32997
0.27736
0.35462
0.31632
0.26372
0.28947
0.2559
0.24009
0.21432
0.17255
0.06711
0.01319
-0.00779
-0.04134
-0.04331
-0.06344
-0.10393
-0.14399
-0.15762
-0.06822
-0.03209
-0.08513
-0.16761
-0.15226
-0.15202
-0.11069
-0.05767
-0.07045
-0.04644
-0.00424
-0.08193
-0.11245
-0.00965
0.09488
0.11889
0.15501
0.11366
0.12338
0.1742
0.12159
0.09019
0.15274
0.18976
0.14885
0.21269
0.22502
0.21223
0.27521
0.25896
0.29249
0.30614
0.29294
0.21435
0.21932
0.2442
0.13487
0.17231
0.1855
0.16449
0.17422
0.0965
0.11964
0.17006
0.18847
0.20121
0.13734
0.16784
0.07843
0.02669
0.06455
-0.00191
0.03468
0.08512
0.01821
0.02621
-0.01081
0.07683
0.07185
0.13918
0.12463
0.05124
0.08004
0.05295
0.01116
-0.02457
-0.01399
-0.00901
-0.00229
0.01351
0.02064
0.00959
0.05611
0.05891
0.0747
0.08746
0.10108
0.13548
0.08287
0.06402
0.04561
-0.04163
-0.05485
-0.08798
-0.07177
-0.06679
-0.00339
0.02539
-0.06835
-0.1123
-0.1779
-0.17771
-0.1039
-0.02967
-0.05326
-0.06819
-0.04244
-0.14784
-0.13204
-0.02924
0.07531
0.09934
0.13548
0.09412
0.10387
0.15474
0.10212
0.07073
0.13327
0.17028
0.12935
0.19319
0.20551
0.19276
0.25574
0.2395
0.27303
0.28666
0.27344
0.19488
0.19985
0.22473
0.11537
0.15272
0.16587
0.14486
0.15461
0.0769
0.10006
0.15048
0.16886
0.18164
0.11779
0.1483
0.05891
0.00718
0.04505
-0.02139
0.01516
0.06557
-0.0013
0.00669
-0.03033
0.05732
0.05234
0.1196
0.10509
0.0317
0.06047
0.03343
-0.00835
-0.04408
-0.03348
-0.02851
-0.02182
-0.00603
0.0011
-0.00995
0.03657
0.03937
0.05516
0.06358
0.1127
0.13278
0.17367
0.13448
0.07624
0.01281
0.07059
0.08724
0.01082
-0.01712
-0.02254
0.05169
0.0402
0.07201
0.06095
0.07025
0.12932
0.10225
0.00722
0.09184
0.09247
0.14116
0.06041
0.04157
-0.0933
-0.09526
-0.1193
-0.22386
-0.22842
-0.11956
-0.11329
-0.10789
-0.19557
-0.17415
-0.17006
-0.11968
-0.10608
-0.07036
-0.026
0.0015
-0.07577
-0.10244
-0.08233
-0.01936
-0.05032
0.00789
0.01978
0.02734
-0.01055
-0.01944
-0.04001
-0.03722
-0.10108
-0.07534
-0.10445
-0.04774
-0.12782
-0.12436
-0.146
-0.11872
-0.1053
-0.13084
-0.1291
-0.02953
-0.04901
-0.04122
-0.04294
-0.02389
-0.05549
-0.06241
-0.03341
-0.01955
0.01465
0.01639
-0.00309
0.05492
0.03761
0.048
0.04411
0.02809
0.00818
-0.00826
-0.01952
-0.00739
-0.03379
-0.01907
-0.08833
0.00734
-0.05153
-0.02858
0.04501
0.03419
0.0606
0.05974
0.02511
0.13204
0.12252
0.10867
0.03162
0.04461
0.05154
-0.02898
0.01908
0.0312
0.05718
0.11822
0.02169
-0.01078
-0.00255
-0.03718
-0.0099
-0.04929
-0.03457
0.00872
-0.01422
0.02474
-0.00599
-0.00555
0.04986
0.12
0.21827
0.18667
0.24684
0.24771
0.14209
0.18625
0.14253
0.09361
0.1802
0.18713
0.09925
0.04947
0.06722
-0.03451
-0.02152
0.00576
-0.10419
-0.09553
-0.05787
-0.06869
-0.14054
-0.14444
-0.2124
-0.24919
-0.18339
-0.18815
-0.1613
-0.13446
-0.08424
-0.07125
-0.08683
-0.03921
-0.02925
0.03482
0.09067
0.12357
0.14609
0.15302
0.17077
0.1751
0.1145
0.05173
-0.00714
-0.04783
-0.08462
-0.09328
-0.05908
-0.13007
-0.10842
-0.08547
-0.20495
-0.19542
-0.15906
-0.08676
-0.03697
-0.00104
0.00459
-0.05904
0.03187
0.06304
0.03231
0.10894
0.0847
0.06479
0.06566
0.04402
0.07735
0.03277
0.06048
0.01156
-0.08844
-0.09233
-0.11311
-0.06895
-0.07197
-0.08149
-0.01482
0.02328
0.05661
0.04882
0.06311
0.08389
0.10165
0.09689
0.0523
0.09127
0.08521
0.08262
0.05058
0.07396
0.0757
0.12852
0.13112
0.17961
0.1519
0.13849
0.11728
0.04369
0.0017
-0.01691
-0.07016
-0.07838
-0.10695
-0.03638
-0.06062
-0.02252
0.03852
0.08008
0.18485
0.24199
0.22598
0.29525
0.29439
0.31603
0.30392
0.3602
0.41821
0.39267
0.4009
0.4022
0.3719
0.39138
0.37104
0.38057
0.34897
0.35547
0.29659
0.25461
0.29877
0.23903
0.19271
0.22042
0.15506
0.10354
0.11437
0.14468
0.15334
0.15421
0.14036
0.08884
0.10616
0.18712
0.1408
0.17457
0.19319
0.15943
0.19752
0.16333
0.20619
0.259
0.35208
0.3668
0.3075
0.3443
0.33175
0.35772
0.46465
0.47288
0.46639
0.48285
0.4625
0.48112
0.51922
0.5703
0.511
0.51708
0.48721
0.45172
0.4106
0.37467
0.42316
0.35086
0.33831
0.32187
0.30412
0.2591
0.25651
0.26214
0.22188
0.26258
0.22881
0.27687
0.30371
0.26043
0.27385
0.31325
0.36823
0.35957
0.35741
0.37083
0.38469
0.36738
0.32928
0.26046
0.30288
0.30072
0.23882
0.20116
0.22238
0.31156
0.29641
0.20031
0.22369
0.22239
0.27478
0.29166
0.23496
0.34622
0.40726
0.40899
0.30856
0.27653
0.35316
0.33108
0.33368
0.31637
0.24495
0.28607
0.20166
0.13154
0.07136
0.106
0.13414
0.10904
0.13371
0.09129
0.09086
0.13589
0.10126
0.09044
0.08828
0.12118
0.15798
0.14586
0.1489
0.17531
0.15886
0.13289
0.14198
0.17662
0.19697
0.21559
0.23247
0.20693
0.29309
0.31906
0.22296
0.27058
0.25457
0.20436
0.21388
0.20306
0.14376
0.11562
0.10091
0.05373
0.00871
0.09616
0.07408
0.06889
0.13383
0.15548
0.17626
0.22864
0.22172
0.23687
0.22476
0.21307
0.1516
0.12174
0.17066
0.20096
0.17672
0.13474
0.09318
0.09448
0.10228
0.12999
0.16679
0.27198
0.31225
0.28325
0.22264
0.23217
0.27979
0.29754
0.31573
0.28413
0.33219
0.24648
0.17505
0.22657
0.26597
0.24909
0.18849
0.17291
0.26815
0.25906
0.23526
0.13483
0.14999
0.20627
0.15865
0.17467
0.21364
0.30282
0.28724
0.20759
0.22318
0.25089
0.30068
0.37687
0.33142
0.33662
0.33749
0.33533
0.29464
0.31932
0.40201
0.43058
0.39639
0.37518
0.30115
0.34272
0.32324
0.26004
0.22801
0.26524
0.23667
0.18862
0.17521
0.20119
0.22889
0.26699
0.30596
0.37089
0.43973
0.43324
0.38995
0.44883
0.42416
0.39169
0.38996
0.39733
0.40729
0.31032
0.27829
0.24712
0.32505
0.31596
0.21466
0.26272
0.22246
0.24628
0.2597
0.31122
0.34542
0.32854
0.34759
0.25755
0.245
0.26838
0.24977
0.25107
0.22467
0.17575
0.12814
0.14286
0.17057
0.12122
0.12209
0.14028
0.2156
0.18097
0.22816
0.21518
0.24852
0.26887
0.22385
0.20307
0.24117
0.33901
0.39139
0.34941
0.34724
0.31478
0.34379
0.31565
0.30267
0.27756
0.24683
0.28623
0.17801
0.22693
0.20918
0.20789
0.25681
0.26374
0.32045
0.32695
0.45855
0.49535
0.44341
0.50791
0.45207
0.50272
0.52827
0.50316
0.47676
0.42352
0.44084
0.37114
0.31833
0.29323
0.26552
0.25514
0.20536
0.19757
0.27679
0.2755
0.17377
0.18633
0.19066
0.28936
0.33482
0.38417
0.38504
0.39284
0.38462
0.31925
0.3461
0.42965
0.36515
0.32576
0.2184
0.11711
0.07296
0.06646
0.07166
0.02838
-0.01534
0.00847
0.03272
0.018
0.03705
0.04788
0.12061
0.08814
0.04875
-0.02743
0.0085
0.07733
-0.01271
-0.02526
-0.02396
-0.01486
0.02194
0.04099
0.07
0.05701
0.13754
0.12412
0.08776
0.16698
0.17088
0.19167
0.18128
0.16267
0.14233
0.15272
0.11463
0.11723
0.07178
0.09126
0.11118
0.13845
0.1285
0.07612
0.10383
0.09518
0.0454
0.04064
0.0177
0.02549
-0.05242
-0.15156
-0.17449
-0.20999
-0.18488
-0.1944
-0.18314
-0.11344
-0.0879
-0.10088
-0.0775
-0.04546
-0.07489
-0.10649
-0.12813
-0.16449
-0.16233
-0.21557
-0.2515
-0.19695
-0.16058
-0.2069
-0.19521
-0.14845
-0.10213
-0.02593
-0.00342
-0.04757
0.02689
-0.02202
-0.05752
-0.02981
0.01175
0.01782
0.05851
-0.00382
-0.03585
-0.02243
0.01697
-0.0077
-0.01506
-0.01073
-0.06094
0.0014
0.01049
-0.04708
-0.08387
-0.05963
-0.04577
-0.05399
-0.04923
-0.02238
0.00966
0.01918
-0.05874
-0.11544
-0.08167
-0.07907
-0.11846
-0.09205
-0.11759
-0.15092
-0.15698
-0.15871
-0.2007
-0.18121
-0.15956
-0.1193
-0.08986
-0.04787
-0.0773
6.25841E-4
0.00972
-0.00846
-0.00759
0.02012
0.06558
0.02402
0.00757
0.05303
0.02143
0.00845
-0.01276
-0.02141
-0.03613
-0.03093
-0.06296
-0.0833
-0.03265
-0.06035
-0.06511
-0.02139
0.01585
-0.05991
-0.02311
-0.02657
-0.06379
-0.05946
-0.07201
-0.11054
-0.09408
-0.1036
-0.13607
-0.13044
-0.08758
-0.1248
-0.03952
-0.01397
0.02326
0.00552
0.03019
0.01981
0.04232
0.04968
0.02458
0.04017
0.07394
-0.0187
-0.02823
-0.02698
0.05652
0.09326
0.09365
0.05291
-0.00255
-0.02512
-0.02213
0.01159
0.06478
0.07513
0.07941
0.03348
0.01612
-0.03675
-0.05455
-0.00438
0.02804
-0.01746
-0.06123
-0.04872
-0.0163
-0.04925
-0.1073
-0.13636
-0.0468
-0.02434
-0.01702
-0.04954
-0.02491
0.00145
0.0737
0.03988
0.12597
0.20731
0.21982
0.21977
0.29505
0.34132
0.33825
0.41829
0.43383
0.35499
0.32335
0.27307
0.26567
0.28207
0.22618
0.11531
0.09708
0.12301
0.07664
4.00331E-4
0.00165
0.0094
-0.02052
-0.08853
-0.01065
-0.01806
0.03687
0.0299
0.08871
0.11767
0.09901
0.09074
0.05562
0.08285
0.08886
-0.01206
-0.02076
-0.06756
-0.10614
-0.15207
-0.26597
-0.18723
-0.11368
-0.07261
-0.06444
-0.04414
-0.06236
-0.02388
0.02066
0.04702
-0.03008
0.011
-0.00463
-0.05403
-0.00732
-0.06581
-0.04248
0.00943
0.00721
-0.00887
-0.01715
0.01915
0.01261
0.01731
0.04929
-0.02825
0.01413
0.00758
0.01142
-0.03105
0.03211
0.00651
0.03504
0.03023
-0.03172
-0.02138
0.05736
0.05298
0.01874
-0.03152
0.00263
-0.04547
-0.0256
-0.09534
-0.11661
-0.04436
-0.16086
-0.25917
-0.26744
-0.19996
-0.10174
-0.14161
-0.14166
-0.11357
-0.06643
-0.04223
-0.05483
0.05507
0.13468
0.12553
0.12202
0.03885
0.09032
0.04655
-0.00458
0.001
0.02909
0.00351
-0.04244
-0.07452
-0.01916
-0.0495
-0.00539
0.0188
0.07849
0.16112
0.13726
0.14544
0.07786
0.07997
0.0388
-0.02705
-0.06435
-0.04622
-0.04886
-0.04198
-0.06021
-0.01307
-9.97263E-4
0.05522
0.06773
0.11962
0.12304
0.18748
0.12812
0.14668
0.11027
0.09161
0.09156
0.03999
0.0577
0.07583
0.07924
0.15451
0.11637
0.16653
0.17038
0.22574
0.24604
0.28062
0.27668
0.3091
0.23805
0.19471
0.16479
0.14786
0.15127
0.10793
0.0646
0.01346
-0.08875
-0.09962
-0.12607
-0.03737
-0.03006
-0.03487
-2.9033E-4
0.01827
0.10003
0.12379
0.10773
0.19383
0.24659
0.24958
0.1794
0.23433
0.2226
0.19614
0.23289
0.18348
0.21461
0.27862
0.25952
0.25211
0.26764
0.27192
0.2511
0.27356
0.31031
0.23235
0.16563
0.09502
0.1006
0.04644
0.05808
0.08358
0.16923
0.24061
0.24663
0.18511
0.20194
0.2612
0.3118
0.2598
0.31344
0.29347
0.2943
0.21113
0.15524
0.1487
0.19713
0.23561
0.18968
0.19007
0.25538
0.29516
0.29988
0.26433
0.3422
0.37419
0.34557
0.32388
0.34894
0.3779
0.40642
0.42109
0.36087
0.38722
0.40838
0.4079
0.36586
0.41387
0.50646
0.41464
0.43278
0.35697
0.31233
0.32829
0.29923
0.28014
0.20216
0.17484
0.19297
0.18296
0.22187
0.19152
0.20879
0.19229
0.20177
0.16622
0.08955
0.12846
0.20027
0.18507
0.13913
0.09449
0.05419
0.11128
0.12292
0.12201
0.15226
0.22494
0.25996
0.25645
0.20099
0.19921
0.25328
0.28613
0.24235
0.22845
0.20675
0.2331
0.28888
0.20441
0.14591
0.18482
0.20815
0.12844
0.13965
0.08548
0.13392
0.16721
0.17451
0.1394
0.19606
0.20034
0.19034
0.15781
0.19543
0.24992
0.31394
0.27537
0.2961
0.32202
0.27349
0.27516
0.36861
0.35861
0.36029
0.41435
0.36669
0.37616
0.39515
0.25916
0.19721
0.30235
0.26551
0.21004
0.22253
0.23114
0.23282
0.25831
0.19073
0.22055
0.30925
0.32262
0.23383
0.23074
0.20342
0.18387
0.14226
0.0539
0.05602
0.10922
0.02519
-0.00992
0.00301
-0.00786
0.03971
0.01932
0.0591
0.05775
0.09363
0.12994
0.1407
0.15319
0.18561
0.13837
0.17858
0.18199
0.19276
0.10354
0.14808
0.14802
0.10988
0.07001
0.105
0.12485
0.16592
0.16588
0.10739
0.19045
0.2207
0.15962
0.21584
0.22489
0.1573
0.17759
0.15936
0.13636
0.16445
0.23626
0.16045
0.10889
0.19109
0.21225
0.24769
0.31777
0.32377
0.36009
0.39597
0.35956
0.38634
0.4153
0.53256
0.50524
0.44935
0.40644
0.45747
0.42842
0.36083
0.37074
0.37415
0.33081
0.31734
0.29652
0.29039
0.20117
0.1838
0.15345
0.19236
0.23993
0.25416
0.22944
0.21813
0.25315
0.24314
0.24439
0.31837
0.2525
0.26717
0.20954
0.24239
0.15836
0.2107
0.17255
0.1093
0.06509
0.00443
-0.04757
0.01602
-0.02083
0.02673
-0.00103
0.06126
0.02528
0.01181
0.02908
0.04505
0.04283
0.10166
0.09901
0.08987
0.11233
0.08067
0.06677
0.02689
0.04329
0.00298
0.06483
0.12971
0.16385
0.18241
0.16504
0.10482
0.05845
0.01641
0.11463
0.1228
0.24915
0.26339
0.30706
0.25031
0.23164
0.29609
0.26098
0.29946
0.39248
0.3275
0.39975
0.26549
0.20397
0.12166
0.19346
0.18865
0.12408
0.14568
0.15472
0.04472
0.03818
-0.04932
0.04067
0.02113
0.08298
-0.07119
-0.09375
5.7326E-4
-0.04625
-0.04804
-0.02471
-0.01914
0.02107
-0.04392
-0.03531
-0.06912
0.02909
0.03336
-0.02992
0.00463
0.03745
0.04171
0.01176
-0.0078
0.04105
0.07517
0.07986
0.05422
0.05673
0.07353
0.13101
0.08201
0.12089
0.20089
0.18911
0.12321
0.07159
0.04466
0.06276
0.08822
0.06954
0.05087
0.06381
0.05684
0.01956
0.12428
0.15583
0.11465
0.14057
0.21324
0.24307
0.27895
0.24167
0.20309
0.1866
0.18005
0.09645
0.11285
0.13747
0.13439
0.00403
-0.06615
-0.14715
-0.14763
-0.03642
-0.01223
-0.07418
-0.08678
-0.118
-0.03365
-0.04193
-0.02163
0.02811
0.09126
0.14922
0.07255
0.03181
0.0534
0.01005
-0.03631
-0.07878
-0.09658
-0.04685
-0.07288
-0.10627
-0.18598
-0.2107
-0.26356
-0.24631
-0.21519
-0.18407
-0.1391
-0.11057
-0.15218
-0.10072
-0.0406
-0.05926
-0.00867
0.07569
0.06309
0.03794
0.09156
0.04173
-0.00551
0.03687
-0.02551
-0.10349
-0.06674
-0.07762
-0.07464
-0.04612
-0.0301
-0.03651
-0.02778
-0.00519
-0.0142
0.03264
0.04268
0.07782
0.09218
0.10958
0.11745
0.1197
0.1332
0.11466
0.14116
0.14472
0.09414
0.05309
0.03153
0.07966
0.06285
0.11357
0.11841
0.13278
0.08784
0.03077
-0.00811
-0.03444
0.02581
0.01852
-0.07058
-0.04971
-0.1808
-0.24826
-0.28627
-0.20221
-0.14326
-0.07088
0.03526
0.06695
0.06183
0.08485
0.04251
0.1045
0.15998
0.07782
0.07356
0.06542
-0.00592
-0.03051
-0.12741
-0.17106
-0.16665
-0.14883
-0.11282
-0.182
-0.09621
-0.13206
-0.1506
-0.09901
-0.09373
-0.00405
0.00771
0.05583
0.00354
-0.0085
0.13227
0.15658
0.15406
0.16194
0.08712
0.0253
-0.07115
-0.0347
-0.06623
-0.03281
-0.01541
0.00328
0.01764
0.01685
0.01172
0.09666
0.08981
0.20806
0.27394
0.27011
0.29573
0.2759
0.24826
0.2267
0.23976
0.3104
0.2555
0.1954
0.17166
0.10723
0.12592
0.07058
0.02089
-0.00977
-0.01791
0.02372
-0.02943
-0.03887
0.05557
0.02621
0.07175
-0.02081
-0.05536
0.02438
0.01797
-0.02525
-0.10093
-0.09133
-0.01678
-0.04225
-0.03092
-0.03257
0.05236
0.10612
0.09624
0.09978
0.13146
0.1467
0.10392
0.00876
0.08461
0.0756
-0.00268
-0.09352
-0.09385
-0.08988
-0.08936
-0.09621
-0.05457
-0.04064
0.00402
-0.11191
-0.13911
-0.06543
0.01039
0.05895
0.07288
0.05562
0.06435
0.04667
0.01775
0.01695
0.07416
0.12661
0.12322
0.11463
0.03678
-0.05319
-0.00247
-0.04007
-0.03048
-0.02608
-0.02428
-0.06188
-0.02501
-0.06824
-0.06861
-0.06205
-0.00658
-0.01819
0.06803
0.1707
0.20063
0.09768
0.09688
0.03374
0.02299
0.03736
0.07077
0.00547
0.03065
-0.05846
-0.1242
-0.083
0.01879
0.01799
0.07823
0.11899
0.08789
0.02735
0.0811
0.01277
-0.01055
-0.07755
-0.04977
-0.01897
0.03001
-0.04439
-0.03001
0.093
0.1935
0.22344
0.21529
0.29371
0.32797
0.34492
0.32811
0.33597
0.32004
0.37768
0.26823
0.28691
0.29694
0.37666
0.38106
0.36727
0.34482
0.28385
0.30513
0.43291
0.31219
0.33607
0.26341
0.23534
0.23499
0.17533
0.20873
0.19625
0.29762
0.24271
0.17135
0.24674
0.24119
0.29147
0.21881
0.11542
0.12804
0.09867
0.01345
-0.03497
0.03308
0.07427
0.05703
0.04887
-0.00647
0.08841
0.1876
0.16993
0.17563
0.27786
0.32382
0.26025
0.20708
0.14005
0.14446
0.19085
0.13032
0.06806
0.09629
0.13749
0.08517
0.02941
0.00654
0.05336
0.0807
0.11194
0.12282
0.1519
0.1563
0.10615
0.06814
0.06344
0.07391
0.09216
0.00393
0.0659
0.02571
-0.01015
0.01633
0.06316
0.0853
0.02736
0.01661
0.03659
0.02151
0.11683
0.07318
0.04381
0.0625
0.04613
0.03148
0.14021
0.23378
0.26718
0.30751
0.34827
0.25007
0.2458
0.2779
0.29702
0.31094
0.29414
0.2518
0.23931
0.23679
0.15244
0.1443
0.23267
0.18079
0.15965
0.13115
0.06584
0.05682
0.03958
-0.00365
-0.01353
-0.01217
-0.05798
-0.09512
-0.0167
0.06735
0.09902
0.13113
0.09786
0.12868
0.15473
0.17167
0.19685
0.29865
0.26278
0.26935
0.23521
0.21104
0.15224
0.17699
0.15716
0.1226
0.0902
0.14699
0.08644
0.06789
0.03636
0.03644
-0.03665
0.02229
0.05223
0.02243
0.06969
0.06153
-0.03754
0.00149
0.03404
0.04277
0.0173
0.0429
0.05293
0.05516
0.04485
0.02717
-0.01172
0.05632
-0.00334
0.03352
0.00891
0.03538
0.07008
0.05631
0.06504
0.10062
0.11973
0.12759
0.09
0.0957
0.104
0.11706
0.05784
0.01419
0.032
-0.04022
-0.025
-0.06606
-0.04132
0.01026
-0.01782
-0.04977
-0.05403
-0.03925
0.0686
0.03793
0.07696
0.00559
0.02989
0.0555
0.05643
0.14783
0.11456
0.11073
0.13981
0.05156
0.08322
0.1019
0.163
0.12714
0.10383
0.00173
-0.00211
-0.00204
0.03655
0.02103
0.03797
0.12202
0.1065
0.1018
0.08454
0.12184
0.22363
0.18473
0.26229
0.24158
0.24987
0.32612
0.24307
0.25872
0.16138
0.14154
0.14292
0.15424
0.22791
0.13361
0.15185
0.20386
0.10479
0.0884
0.06466
0.16083
0.22063
0.19428
0.11514
0.01131
0.03258
0.05126
0.02751
0.01892
0.01248
0.07748
0.08404
0.11441
0.12356
0.11063
0.15875
0.17396
0.12208
0.01609
0.03953
0.04392
-0.03697
-0.02565
-0.10351
-0.10821
-0.11334
-0.1349
-0.11103
-0.08845
-0.05073
-0.05543
-0.00385
0.0395
0.02788
0.04656
0.07173
0.08262
0.1303
0.08534
0.08628
0.14002
0.18251
0.15919
0.13588
0.10175
0.08752
0.09797
0.16384
0.1336
0.23065
0.20084
0.21909
0.26287
0.18632
0.18942
0.21502
0.24019
0.18008
0.15114
0.1551
0.18157
0.18207
0.15226
0.06445
0.15802
0.14509
0.0945
0.14479
0.1362
0.12111
0.08136
-0.00688
0.0079
0.01057
0.02535
-0.01095
0.03241
0.0407
0.07583
0.05815
0.06903
0.08381
0.05964
0.06014
0.03466
0.01048
0.03783
0.03443
0.11069
0.06096
0.15626
0.21087
0.20834
0.28416
0.23963
0.26396
0.30991
0.26019
0.28882
0.29278
0.28506
0.26477
0.25531
0.261
0.17492
0.22478
0.2361
0.17989
0.13581
0.02418
-0.01775
-0.01076
-0.02195
-0.105
-0.0768
-0.04168
-0.03469
-0.10649
-0.05577
0.00449
0.03831
0.04877
0.06571
0.02811
0.03727
-0.03843
-0.05655
-0.11103
-0.03867
-0.04077
0.00821
0.00958
-0.05486
-0.10545
-0.10625
-0.10531
-0.04724
-0.01167
0.00701
-0.02669
-0.03441
-0.05859
-0.07583
8.58869E-4
0.00396
0.0287
0.07335
0.13012
0.11547
0.19735
0.15282
0.12042
0.08888
0.09674
0.08381
0.12846
0.07702
0.03336
-0.09039
-0.06825
-0.12576
-0.05037
-0.02737
-0.01128
0.06843
0.07153
0.07667
0.12935
0.17205
0.18446
0.18908
0.17422
0.139
0.12457
0.06772
0.03685
0.00727
-0.03402
-0.08827
-0.10877
-0.04873
-0.148
-0.11827
-0.20369
-0.22158
-0.15678
-0.20671
-0.22849
-0.2269
-0.20064
-0.20034
-0.23211
-0.20674
-0.20996
-0.06984
-0.00634
0.00876
7.23552E-4
0.05587
0.04392
0.0298
-0.01116
-0.01099
0.05501
0.00885
-0.04379
-0.11115
-0.18891
-0.23067
-0.28458
-0.28958
-0.2396
-0.2087
-0.12581
-0.16198
-0.12802
-0.10184
-0.07215
-0.01737
0.03568
0.10868
0.07215
-0.00986
-0.00183
-0.08686
-0.04116
-0.04523
-0.04929
-0.03865
-0.04055
0.01944
-0.07209
-0.00169
0.04923
0.03217
0.02073
0.00587
0.03038
0.07745
0.07945
0.0702
-0.02304
0.02314
0.01869
0.05795
0.06083
0.1594
0.15495
0.12837
0.02694
0.08222
0.10589
0.17844
0.15492
0.15131
0.091
0.14887
0.0816
0.10006
0.07002
0.16335
0.12248
0.0708
0.0555
0.09913
0.06527
0.14357
0.10802
0.03092
0.04607
0.09401
-0.00221
-0.04178
0.01304
0.04057
0.01272
0.03248
0.02192
-0.0025
0.14495
0.15344
0.09958
0.17343
0.22823
0.19473
0.21098
0.18093
0.20889
0.16759
0.18863
0.10575
0.05709
0.07596
0.03123
-0.04383
-0.01803
-0.07312
-0.0477
-0.07472
-0.04848
-0.06464
-0.07696
-0.06678
-0.06609
-0.06017
0.01325
-0.04753
-0.06199
-0.03794
0.01382
0.08118
0.07365
0.12453
0.12173
0.17999
0.15384
0.1827
0.29938
0.34253
0.30642
0.32441
0.27315
0.29892
0.25635
0.24751
0.20922
0.22463
0.19891
0.11649
0.12673
0.2495
0.20515
0.13008
0.12298
0.18123
0.19404
0.14147
0.18286
0.19177
0.17602
0.18405
0.11805
0.12089
0.12418
0.11146
0.06539
0.06216
0.13384
0.16697
0.17154
0.14019
0.11575
0.10559
0.11233
0.10997
0.14312
0.15467
0.13718
0.14997
0.12598
0.05565
0.13945
0.16785
0.19146
0.16572
0.22701
0.18396
0.20369
0.21345
0.18167
0.15203
0.18218
0.18245
0.10954
0.09895
0.05894
0.03797
0.09493
0.0809
0.09931
0.12982
0.15691
0.13983
0.10675
0.15851
0.11373
0.16984
0.25624
0.24868
0.20606
0.18337
0.19355
0.19855
0.27413
0.27655
0.21662
0.23245
0.19031
0.05378
0.08344
0.12266
0.14758
0.14523
0.16711
0.08641
0.08491
0.11114
0.07457
0.09601
0.13094
0.09439
0.12669
0.13251
0.10202
-0.00855
0.06138
0.03479
0.11772
0.12359
0.14549
0.13147
0.13776
0.0917
0.03089
0.0164
0.09284
0.02598
0.09463
0.00958
0.02542
-0.01504
-0.02696
-0.03369
-0.04562
0.02475
0.04659
0.03466
0.05737
0.00519
0.04088
0.01121
0.06552
0.13585
0.09146
0.10984
0.05419
0.05136
0.02559
-0.01274
0.02468
-0.00888
0.09175
0.0335
0.03801
0.08539
0.06177
0.06587
0.10329
0.09483
0.13399
0.09913
0.12618
0.03029
0.0461
-0.03508
-0.0548
-0.05462
-0.06351
-0.09318
-0.03844
-0.0244
0.01346
0.00931
0.00603
-0.03533
0.00253
-0.028
-0.00659
0.01829
0.02065
-0.01553
-0.06426
-0.09308
-0.047
-0.0468
-0.01885
-0.07364
-0.10245
-0.11784
-0.12543
-0.17069
-0.09733
-0.02137
0.01606
-0.00323
0.07013
0.13224
0.16706
0.23263
0.28867
0.27935
0.28992
0.21868
0.17039
0.08747
0.02409
0.02039
-0.06038
0.02382
0.02056
-0.03482
-0.06858
-0.0123
-0.02919
-0.0123
0.05912
0.09635
0.07211
0.02363
0.018
0.06086
0.03402
0.05999
-0.00495
0.00804
0.0154
0.03618
-0.04044
-0.10148
0.00458
-0.07075
-0.07724
-0.02443
0.01757
0.04917
0.03185
0.00544
-0.08463
-0.01367
0.01834
0.00143
-0.01549
-0.05534
-0.04585
-0.1
-0.06453
-0.052
-0.03428
0.04318
0.02021
0.04139
-0.05258
-0.03875
-0.02536
-0.05612
-0.0423
-0.13887
-0.15405
-0.15104
-0.15973
-0.14721
-0.1165
0.05317
0.09123
0.099
0.15351
0.1721
0.23484
0.26555
0.23089
0.16203
0.17628
0.15548
0.04592
0.05369
0.07314
-0.03988
-0.02129
0.02154
-0.01226
0.01888
0.06128
0.10194
0.06425
0.13262
0.15554
0.18927
0.21998
0.2061
0.13507
0.21686
0.19173
0.21897
0.19816
0.15701
0.13664
0.09938
0.00455
0.04305
0.07721
0.02567
-0.02415
0.02604
-0.03026
-0.0515
-0.00218
-0.03122
0.022
0.05834
0.04749
0.02841
0.04526
0.04091
0.03006
0.07765
0.03649
0.04296
0.05548
0.00913
0.00348
0.02206
0.01944
0.13499
0.15358
0.15441
0.19508
0.2418
0.24437
0.23439
0.24388
0.24428
0.26936
0.27106
0.19917
0.15282
0.11296
0.10471
0.06918
0.11027
0.10937
0.07038
0.06169
0.09413
0.07246
0.07546
0.11656
0.14294
0.06585
0.14678
0.15238
0.19261
0.19517
0.24059
0.11329
0.09768
0.13834
0.08636
0.11318
0.20016
0.11701
0.08192
0.01393
0.00394
0.01517
0.10345
0.18956
0.10469
0.15964
0.08472
0.01802
0.07773
0.09762
0.1175
0.19626
0.13346
0.11006
0.09271
0.14334
0.08617
0.10172
0.10731
0.06486
0.00942
0.07866
0.05872
0.09159
0.04394
-0.00674
-0.04313
0.0339
0.05075
0.01263
0.03381
0.10175
0.06751
0.03112
0.01897
0.02284
0.07606
0.05569
0.03964
0.03269
0.03569
-0.01153
-0.05831
-0.10206
-0.06529
-0.03848
0.00651
-0.10824
-0.04333
-0.04379
-0.05161
-0.0893
-0.05037
-0.00104
0.01235
-0.05564
-0.08035
-0.06306
-0.00941
0.03386
0.0689
0.10999
0.15975
0.09089
0.02204
-0.02388
-0.02304
-0.05511
-0.07375
-0.11057
-0.20541
-0.24266
-0.27602
-0.25181
-0.18517
-0.13368
-0.11466
-0.08005
-0.08095
-0.13249
-0.02992
0.01724
0.0224
0.02281
-0.00103
-0.01924
-0.07381
0.02703
0.03696
0.01442
0.03518
-0.01983
-0.02981
-0.0385
0.0104
0.10517
0.0783
0.11896
0.0553
0.07043
0.13144
0.11496
0.10801
0.16296
0.14085
0.10186
0.0685
0.06501
0.06714
0.09352
0.04804
0.04325
0.04192
0.06224
0.02499
0.08989
0.09073
0.063
0.10799
0.17073
0.16421
0.21656
0.21177
0.21997
0.1615
0.18875
0.19262
0.16748
0.1207
0.12976
0.09987
0.08079
0.10328
0.05823
0.17638
0.20146
0.12958
0.10314
0.16589
0.19054
0.22644
0.13291
0.11947
0.11121
0.14668
0.03063
-0.02264
-0.02786
-0.05299
-0.17033
-0.12187
-0.17904
-0.19292
-0.13624
-0.18475
-0.21032
-0.17529
-0.09176
-0.04547
-0.08316
-0.02085
-0.06719
-0.07934
-1.48375E-4
-0.02355
-0.04263
-0.04395
-0.0245
-0.02972
-0.06134
-0.00812
0.03038
0.0165
-0.00647
-0.02165
-0.01778
-0.04855
-0.0555
-0.09146
-0.1101
-0.08416
-0.108
-0.15305
-0.1981
-0.18167
-0.15183
-0.18996
-0.13241
-0.11036
-0.12338
-0.13812
-0.12646
-0.09359
-0.12046
-0.01486
-0.01662
0.04786
0.07251
0.03568
0.00665
0.09191
0.1027
0.05073
0.03555
0.09656
0.05844
0.06924
-0.01997
-0.05246
-0.00963
-0.05381
-0.11964
-0.10278
-0.02791
-0.03443
-0.03576
-0.03146
0.00142
0.01178
0.04812
0.02385
0.13378
0.12336
0.07009
0.04798
0.02761
0.0159
0.04704
0.031
0.03184
0.00108
-0.02666
-0.06521
-0.04706
0.0066
0.03124
0.04637
0.03898
-0.0065
0.01122
-0.01391
-0.01654
0.04404
0.09077
0.13836
0.0366
-0.05045
-0.07169
-0.02323
-7.53469E-4
0.02476
0.06975
0.14029
0.15281
0.14542
0.10297
0.21463
0.26049
0.34532
0.26823
0.29418
0.2119
0.18676
0.16249
0.13693
0.16244
0.13601
0.10308
0.07362
0.03983
0.06188
0.03112
0.11897
0.05877
0.03624
0.05266
-0.04866
0.03703
0.04956
0.0768
0.0612
0.11918
0.1382
0.09358
0.19009
0.17968
0.12035
0.14759
0.10817
0.09126
0.04925
0.05572
0.01803
0.01021
0.0184
-0.02881
-0.00243
0.05815
0.08497
0.01784
0.01955
0.00827
0.00478
0.00909
-0.00566
-0.05677
-0.09316
-0.09535
-0.1469
-0.16425
-0.09241
-0.07772
-0.08943
-0.10072
-0.15009
-0.19038
-0.14582
-0.06706
-0.04284
-0.04763
-0.05631
-0.08188
-0.03169
0.00768
-0.01009
0.06391
0.05089
0.03918
-0.01107
-0.05655
0.01702
0.07283
0.07324
0.01044
-0.00388
-0.02338
-0.08358
-0.03686
-0.01524
-0.0118
0.06739
0.02494
-0.07162
-0.12143
-0.1128
-0.04313
-0.02238
0.03171
0.06285
0.07841
0.11171
0.01818
0.04282
0.10167
0.13108
0.1172
0.10072
0.13836
0.06733
0.0106
0.05083
0.00881
0.01874
-0.04492
0.02432
0.00611
0.01691
-0.00346
0.01859
0.07355
0.11162
0.01895
0.01416
0.03794
0.07644
-0.01363
0.04911
0.05341
0.01529
-0.03712
-0.03931
-0.04843
-0.02941
-0.04242
-0.03812
-0.04248
-0.07454
-0.14599
-0.16204
-0.15124
-0.08893
-0.11753
-0.09938
-0.05871
0.02265
-0.00942
-0.04667
0.0494
0.08011
0.10735
0.10992
0.03587
0.03801
-0.00314
-0.02179
-0.06078
-0.08938
-0.08118
-0.11152
-0.11544
-0.23625
-0.2207
-0.26055
-0.22984
-0.22164
-0.29569
-0.26672
-0.27193
-0.25551
-0.23129
-0.24734
-0.12312
-0.14609
-0.14136
-0.14528
-0.19768
-0.15225
-0.22241
-0.17352
-0.16359
-0.18656
-0.14286
-0.18704
-0.12819
-0.06675
-0.0776
0.00463
0.03837
0.05435
0.08679
0.10365
0.13306
0.13736
0.19101
0.15246
0.13597
0.09482
0.06623
0.0307
0.06012
-0.03688
-0.03691
-0.12525
-0.14735
-0.13049
-0.14611
-0.15869
-0.11975
-0.0951
-0.11331
-0.09385
-0.03024
-0.01642
0.08313
0.07617
0.04758
0.0995
0.12761
0.10897
0.1202
0.14917
0.16646
0.15085
0.10883
0.07677
0.03995
0.06547
-0.01248
-0.05536
-0.01729
-0.05888
-0.04203
-0.01911
7.77558E-4
-0.00531
-0.05729
0.00502
-0.08375
-0.03789
0.02486
0.01054
0.06116
0.03386
-0.02331
-0.04628
-0.02552
-0.08745
-0.12038
-0.07495
-0.03515
-0.12348
-0.19104
-0.28847
-0.25213
-0.25259
-0.20327
-0.18599
-0.04186
-0.02457
-0.00122
-0.01423
0.02643
0.10995
0.1714
0.1376
0.13887
0.11677
0.11458
0.00588
-0.0686
-0.07512
-0.1336
-0.09293
-0.14318
-0.10988
-0.09649
-0.15454
-0.23206
-0.26803
-0.21568
-0.15034
-0.09757
-0.07682
-0.11798
-0.10762
-0.15397
-0.1908
-0.15793
-0.08394
-0.05843
-0.04331
-0.00914
-0.08623
-0.06592
-0.04128
-0.03655
-0.02792
-0.03661
-0.02798
-0.03408
-0.067
-0.06141
-0.09736
-0.17098
-0.18487
-0.23165
-0.20916
-0.22217
-0.1828
-0.22222
-0.30882
-0.32746
-0.35389
-0.38943
-0.273
-0.2674
-0.2302
-0.25317
-0.1796
-0.19218
-0.18269
-0.05934
-5.55752E-5
-0.03168
0.00162
-0.00707
-0.03176
-0.04391
-0.03658
-0.08119
-0.0691
-0.08168
-0.10595
-0.12632
-0.09734
-0.01988
-0.03375
0.04241
0.0229
0.00773
-0.06503
-0.07631
-0.03911
-0.0781
-0.037
-0.00153
-0.07645
-0.02409
-0.06394
-0.02977
-0.03628
0.02126
0.05284
0.08311
0.08698
0.04972
0.00944
0.05573
-0.02395
0.07039
0.15175
0.16038
0.17031
0.19149
0.21398
0.20616
0.25462
0.26974
0.23465
0.2541
0.22506
0.1653
0.25618
0.25659
0.25353
0.29507
0.30782
0.29048
0.26319
0.1203
0.05102
-9.55873E-4
0.04447
0.08601
0.16044
0.18163
0.2197
0.18461
0.23783
0.23651
0.28453
0.20269
0.17626
0.1416
0.09049
0.05973
-0.04636
0.01076
0.03844
-0.00661
-0.1179
-0.1374
-0.0924
-0.09589
-0.05523
-0.14746
-0.2332
-0.20509
-0.23109
-0.22202
-0.28309
-0.26103
-0.27534
-0.2087
-0.18275
-0.20312
-0.09969
-0.03867
0.04182
0.02404
-0.0288
0.06555
0.06206
0.117
-0.0025
-0.01985
-0.05537
-0.06535
0.00562
-0.01389
0.02635
0.11593
0.03799
0.14186
0.11846
0.16952
0.16127
0.20713
0.15992
0.11184
0.08108
0.0698
0.01263
0.05849
-0.06145
-0.05931
-0.07578
-0.0758
-0.05029
-0.02175
-0.01484
0.02279
-0.05429
-0.08289
-0.07642
-0.09549
-0.07733
-0.0752
-0.04968
-0.14668
-0.09822
-0.12941
-0.19091
-0.15501
-0.13773
-0.15766
-0.07414
-0.114
-0.09239
-0.09025
-0.01019
-0.04571
-0.03016
0.00964
0.01048
0.00786
0.03554
0.01473
0.04414
-0.00523
-0.01868
-0.05118
-0.0577
-0.13998
-0.09498
-0.08116
-0.02144
-0.08208
-0.09466
-0.08905
-0.08648
-0.08867
-0.11381
-0.07488
-0.02122
-0.09831
-0.09833
-0.14858
-0.14125
-0.10491
-0.08978
-0.11189
-0.16689
-0.08899
-0.11196
-0.06956
-0.08691
-0.13369
-0.11293
-0.12465
-0.15671
-0.1537
-0.12299
-0.0464
-0.09794
-0.07892
-0.08198
-0.00148
0.02577
0.06817
0.07074
0.09193
0.04471
0.11222
0.06198
0.06931
0.08054
0.08484
0.0701
0.04453
0.03411
0.03582
0.02021
0.03837
-0.00928
-0.03831
0.00149
-0.05611
-0.10203
-0.10855
-0.02113
-0.0744
-0.02378
0.02598
0.04197
-0.02126
0.04148
0.04579
0.06524
0.07474
0.07038
0.0249
0.07509
0.11056
0.0746
0.05466
0.10052
0.1295
0.09397
0.11862
0.13981
0.15147
0.0995
0.01073
-0.05033
0.04098
-0.03697
0.00716
-0.03745
0.02226
0.0218
0.0984
0.12175
0.17194
0.23814
0.22383
0.14545
0.2056
0.17311
0.19603
0.21159
0.22368
0.1492
0.15393
0.16386
0.15561
0.18632
0.15642
0.21917
0.30226
0.30569
0.21303
0.18357
0.23462
0.15105
0.15491
0.12329
0.09079
0.11976
0.08641
0.02058
0.01449
0.04
0.00318
-0.05745
-0.04276
-0.04278
-0.05969
-0.01816
-0.01429
-0.05718
-0.10958
-0.08796
-0.03734
0.01199
0.0717
0.13791
0.16429
0.17379
0.17289
0.13867
0.15163
0.21827
0.26369
0.19007
0.21602
0.24586
0.17441
0.15317
0.23193
0.23797
0.17777
0.14267
0.1223
0.07595
0.06553
0.08066
-0.00682
0.00485
0.00395
-0.03764
-0.02684
0.03547
0.06791
0.02589
0.03323
0.0977
0.01412
0.01106
0.03485
-0.00717
0.03523
0.02178
0.00747
-0.01637
0.06845
0.0589
0.01645
0.07573
0.06835
0.07482
0.08345
0.09121
0.08296
0.09116
0.14654
0.08245
0.06338
0.10491
0.09406
0.14468
0.11911
0.16411
0.06927
0.07271
0.07961
0.05188
0.04796
0.07867
0.02886
-0.01099
-0.05344
-0.03399
-0.06994
-0.06564
-0.05441
-0.04924
-0.05273
0.01218
-0.02334
-0.04242
-0.00175
0.00384
-0.10744
-0.05292
0.01545
-0.03913
-0.00971
0.02489
-0.00847
-0.00719
-0.03882
-0.06525
0.01134
0.08794
0.05544
0.02251
0.09045
0.06359
0.03628
0.03539
0.05311
0.09811
0.12102
0.05519
0.05387
0.04388
0.04819
0.05682
0.04813
0.0888
0.07449
0.05974
0.07919
0.06618
0.07741
0.07262
0.09208
0.10807
0.00501
0.04438
0.01405
0.05342
0.06768
0.13519
0.16589
0.14682
0.21823
0.20088
0.16925
0.19867
0.19864
0.20034
0.19945
0.15613
0.08381
0.09288
0.14306
0.12485
0.16768
0.17631
0.23646
0.1992
0.22602
0.19742
0.21038
0.21165
0.15318
0.08043
0.07304
0.01197
0.06908
0.00801
0.03309
0.02397
0.03259
0.04468
0.03902
0.0667
0.14936
0.14803
0.16488
0.15101
0.22977
0.18862
0.1808
0.12234
0.12274
0.13051
0.17594
0.09626
0.11269
0.04643
0.01134
-0.07613
-0.0043
-0.07445
-0.02903
-0.0191
3.47817E-4
-0.05336
2.98272E-4
-0.05903
0.04354
0.01581
0.07292
0.04476
0.13997
0.10488
0.08581
0.02258
0.02039
0.03335
0.03203
-0.0299
0.02462
-0.01826
-0.01006
-0.02265
0.01845
0.00155
0.04221
0.04868
-0.02494
0.0179
0.00402
-0.02761
0.00354
-0.06445
-0.15842
-0.19957
-0.19007
-0.20351
-0.18579
-0.12175
-0.11961
-0.03652
-0.02226
-0.04306
0.01622
0.09196
0.08457
0.10749
0.1763
0.10528
0.05677
-0.00343
-0.04199
-0.10134
-0.04769
-0.04426
-0.07719
-0.02053
0.02749
-0.02709
0.0456
0.04168
0.05247
0.05287
0.11343
0.10644
0.09641
0.10588
0.08462
-0.0137
-0.00897
-0.00728
0.03079
0.06235
0.06492
0.08177
0.02243
0.02153
0.08903
0.11844
0.13875
0.15084
0.11314
0.13995
0.12476
0.08187
0.08963
0.16709
0.12506
0.1458
0.1185
0.17258
0.20891
0.24783
0.20364
0.20708
0.2486
0.26329
0.16455
0.10564
0.10561
0.11337
0.0683
0.04533
0.0085
-0.04607
-0.04653
-0.09505
-0.10026
-0.09294
0.01786
-0.06658
-0.07267
-0.07919
-0.11255
-0.10998
-0.06888
-0.04553
0.04882
0.00117
0.06651
0.03315
0.05866
0.01534
0.02613
0.00749
0.00487
0.03428
0.03425
0.01041
0.03679
0.03805
0.0181
0.01634
0.03926
0.07126
0.11538
0.08635
0.09454
0.11399
0.02045
0.05419
0.06065
0.11906
0.10474
0.12981
0.09862
0.07608
0.11587
0.08727
0.05478
0.09154
0.02269
-0.01024
-0.07261
-0.09168
-0.04928
-0.06143
-0.10432
-0.09828
-0.1442
-0.13297
-0.08192
-0.05641
-0.027
-0.05993
-0.03874
-0.06517
-0.11715
-0.06739
-0.09945
0.01567
0.01607
-0.05928
-0.11083
-0.17233
-0.08058
-0.03472
-0.02609
0.06133
0.09421
0.16907
0.04653
0.01491
0.03869
0.09321
0.09881
0.09359
0.04984
0.03855
0.03289
0.01771
-0.0308
0.04363
0.03062
0.01154
-0.04086
-0.02357
-0.06213
-0.0535
-0.12236
-0.19035
-0.25315
-0.24018
-0.24974
-0.18656
-0.16537
-0.15458
-0.09573
-0.12217
-0.13171
-0.1352
-0.07679
-0.03266
-0.01277
-0.06432
-0.03793
-0.0016
-0.03799
-0.09905
-0.05622
-0.11989
-0.0658
-0.08963
-0.16109
-0.15073
-0.10703
-0.12957
-0.07981
-0.0201
-0.03614
-0.02924
0.0361
0.02092
0.06029
0.15724
0.12084
0.11778
0.12511
0.08742
0.02593
-9.40696E-4
-0.0317
-0.03389
-0.04907
-0.07767
-0.17597
-0.13444
-0.1336
-0.23752
-0.254
-0.19039
-0.17267
-0.15062
-0.17013
-0.11907
-0.05893
-0.01956
-0.06981
-0.06204
0.00546
-0.05907
-0.10239
-0.13618
-0.14357
-0.11373
-0.13626
-0.15707
-0.06835
-0.03288
-0.05455
-0.1061
-0.04119
-0.04814
-0.03648
-0.09148
-0.08285
-0.08245
-0.08378
-0.11151
-0.12019
-0.08905
-0.04882
-0.06227
-0.01381
0.0169
0.13635
0.13156
0.0943
0.11506
0.12801
0.12279
0.09766
0.12144
0.08721
0.06034
0.04515
-0.04362
-0.04278
-0.0216
-0.01513
-0.03161
-0.01691
-0.00266
-0.01913
0.04318
0.06566
0.06131
0.09548
0.10238
0.14478
0.10016
0.09841
0.05379
0.03861
0.04637
-0.00603
0.01125
0.04673
0.00644
-0.01653
-0.03864
0.00462
-0.06252
0.00801
-0.01323
0.01012
0.072
0.04296
0.00744
0.08317
0.13986
0.20173
0.15452
0.16835
0.10901
0.13885
0.10809
0.05871
0.11107
0.18333
0.18677
0.12137
0.07026
0.02998
0.06675
0.0823
0.09397
0.04416
0.06101
0.07613
0.04969
0.05875
0.03838
0.06866
0.11625
0.13008
0.09845
0.06725
0.14168
0.14382
0.11002
0.13641
0.14201
0.21211
0.24412
0.27526
0.21679
0.23538
0.25397
0.27082
0.25867
0.2318
0.22312
0.2127
0.13129
0.00832
-0.0679
-8.264E-4
-0.03678
-0.03897
-0.09138
-0.11782
-0.06287
-0.12696
-0.19192
-0.12918
-0.10064
-0.01409
-0.0968
-0.01111
0.01786
0.00961
0.04421
-8.36355E-4
-0.01991
-0.02167
-0.03815
0.01464
0.01331
0.03017
-5.91936E-4
-0.01231
0.05736
0.04089
0.05904
0.11226
0.13907
0.16502
0.13036
0.097
0.10476
0.02422
0.05276
0.01636
-0.00358
-0.03651
-0.00493
-0.04003
-0.06473
-0.00891
0.04734
0.07675
0.11611
0.11652
0.09658
0.09742
0.12207
0.10992
0.17612
0.13757
0.05486
-0.04084
-0.04866
-0.01492
-0.01148
-0.04528
-0.01284
-0.01287
-0.02155
-0.05318
-0.03719
-0.04977
0.01774
0.0281
0.00686
-0.02217
-0.00791
0.03405
0.0219
0.0288
0.01145
0.0071
0.04127
-0.0146
-0.00251
-0.03933
-0.03849
0.04416
0.02682
0.02722
-0.01393
0.00812
0.01675
0.02971
0.01973
0.07381
0.15647
0.18155
0.11875
0.12522
0.13125
0.13338
0.0892
0.10692
0.10257
0.06098
-0.04727
-0.04989
-0.03564
-0.09064
-0.11361
-0.11321
-0.06259
-0.03274
-0.08991
-0.11288
-0.07871
-0.03112
-0.04674
-0.04114
-0.02428
-0.02604
-0.05118
-0.03821
-0.00707
0.01152
0.06214
0.09636
0.00933
0.10985
0.09839
0.35552