3.089
4.471
5.83
7.198
8.608
10.015
11.435
12.795
14.191
15.542
17.181
18.641
20.072
21.656
23.46
25.645
27.71
29.655
31.649
33.319
34.817
36.168
37.535
38.936
40.546
41.953
43.401
44.776
46.701
48.786
50.665
52.685
54.664
56.685
58.671
60.672
62.653
64.677
66.643
68.655
70.796
75.841
77.772
79.781
81.863
84.036
86.068
88.001
89.784
91.703
93.686
95.7
97.687
99.696
101.441
103.045
104.817
106.869
109.075
111.347
113.432
115.675
117.437
119.113
120.869
122.805
124.82
127.017
129.152
130.75
132.231
133.796
135.252
136.617
137.984
139.35
140.762
142.118
143.465
144.877
146.284
147.682
149.093
150.674
152.109
153.543
154.962
156.528
157.911
159.314
160.993
162.471
164.043
165.458
166.843
168.276
169.679
171.09
172.474
174.042
175.479
176.889
178.291
179.856
181.244
182.636
184.035
185.406
186.801
188.25
189.691
191.226
192.684
194.126
195.684
197.199
198.584
200.135
201.53
202.947
204.366
205.783
207.199
208.752
210.132
211.492
212.91
214.309
215.73
217.142
218.741
220.14
221.59
222.976
224.383
225.955
227.354
228.736
230.086
231.462
233.003
234.554
235.954
237.371
238.802
240.379
241.767
243.185
244.599
245.998
247.415
248.83
250.379
251.796
253.212
254.612
256.012
257.581
258.993
260.435
261.862
263.243
264.8
266.175
267.574
269.04
270.481
272.039
273.419
274.842
276.237
277.594
278.986
280.364
281.803
283.176
284.598
285.968
287.383
288.916
290.321
291.749
293.124
294.497
295.886
297.264
298.689
300.096
301.494
303.047
304.53
305.946
307.345
308.743
310.271
311.725
313.192
314.723
316.122
317.525
318.94
320.303
321.72
323.172
324.716
326.395
327.896
329.489
330.971
332.537
334.072
335.626
337.085
338.534
340.06
341.599
343.133
344.848
346.328
347.898
349.403
350.964
352.472
354.062
355.513
357.112
358.565
360.181
361.676
363.276
364.758
366.358
367.813
369.406
370.875
372.541
374.165
375.847
377.539
379.229
380.988
382.632
384.135
385.692
388.31
390.051
391.698
393.205
394.766
396.248
397.83
399.334
400.912
402.602
404.278
405.761
407.361
408.861
410.42
411.876
413.508
414.96
416.561
418.026
419.629
421.328
422.784
424.387
426.082
427.768
429.467
431.452
433.149
434.83
436.534
438.217
439.9
441.588
443.296
444.998
446.68
448.366
450.055
451.438
452.813
454.212
455.596
456.965
458.355
459.728
461.208
462.608
464.196
465.621
466.974
468.38
469.773
471.179
472.587
473.925
475.307
476.64
478.005
479.389
480.771
482.165
483.525
484.908
486.303
487.692
489.097
490.455
491.874
493.261
494.667
496.131
497.481
498.837
500.162
501.508
502.876
504.259
505.642
507.043
508.518
509.885
511.283
512.642
513.999
515.385
516.749
518.13
519.564
520.977
522.372
523.727
525.074
526.49
527.827
529.194
530.675
532.052
533.619
534.987
536.372
537.746
539.131
540.511
541.92
543.293
544.659
546.047
547.443
548.814
550.213
551.699
553.078
554.429
555.808
557.177
558.563
559.93
561.322
562.659
564.041
565.458
566.857
568.19
569.574
570.995
572.373
573.795
575.108
576.456
577.839
579.238
580.624
581.987
583.384
584.759
586.136
587.534
588.918
590.309
591.723
593.09
594.476
595.899
597.247
598.592
600.031
601.396
602.745
604.13
605.515
606.896
608.26
609.632
611.032
612.424
613.801
615.192
616.56
617.983
619.363
620.73
622.093
623.461
624.856
626.247
627.607
628.993
630.389
631.778
633.179
634.667
636.016
637.383
638.766
640.365
642.069
643.555
645.177
647.14
648.808
650.312
651.911
653.361
654.814
656.348
657.75
659.164
660.603
662.012
663.379
664.963
666.385
667.836
669.233
670.768
672.488
673.87
675.296
676.696
678.319
679.736
681.122
682.518
683.886
685.288
686.719
688.289
689.692
691.098
692.511
693.882
695.501
696.941
698.397
699.746
701.137
702.566
704.106
705.572
706.969
708.569
709.943
711.317
712.755
714.195
715.604
716.968
718.386
719.941
721.345
722.738
724.139
725.575
726.993
728.545
729.986
731.372
732.995
734.359
735.771
737.184
738.6
739.999
741.418
742.99
744.481
746.035
747.466
748.892
750.267
751.682
753.071
754.478
756.023
757.426
758.803
760.17
761.578
762.977
764.386
766.02
767.392
768.83
770.247
771.847
773.264
774.657
776.087
777.502
778.873
780.492
781.869
783.276
784.684
786.079
787.518
789.046
790.432
791.934
793.336
794.722
796.266
797.714
799.096
800.481
801.863
803.257
804.635
806.074
807.491
809.012
810.415
811.858
813.298
814.709
816.329
817.759
819.147
820.704
822.067
823.491
824.878
826.348
827.752
829.132
830.681
832.087
833.469
834.884
836.258
837.667
839.274
840.684
842.069
843.486
844.885
846.297
847.705
849.098
850.643
852.348
853.778
855.172
856.589
857.972
859.393
860.783
862.322
863.725
865.167
866.574
867.967
869.355
870.747
872.317
873.718
875.135
876.521
877.953
879.363
880.903
882.283
883.67
885.101
886.777
888.291
889.818
891.221
892.623
894.043
895.485
896.865
898.423
899.798
901.219
902.615
904.005
905.399
906.801
908.184
909.622
911.013
912.541
914.013
915.427
916.857
918.177
919.558
920.99
922.368
923.917
925.304
926.707
928.095
929.519
930.916
932.311
933.705
935.069
936.471
937.894
939.287
940.824
942.199
943.618
945.061
946.642
948.076
949.446
950.811
952.192
953.558
954.948
956.333
957.804
959.401
960.789
962.298
963.674
965.243
966.644
968.074
969.495
971.08
972.529
973.959
975.336
976.925
978.345
979.744
981.137
982.559
983.929
985.347
987.001
988.588
990.044
991.466
993.055
994.464
995.951
997.336
998.725
1000.265
1001.652
1003.073
1004.478
1005.9
1007.487
1008.877
1010.286
1011.637
1013.043
1014.463
1015.832
1017.217
1018.606
1020.006
1021.391
1022.793
1024.187
1025.585
1026.97
1028.354
1029.924
1031.427
1032.978
1034.369
1035.752
1037.19
1038.643
1040.032
1041.582
1043.006
1044.416
1045.831
1047.276
1048.824
1050.23
1051.62
1053.028
1054.425
1055.824
1057.401
1058.852
1060.469
1061.909
1063.326
1064.777
1066.297
1067.824
1069.19
1070.57
1071.999
1073.542
1074.961
1076.369
1077.754
1079.172
1080.596
1082.147
1083.533
1084.988
1086.399
1087.784
1089.366
1090.748
1092.145
1093.568
1094.965
1096.392
1097.739
1099.138
1100.531
1101.92
1103.489
1104.881
1106.321
1107.726
1109.096
1110.459
1111.857
1113.463
1114.869
1116.279
1117.688
1119.085
1120.513
1122.065
1123.468
1124.863
1126.289
1127.732
1129.303
1130.719
1132.148
1133.765
1135.15
1136.603
1138
1139.566
1140.983
1142.416
1143.824
1145.232
1146.663
1148.186
1149.564
1150.957
1152.398
1154.02
1155.458
1156.879
1158.47
1160.241
1161.992
1163.889
1165.84
1167.84
1169.855
1171.836
1173.839
1175.652
1177.836
1179.811
1181.948
1183.832
1185.805
1187.815
1189.835
1191.806
1193.797
1195.807
1197.799
1199.608
1201.51
1203.471
1205.484
1207.476
1209.315
1211.153
1213.156
1215.162
1217.157
1219.142
1221.278
1223.223
1225.156
1227.153
1229.125
1231.115
1233.112
1235.118
1237.136
1239.105
1241.124
1243.099
1245.121
1247.097
1249.1
1251.104
1253.127
1255.106
1257.091
1259.08
1261.089
1263.066
1265.095
1267.071
1269.065
1271.074
1272.879
1274.814
1276.764
1278.738
1281.059
1283.053
1285.037
1287.038
1289.041
1291.036
1293.066
1295.045
1297.012
1299.031
1301.006
1303.012
1304.823
1306.734
1308.708
1310.682
1312.708
1314.68
1316.682
1318.687
1320.687
1322.69
1324.738
1326.679
1328.657
1330.682
1332.647
1334.65
1336.65
1338.644
1340.644
1342.635
1344.688
1346.628
1348.47
1350.639
1352.483
1354.419
1356.33
1357.842
1359.234
1360.761
1362.173
1363.573
1364.931
1366.332
1367.706
1369.087
1370.49
1371.883
1373.519
1374.911
1376.302
1377.704
1379.074
1380.529
1381.969
1383.518
1384.939
1386.302
1387.695
1389.076
1390.461
1391.831
1393.201
1394.579
1395.94
1397.317
1398.697
1400.098
1401.48
1402.865
1404.265
1405.627
1407.002
1408.476
1409.877
1411.257
1412.623
1413.98
1415.389
1416.818
1418.207
1419.784
1421.144
1422.536
1423.905
1425.289
1426.67
1428.04
1429.484
1430.859
1432.216
1433.571
1434.968
1436.356
1437.767
1439.15
1440.528
1441.926
1443.581
1444.95
1446.325
1447.697
1449.138
1450.546
1451.946
1453.301
1454.694
1456.084
1457.445
1458.801
1460.216
1461.59
1462.984
1464.375
1465.757
1467.143
1468.522
1469.914
1471.278
1472.696
1474.067
1475.436
1476.852
1478.438
1479.851
1481.268
1482.617
1483.99
1485.409
1486.776
1488.204
1489.582
1490.998
1492.399
1493.947
1495.34
1496.704
1498.086
1499.477
1500.879
1502.237
1503.613
1505.008
1506.397
1507.758
1509.15
1510.522
1511.924
1513.622
1514.975
1516.372
1517.756
1519.156
1520.535
1521.953
1523.334
1524.72
1526.078
1527.446
1528.816
1530.233
1531.682
1533.26
1534.715
1536.081
1537.48
1538.863
1540.279
1541.662
1543.029
1544.395
1545.797
1547.177
1548.86
1550.226
1551.643
1553.238
1554.612
1556.026
1557.41
1558.784
1560.207
1561.577
1562.99
1564.391
1565.771
1567.157
1568.539
1569.942
1571.317
1572.683
1574.069
1575.485
1576.893
1578.42
1579.808
1581.201
1582.574
1584.083
1585.484
1586.859
1588.213
1589.596
1590.933
1592.366
1593.768
1595.17
1596.556
1598.079
1599.51
1600.912
1602.268
1603.647
1605.075
1606.47
1607.86
1609.248
1610.697
1612.22
1613.623
1615
1616.422
1617.805
1619.441
1620.819
1622.191
1623.579
1624.969
1626.369
1627.778
1629.182
1630.617
1632.002
1633.415
1634.964
1636.398
1637.833
1639.23
1640.798
1642.196
1643.621
1645.013
1646.42
1647.827
1649.211
1650.595
1651.948
1653.281
1654.933
1656.344
1657.724
1659.074
1660.476
1661.907
1663.291
1664.705
1666.082
1667.455
1668.872
1670.236
1671.636
1673.021
1674.378
1675.753
1677.136
1678.522
1679.953
1681.482
1682.889
1684.252
1685.684
1687.081
1688.503
1690.113
1691.495
1692.862
1694.27
1695.644
1697.024
1698.395
1699.8
1701.177
1702.614
1704.022
1705.391
1706.75
1708.148
1709.55
1710.97
1712.372
1713.724
1715.075
1716.503
1717.88
1719.454
1720.907
1722.35
1723.887
1725.367
1726.752
1728.116
1729.469
1730.822
1732.18
1733.57
1734.959
1736.394
1737.813
1739.179
1740.529
1741.878
1743.261
1744.644
1746.004
1747.386
1748.794
1750.152
1751.563
1752.957
1754.38
1755.775
1757.159
1758.554
1760.157
1761.543
1762.965
1764.339
1765.731
1767.098
1768.511
1769.886
1771.281
1772.661
1774.064
1775.437
1776.836
1778.419
1779.812
1781.201
1782.57
1784.03
1785.484
1786.842
1788.233
1789.6
1791.001
1792.4
1793.945
1795.467
1797.001
1798.38
1799.867
1801.284
1802.836
1804.26
1806.541
1808.522
1810.511
1811.968
1813.372
1814.768
1816.137
1817.521
1818.931
1820.344
1821.903
1823.326
1824.72
1826.12
1827.525
1828.917
1830.504
1831.936
1833.554
1834.961
1836.364
1837.74
1839.103
1840.53
1841.911
1843.341
1844.763
1846.304
1847.694
1849.092
1850.5
1851.858
1853.244
1854.641
1856.005
1857.425
1858.778
1860.223
1861.614
1862.991
1864.408
1865.804
1867.196
1868.753
1870.17
1871.57
1872.985
1874.386
1875.78
1877.339
1878.762
1880.168
1881.598
1883.182
1884.652
1886.257
1887.717
1889.131
1890.556
1892.08
1893.48
1894.898
1896.316
1897.719
1899.144
1900.695
1902.116
1903.601
1905.13
1906.563
1907.999
1909.44
1910.992
1912.412
1913.844
1915.261
1916.814
1918.295
1919.888
1921.308
1922.771
1924.188
1925.729
1927.158
1928.589
1930.03
1931.578
1933
1934.424
1935.832
1937.233
1938.787
1940.204
1941.855
1943.298
1944.711
1946.155
1947.694
1949.073
1950.534
1951.95
1953.384
1954.921
1956.36
1957.767
1959.186
1960.738
1962.163
1963.621
1965.216
1966.656
1968.296
1969.756
1971.162
1972.734
1974.202
1975.59
1976.997
1978.582
1980.02
1981.444
1983.007
1984.468
1985.898
1987.478
1988.957
1990.381
1991.946
1993.417
1995.003
1996.458
1997.88
1999.31
2000.843
2002.258
2003.744
2005.292
2006.677
2008.122
2009.553
2010.972
2012.507
2013.981
2015.588
2016.998
2018.469
2020.044
2021.553
2023.103
2024.508
2025.92
2027.384
2028.952
2030.372
2031.827
2033.397
2034.867
2036.311
2037.858
2039.257
2040.712
2042.134
2043.696
2045.117
2046.579
2048.141
2049.613
2051.226
2052.907
2054.292
2055.742
2057.18
2058.609
2060.152
2061.596
2063.048
2064.583
2065.993
2067.424
2068.806
2070.227
2071.79
2073.21
2074.652
2076.069
2077.639
2079.08
2080.499
2082.115
2083.527
2085.002
2086.56
2087.983
2089.622
2091.071
2092.511
2094.093
2095.506
2096.962
2098.363
2099.926
2101.332
2102.719
2104.16
2105.744
2107.132
2108.578
2109.985
2111.42
2112.817
2114.353
2115.828
2117.42
2118.905
2120.325
2121.888
2123.307
2124.75
2126.325
2127.81
2129.393
2130.875
2132.29
2133.724
2135.249
2136.68
2138.086
2139.508
2141.099
2142.496
2143.933
2145.346
2146.739
2148.314
2149.742
2151.183
2152.585
2153.966
2155.524
2156.942
2158.341
2159.819
2161.371
2162.858
2164.422
2165.851
2167.487
2168.956
2170.408
2171.952
2173.405
2174.836
2176.418
2177.859
2179.475
2180.917
2182.381
2183.924
2185.396
2187.015
2188.484
2190.09
2191.546
2193.146
2194.618
2196.22
2197.67
2199.109
2200.699
2202.208
2203.741
2205.209
2206.674
2208.216
2209.662
2211.3
2212.74
2214.354
2215.892
2217.428
2218.945
2220.497
2221.986
2223.409
2224.937
2226.397
2227.841
2229.421
2230.876
2232.483
2233.982
2235.541
2236.981
2238.608
2240.05
2241.482
2243.065
2244.531
2245.962
2247.544
2248.977
2250.441
2251.968
2253.394
2254.819
2256.27
2257.827
2259.281
2260.884
2262.395
2263.97
2265.439
2267.038
2268.491
2270.125
2271.61
2273.198
2274.639
2276.318
2277.732
2279.341
2280.817
2282.397
2283.817
2285.282
2286.854
2288.312
2289.941
2291.417
2293.021
2294.486
2295.894
2297.464
2298.92
2300.364
2301.912
2303.348
2305.005
2306.479
2308.061
2309.524
2311.13
2312.623
2314.278
2315.889
2317.346
2318.971
2320.455
2322.011
2323.5
2324.95
2326.488
2327.939
2329.543
2330.984
2332.455
2334.013
2335.429
2337.095
2338.555
2340.148
2341.596
2343.23
2344.713
2346.285
2347.704
2349.183
2350.772
2352.441
2353.898
2355.524
2357.024
2358.588
2360.037
2361.49
2363.038
2364.464
2365.937
2367.488
2368.976
2370.575
2372.016
2373.626
2375.137
2376.727
2378.195
2380.389
2382.556
2384.465
2386.439
2388.375
2390.373
2392.411
2394.677
2396.98
2398.976
2401.001
2403.091
2405.039
2407.009
2409.105
2411.076
2413.022
2415.062
2416.941
2418.945
2420.963
2422.935
2424.988
2426.953
2429.056
2431.081
2433.057
2435.027
2436.998
2439.021
2441.232
2443.219
2445.327
2447.257
2449.316
2451.332
2453.496
2455.524
2457.557
2459.538
2461.603
2463.563
2465.504
2467.493
2469.508
2471.836
2473.79
2475.816
2477.766
2479.927
2482.079
2484.088
2486.123
2488.13
2490.134
2492.073
2494.053
2496.151
2498.117
2500.076
2502.048
2504.052
2506.033
2508.039
2510.089
2512.14
2514.145
2516.337
2518.438
2520.642
2522.685
2524.669
2526.7
2528.639
2530.635
2532.654
2534.602
2536.623
2538.921
2540.927
2542.999
2544.994
2547.222
2549.21
2551.204
2553.213
2555.191
2557.188
2559.192
2561.243
2563.226
2565.302
2567.268
2569.201
2571.197
2573.2
2575.474
2577.47
2579.478
2581.477
2582.91
2584.32
2585.746
2587.315
2588.728
2590.144
2591.759
2593.468
2594.908
2596.308
2597.695
2599.299
2600.758
2602.371
2603.872
2605.417
2606.843
2608.308
2609.87
2611.336
2612.794
2614.355
2615.843
2617.425
2618.833
2620.261
2621.703
2623.231
2624.649
2626.082
2627.497
2629.072
2630.613
2632.162
2633.633
2635.229
2636.686
2638.11
2639.678
2641.16
2642.578
2644.142
2645.574
2647.008
2648.576
2650.032
2651.668
2653.125
2654.739
2656.141
2657.589
2659.011
2660.56
2661.989
2663.432
2664.868
2666.405
2668.103
2669.546
2670.968
2672.383
2673.954
2675.382
2676.782
2678.388
2679.805
2681.216
2682.632
2684.223
2685.632
2687.054
2688.463
2690.069
2691.496
2692.927
2694.33
2695.911
2697.395
2698.974
2700.394
2701.879
2703.439
2705.107
2706.521
2708.006
2709.573
2711.007
2712.415
2714.02
2715.484
2716.901
2718.478
2719.935
2721.539
2723.019
2724.45
2726.002
2727.451
2728.9
2730.465
2731.867
2733.279
2734.7
2736.123
2737.692
2739.103
2740.549
2742.143
2743.612
2745.046
2746.59
2748.063
2749.497
2751.059
2752.563
2754.114
2755.557
2757.204
2758.638
2760.103
2761.647
2763.11
2764.726
2766.184
2767.62
2769.168
2770.634
2772.053
2773.619
2775.059
2776.49
2778.09
2779.754
2781.198
2782.634
2784.206
2785.658
2787.094
2788.51
2790.052
2791.511
2792.931
2794.508
2795.941
2797.38
2798.963
2800.351
2801.834
2803.409
2804.856
2806.274
2807.68
2809.248
2810.722
2812.164
2813.725
2815.164
2816.787
2818.283
2819.858
2821.344
2822.94
2824.932
2826.946
2828.965
2830.953
2833.022
2834.979
2836.911
2838.998
2841.198
2843.193
2845.224
2847.315
2849.488
2851.498
2853.619
2855.632
2857.621
2859.8
2861.787
2863.801
2865.933
2868.085
2870.073
2872.183
2874.398
2876.47
2878.481
2880.693
2882.747
2884.785
2886.993
2889.115
2891.285
2893.276
2895.326
2897.59
2899.578
2901.576
2903.588
2905.686
2907.706
2909.859
2911.851
2913.875
2915.989
2918.156
2920.183
2922.24
2924.231
2926.471
2928.582
2930.749
2932.795
2934.847
2936.831
2939.052
2941.358
2943.341
2945.363
2947.661
2949.739
2951.724
2953.659
2955.655
2957.654
2959.706
2961.738
2963.677
2965.72
2967.713
2970.005
2972.048
2974.056
2976.329
2978.545
2980.528
2982.569
2984.527
2986.641
2988.808
2990.812
2992.824
2994.82
2996.322
2997.892
2999.351
3000.78
3002.333
3003.823
3005.424
3006.847
3008.305
3009.882
3011.282
3012.761
3014.456
3016.016
3017.419
3018.904
3020.482
3021.949
3023.366
3024.917
3026.437
3027.982
3029.482
3031.062
3032.514
3033.934
3035.359
3036.886
3038.337
3039.809
3041.341
3042.823
3044.421
3045.914
3047.489
3048.891
3050.323
3051.971
3053.422
3054.871
3056.425
3057.915
3059.487
3060.97
3062.571
3064.005
3065.487
3067.005
3068.468
3069.917
3071.475
3072.896
3074.332
3075.901
3077.315
3078.783
3080.367
3081.796
3083.264
3084.816
3086.234
3087.684
3089.288
3090.696
3092.19
3093.733
3095.256
3096.807
3098.244
3099.888
3101.357
3102.778
3104.342
3105.816
3107.417
3108.83
3110.302
3111.851
3113.293
3114.933
3116.383
3118.002
3119.524
3121.075
3122.499
3123.915
3125.535
3127.219
3128.667
3130.112
3131.679
3133.129
3134.761
3136.454
3137.942
3139.517
3140.982
3142.579
3144.075
3145.668
3147.108
3148.74
3150.217
3151.8
3153.222
3154.674
3156.254
3157.707
3159.138
3160.713
3162.178
3163.601
3165.213
3166.679
3168.235
3169.683
3171.313
3172.755
3174.373
3175.819
3177.277
3178.832
3180.266
3181.677
3183.277
3184.764
3186.345
3187.809
3189.434
3190.895
3192.51
3194.013
3195.56
3196.998
3198.456
3200.025
3201.467
3203.104
3204.532
3205.999
3207.539
3209.035
3210.62
3212.05
3213.487
3215.075
3216.598
3218.168
3219.65
3221.07
3222.611
3224.042
3225.469
3226.89
3228.436
3229.855
3231.296
3232.698
3234.274
3235.699
3237.365
3238.856
3240.455
3242.125
3243.607
3245.193
3246.616
3248.082
3249.64
3251.131
3252.722
3254.228
3255.789
3257.255
3258.859
3260.35
3261.934
3263.393
3264.799
3266.398
3267.904
3269.458
3270.897
3272.316
3273.926
3275.369
3276.994
3278.661
3280.182
3281.744
3283.204
3284.847
3286.328
3287.915
3289.392
3290.953
3293.024
3295.023
3296.992
3299.028
3301.018
3303.019
3305.239
3307.242
3309.251
3311.234
3313.241
3315.025
3317.223
3319.247
3321.531
3323.528
3325.815
3327.845
3329.823
3331.815
3333.842
3335.812
3337.813
3339.841
3341.801
3343.809
3345.889
3348.097
3350.106
3352.101
3354.094
3356.137
3358.189
3360.216
3362.155
3364.382
3366.369
3368.371
3370.379
3372.387
3374.358
3376.426
3378.36
3380.388
3382.408
3384.363
3386.369
3388.342
3390.506
3392.459
3394.493
3396.638
3398.636
3400.635
3402.618
3404.618
3406.633
3408.689
3410.65
3412.631
3414.617
3416.614
3418.602
3420.662
3422.644
3424.678
3426.731
3428.892
3430.915
3432.877
3435.01
3436.952
3438.874
3440.962
3442.971
3445.189
3447.308
3449.479
3451.506
3453.569
3455.484
3457.468
3459.465
3461.473
3463.454
3465.448
3467.45
3469.498
3471.579
3473.512
3475.512
3477.759
3479.77
3481.761
3483.742
3485.776
3487.808
3489.84
3491.841
3493.857
3496.027
3498.027
3500.153
3502.127
3504.052
3506.108
3508.066
3510.021
3512.031
3513.99
3515.983
3518.102
3520.282
3522.29
3524.294
3526.279
3528.582
3530.331
3531.976
3533.956
3535.658
3537.091
3538.742
3540.492
3542.089
3544.105
3546.404
3548.418
3550.084
3551.785
3553.484
3555.233
3556.866
3558.549
3560.226
3561.914
3563.615
3565.346
3567.077
3569.055
3571.045
3573.276
3575.269
3577.304
3579.317
3581.413
3583.571
3585.68
3587.72
3589.886
3591.949
3594.003
3596.188
3598.186
3600.333
3602.485
3604.777
3606.919
3609.068
3611.123
3613.148
3615.117
3617.092
3619.112
3621.117
3623.122
3625.361
3627.368
3629.437
3631.46
3633.473
3635.658
3637.655
3639.645
3641.056
3642.48
3644.111
3645.576
3647.179
3648.688
3650.244
3651.715
3653.305
3654.789
3656.391
3657.82
3659.462
3660.951
3662.534
3664.018
3665.614
3667.289
3668.831
3670.383
3671.879
3673.432
3674.903
3676.345
3677.886
3679.408
3680.964
3682.462
3684.442
3686.446
3688.482
3690.624
3692.622
3694.63
3696.711
3698.949
3701.019
3703.237
3705.284
3707.522
3709.543
3711.535
3713.82
3715.887
3717.963
3720.139
3722.459
3724.497
3726.744
3729.045
3731.192
3733.397
3735.726
3737.78
3739.96
3742.094
3744.267
3746.29
3748.396
3750.547
3752.574
3754.562
3756.624
3758.835
3760.531
3762.033
3763.965
3766.526
3768.653
3770.929
3773.112
3775.425
3777.732
3779.541
3781.767
3784.091
3786.33
3788.338
3790.654
3792.971
3795.318
3797.593
3799.862
3802.174
3804.464
3806.763
3808.873
3811.07
3813.364
3815.671
3817.964
3820.277
3822.65
3824.661
3826.91
3828.893
3830.902
3832.926
3835
3837.258
3839.262
3841.473
3843.495
3845.495
3847.508
3849.604
3851.771
3853.869
3855.868
3858.071
3860.152
3862.39
3864.385
3866.378
3868.489
3870.65
3872.666
3874.788
3876.962
3878.943
3880.97
3883.076
3885.257
3887.306
3889.545
3891.304
3893.246
3895.232
3897.236
3899.268
3901.339
3903.301
3905.529
3907.516
3909.648
3911.641
3913.832
3915.81
3917.829
3919.921
3921.956
3923.926
3926.102
3928.109
3929.877
3931.558
3933.527
3935.784
3937.782
3939.772
3941.47
3943.152
3944.868
3946.584
3948.234
3949.95
3951.717
3953.4
3955.063
3956.731
3958.414
3960.096
3961.746
3963.741
3965.48
3967.733
3970.03
3972.659
3974.668
3976.737
3978.958
3980.963
3983.027
3985.267
3987.547
3989.573
3991.589
3993.69
3995.871
3998.155
4000.521
4002.571
4004.761
4006.754
4008.188
4009.669
4011.228
4012.745
4014.299
4015.751
4017.199
4018.745
4020.435
4021.9
4023.494
4024.96
4026.402
4027.944
4029.39
4030.83
4032.41
4033.95
4035.48
4036.941
4038.539
4039.981
4041.629
4043.091
4044.706
4046.236
4047.757
4049.22
4050.669
4052.23
4053.667
4055.123
4056.684
4058.366
4059.859
4061.433
4062.863
4064.334
4065.879
4067.291
4068.728
4070.131
4071.585
4073.135
4074.56
4076.193
4077.679
4079.243
4080.763
4082.342
4083.808
4085.402
4086.857
4088.284
4089.871
4091.275
4092.746
4094.306
4095.842
4097.386
4098.809
4100.24
4101.671
4103.238
4104.703
4106.287
4107.732
4109.182
4110.758
4112.203
4113.821
4115.248
4116.693
4118.297
4119.76
4121.333
4122.861
4124.412
4125.896
4127.49
4128.961
4130.399
4131.936
4133.444
4135.006
4136.491
4138.08
4139.524
4140.995
4142.544
4144.079
4145.602
4147.048
4148.541
4150.099
4151.582
4153.142
4154.598
4156.2
4157.639
4159.083
4160.484
4162.067
4163.555
4165.108
4166.55
4168.008
4169.571
4171.258
4172.679
4174.113
4175.727
4177.175
4178.782
4180.283
4181.87
4183.377
4184.922
4186.405
4188.021
4189.493
4191.068
4192.535
4194.159
4195.634
4197.226
4198.718
4200.284
4201.823
4203.373
4204.842
4206.432
4207.929
4209.521
4211.03
4212.598
4214.073
4215.679
4217.145
4218.589
4220.101
4221.56
4223.016
4224.552
4226.872
4228.993
4230.973
4233.181
4235.467
4237.587
4239.764
4241.807
4244.074
4246.19
4248.381
4250.389
4252.367
4254.68
4256.998
4258.989
4261.296
4263.335
4265.345
4267.571
4269.591
4271.894
4273.995
4275.992
4277.993
4280.183
4282.474
4284.473
4286.533
4288.54
4290.786
4292.767
4295.073
4297.07
4299.378
4301.364
4303.433
4305.669
4307.787
4310.093
4312.298
4314.571
4316.569
4318.678
4320.877
4323.182
4325.32
4327.56
4329.6
4331.781
4333.858
4336.075
4338.122
4340.177
4342.195
4344.386
4346.527
4348.465
4350.452
4352.49
4354.658
4356.967
4359.003
4360.975
4363.264
4365.295
4367.568
4369.671
4371.871
4374.025
4376.028
4378.161
4380.198
4382.473
4384.59
4386.763
4389.066
4391.118
4393.364
4395.43
4397.454
4399.684
4401.785
4403.811
4405.985
4408.264
4410.351
4412.721
4414.661
4416.978
4418.994
4421.193
4423.263
4425.49
4427.522
4429.526
4431.537
4433.5
4435.522
4437.769
4439.784
4441.876
4443.88
4446.059
4448.169
4450.391
4452.425
4454.673
4456.974
4459.036
4461.284
4463.582
4465.564
4467.879
4470.478
4472.586
4474.655
4476.776
4478.892
4481.086
4483.184
4485.198
4487.371
4489.371
4491.778
4493.807
4495.978
4498.3
4500.339
4502.617
4504.584
4506.586
4508.59
4510.563
4512.889
4514.962
4517.198
4519.215
4521.278
4523.806
4525.793
4528.084
4530.075
4532.128
4534.381
4536.402
4538.37
4540.364
4542.39
4544.485
4546.667
4548.781
4550.777
4552.807
4554.974
4557.06
4559.278
4561.27
4563.273
4565.324
4567.327
4569.362
4571.376
4573.39
4575.66
4577.653
4579.858
4581.886
4583.912
4585.855
4587.848
4590.143
4592.46
4594.551
4596.566
4598.743
4600.563
4602.195
4604.168
4606.18
4608.212
4610.207
4612.413
4614.721
4616.853
4618.724
4620.423
4622.09
4623.778
4625.589
4627.237
4628.871
4630.553
4632.219
4634.359
4636.606
4638.956
4641.212
4643.262
4645.273
4647.442
4649.54
4651.726
4653.859
4656.337
4658.655
4660.663
4662.762
4664.945
4667.002
4669.252
4671.263
4673.23
4675.311
4677.532
4679.539
4681.548
4683.635
4685.839
4688.146
4690.453
4692.507
4694.594
4696.748
4698.733
4700.758
4702.832
4705.069
4707.108
4709.348
4711.477
4713.651
4715.94
4718.087
4720.266
4722.358
4724.343
4726.566
4728.854
4731.156
4733.249
4735.474
4737.539
4739.819
4742.075
4744.101
4746.117
4748.368
4750.756
4752.965
4755.286
4757.57
4759.691
4761.866
4763.896
4766.167
4768.26
4770.463
4772.601
4774.793
4776.834
4778.878
4781.064
4783.085
4785.375
4787.36
4789.169
4790.752
4792.209
4793.838
4795.32
4796.912
4798.42
4799.982
4801.657
4803.334
4804.777
4806.417
4807.859
4809.313
4810.879
4812.335
4813.953
4815.439
4817.028
4818.486
4820.088
4821.595
4823.175
4824.841
4826.31
4827.931
4829.395
4830.811
4832.371
4833.827
4835.274
4836.825
4838.322
4839.92
4841.395
4842.973
4844.402
4845.894
4847.437
4848.894
4850.5
4851.969
4853.438
4854.946
4856.442
4858.028
4859.494
4861.11
4862.799
4864.478
4866.629
4868.78
4870.773
4872.822
4874.889
4876.889
4879.086
4881.076
4883.152
4885.136
4887.139
4889.101
4891.045
4893.083
4895.356
4897.364
4899.096
4901.032
4903.063
4905.332
4907.46
4909.109
4910.759
4912.725
4914.441
4916.124
4917.806
4919.541
4921.239
4923.172
4924.888
4926.686
4928.605
4930.574
4932.653
4934.823
4936.863
4939.149
4941.133
4943.188
4945.261
4947.449
4949.479
4951.547
4953.713
4955.85
4958.026
4960.092
4962.491
4964.311
4966.442
4968.642
4970.764
4972.924
4974.945
4977.015
4979.222
4981.238
4983.359
4985.527
4987.593
4989.824
4991.933
4994.116
4996.246
4998.453
5000.563
5002.728
5004.76
5006.765
5008.803
5011.037
5013.051
5015.35
5017.373
5019.433
5021.605
5023.704
5025.675
5027.755
5029.931
5031.947
5034.041
5036.222
5038.351
5040.503
5042.597
5044.801
5046.917
5049.111
5051.172
5053.213
5055.415
5057.547
5059.709
5061.807
5063.811
5066.016
5068.305
5070.309
5072.468
5074.622
5076.708
5078.913
5081.002
5083.289
5085.533
5087.6
5089.884
5092.13
5094.132
5096.43
5098.729
5101.034
5103.33
5105.641
5107.887
5109.938
5112.049
5114.247
5116.54
5118.839
5120.963
5123.161
5125.189
5127.265
5129.439
5131.539
5133.751
5135.771
5137.862
5140.033
5142.149
5144.348
5146.43
5148.479
5150.652
5152.727
5154.745
5156.943
5159.066
5161.259
5163.258
5165.541
5167.57
5169.857
5172.156
5174.139
5176.453
5178.57
5180.758
5182.872
5185.055
5187.696
5189.517
5191.431
5193.659
5195.738
5197.962
5199.964
5202.103
5204.374
5206.252
5208.542
5210.659
5212.844
5215.151
5217.309
5219.49
5221.756
5223.88
5226.055
5228.369
5230.702
5232.993
5235.111
5237.283
5239.426
5241.667
5243.88
5245.996
5248.2
5250.494
5252.562
5254.795
5256.911
5259.096
5261.393
5263.691
5265.806
5268.014
5270.309
5272.622
5274.755
5277.222
5279.509
5281.965
5284.227
5287.033
5288.726
5291.107
5292.75
5294.429
5296.412
5298.731
5301.046
5303.645
5305.928
5308.561
5310.608
5312.863
5315.166
5317.247
5319.773
5322.056
5324.174
5326.403
5328.673
5330.807
5332.986
5335.278
5337.583
5339.716
5342.197
5344.251
5346.496
5348.502
5350.279
5352.479
5354.778
5357.095
5359.232
5361.091
5363.144
5365.181
5367.178
5369.372
5371.38
5373.386
5375.173
5376.845
5378.487
5380.153
5381.87
5383.82
5385.819
5387.818
5389.794
5391.95
5393.916
5395.816
5397.526
5399.202
5400.886
5402.358
5403.947
5405.615
5407.127
5408.704
5410.184
5411.777
5413.242
5414.835
5416.525
5418.015
5419.623
5421.14
5422.68
5424.365
5426.074
5427.551
5429.143
5430.617
5432.188
5433.645
5435.282
5436.779
5438.339
5439.835
5441.405
5442.939
5444.494
5445.952
5447.577
5449.038
5450.632
5452.101
5453.696
5455.192
5456.773
5458.315
5460.258
5462.506
5464.774
5466.907
5469.094
5471.106
5473.15
5475.398
5477.455
5479.655
5481.752
5483.788
5485.951
5488.273
5490.576
5492.871
5494.965
5497.003
5499.175
5501.317
5503.469
5505.478
5507.614
5509.778
5511.861
5514.078
5516.376
5518.374
5520.522
5522.672
5524.969
5527.01
5529.279
5531.354
5533.291
5535.041
5537.016
5539.068
5541.25
5543.566
5545.653
5547.655
5549.867
5551.913
5553.989
5556.161
5558.238
5560.463
5562.593
5564.826
5566.876
5569.106
5571.361
5573.5
5575.671
5577.786
5579.962
5582.267
5584.42
5586.568
5588.883
5590.896
5593.183
5594.913
5596.631
5598.647
5600.848
5602.641
5604.263
5605.919
5607.619
5609.301
5611.011
5612.844
5614.76
5616.713
5618.685
5620.674
5622.676
5624.661
5626.664
5628.671
5630.72
5632.655
5634.654
5636.439
5638.036
5639.54
5641.103
5642.597
5644.165
5645.87
5647.341
5648.95
5650.443
5652.015
5653.496
5655.098
5656.62
5658.149
5659.663
5661.227
5662.745
5664.298
5665.77
5667.375
5668.874
5670.45
5671.943
5673.515
5675.041
5676.589
5678.106
5679.68
5681.174
5682.745
5684.195
5685.821
5687.34
5688.869
5690.347
5691.944
5693.4
5695.032
5696.532
5698.097
5699.582
5701.164
5702.672
5704.229
5705.671
5707.296
5709.01
5710.46
5712.077
5713.765
5715.277
5716.836
5718.333
5719.907
5721.411
5722.974
5724.47
5726.107
5727.891
5729.488
5731.104
5733.455
5735.722
5737.802
5740.017
5742.034
5744.331
5746.631
5748.697
5750.716
5752.948
5755.229
5757.54
5759.685
5761.659
5763.825
5765.894
5768.141
5770.14
5772.747
5774.858
5777.057
5779.125
5781.137
5783.023
5785.333
5787.343
5789.015
5791.183
5793.32
5795.373
5797.709
5799.92
5802.026
5804.063
5806.239
5808.544
5810.979
5814.058
5816.205
5818.361
5820.374
5822.489
5824.658
5826.97
5829.092
5831.016
5833.055
5835.301
5837.554
5839.635
5841.861
5843.869
5846.487
5848.777
5850.766
5852.831
5855.077
5857.062
5858.774
5860.855
5862.764
5864.262
5866.151
5867.627
5869.226
5870.908
5872.575
5874.078
5875.673
5877.165
5878.739
5880.247
5881.821
5883.299
5884.876
5886.573
5888.069
5889.634
5891.178
5892.717
5894.268
5895.8
5897.308
5898.86
5900.558
5902.237
5903.764
5905.296
5906.813
5908.378
5910.067
5911.537
5913.138
5914.633
5916.214
5917.725
5919.278
5920.77
5922.358
5923.893
5925.428
5926.928
5928.531
5930.193
5931.886
5933.571
5935.868
5938.006
5940.192
5942.292
5944.786
5946.893
5949.082
5951.186
5953.393
5955.68
5957.808
5960.124
5962.305
5964.38
5966.68
5968.903
5971.195
5973.509
5975.603
5977.814
5980.118
5982.115
5984.241
5986.4
5988.418
5990.496
5992.721
5994.716
5996.8
5999.046
6001.102
6003.312
6005.441
6007.649
6009.901
6011.98
6014.221
6016.283
6018.373
6020.496
6022.8
6024.814
6027.119
6029.423
6031.738
6033.771
6036.016
6038.32
6040.372
6042.643
6044.751
6046.92
6049.223
6051.551
6053.84
6055.655
6057.575
6059.237
6060.908
6062.61
6064.968
6067.233
6069.634
6071.801
6073.809
6075.819
6077.809
6080.437
6082.707
6084.808
6087.119
6089.335
6091.652
6094.031
6096.25
6098.688
6101.163
6103.464
6105.894
6108.376
6110.68
6113.278
6115.391
6117.708
6120.356
6122.937
6125.721
6128.336
6130.654
6132.719
6134.801
6136.951
6139.252
6141.375
6143.56
6145.551
6147.867
6150.145
6152.294
6154.45
6156.53
6158.757
6160.744
6163.08
6165.454
6167.657
6169.982
6172.275
6174.349
6176.577
6178.686
6180.977
6183.17
6185.185
6187.303
6189.499
6191.617
6193.806
6196.084
6198.217
6200.402
6202.726
6204.801
6206.98
6209.356
6211.613
6213.671
6215.912
6218.043
6220.526
6222.814
6225.113
6227.405
6229.5
6231.74
6234.03
6236.325
6238.403
6240.923
6243.096
6245.236
6247.538
6249.831
6252.21
6254.44
6256.768
6258.828
6260.743
6262.527
6264.752
6266.841
6269.061
6271.358
6273.641
6275.965
6278.086
6280.27
6282.335
6284.553
6286.686
6288.853
6291.151
6293.233
6295.449
6297.761
6299.909
6302.069
6304.362
6306.678
6308.998
6311.063
6312.977
6314.678
6316.468
6318.042
6319.757
6321.429
6323.441
6325.424
6327.556
6329.722
6331.715
6333.733
6335.758
6337.738
6339.739
6341.704
6343.717
6345.694
6347.712
6349.699
6351.708
6353.713
6355.68
6357.163
6359.179
6360.859
6362.453
6364.128
6365.637
6367.211
6368.899
6370.404
6371.975
6373.661
6375.17
6376.727
6378.396
6379.906
6381.507
6383.187
6384.855
6386.853
6388.568
6390.853
6393.168
6395.267
6397.263
6399.27
6401.471
6403.756
6406.075
6408.188
6410.345
6412.449
6414.745
6416.98
6419.015
6421.127
6423.565
6425.893
6427.973
6430.189
6432.273
6434.472
6436.599
6438.778
6440.903
6443.118
6445.369
6447.459
6449.686
6451.687
6453.995
6456.294
6458.346
6460.427
6462.577
6464.714
6466.908
6469.324
6471.544
6473.804
6475.872
6478.12
6480.414
6482.521
6484.703
6487.001
6489.303
6491.092
6493.331
6495.367
6497.613
6499.914
6501.979
6503.746
6505.595
6507.908
6509.986
6512.208
6514.502
6516.806
6519.122
6521.139
6523.172
6525.405
6527.502
6529.712
6532.057
6534.153
6536.317
6538.078
6539.992
6542.006
6543.676
6545.817
6548.311
6550.896
6553.323
6555.83
6558.429
6560.862
6563.338
6565.744
6568.283
6570.874
6573.475
6576.091
6578.727
6581.148
6583.641
6586.236
6588.24
6589.922
6592.216
6594.37
6595.904
6597.387
6598.984
6600.493
6602.152
6603.743
6605.231
6606.831
6608.358
6609.915
6611.413
6612.962
6614.644
6616.193
6618.038
6619.563
6621.11
6622.793
6624.324
6625.909
6627.548
6629.571
6631.982
6633.846
6635.986
6638.153
6640.458
6642.766
6645.066
6647.366
6649.402
6651.505
6653.7
6655.779
6657.961
6660.278
6662.595
6664.931
6667.175
6669.499
6671.589
6673.778
6675.931
6678.129
6680.235
6682.386
6684.408
6686.386
6688.51
6690.437
6692.489
6694.684
6696.465
6698.181
6700.049
6702.113
6704.447
6706.669
6708.978
6711.027
6713.257
6715.312
6717.376
6719.557
6721.658
6723.872
6725.955
6728.005
6730.171
6732.27
6734.304
6736.47
6738.767
6740.817
6742.833
6745.069
6747.19
6749.659
6751.754
6754.013
6756.12
6758.392
6760.714
6762.897
6764.903
6766.919
6769.198
6771.536
6773.791
6776.094
6778.386
6780.705
6782.993
6785.118
6787.327
6789.604
6791.926
6794.514
6796.824
6798.582
6800.83
6803.112
6805.247
6807.432
6809.745
6812.023
6814.325
6816.636
6818.742
6820.962
6823.239
6825.389
6827.537
6829.871
6831.953
6834.174
6836.269
6838.492
6840.585
6842.578
6844.749
6846.832
6849.098
6851.18
6853.346
6855.47
6857.478
6859.344
6861.346
6863.66
6865.942
6868.257
6870.091
6871.956
6873.77
6875.657
6877.681
6879.758
6881.92
6883.971
6886.219
6888.219
6890.285
6892.301
6894.522
6896.515
6898.665
6900.83
6902.895
6905.112
6907.144
6909.204
6911.228
6913.393
6915.475
6917.491
6919.541
6921.741
6924.011
6926.027
6928.327
6930.712
6932.98
6935.268
6937.321
6939.61
6941.835
6944.131
6946.43
6948.751
6951.035
6953.121
6955.367
6957.666
6959.969
6962.263
6964.581
6966.855
6969.162
6971.472
6973.769
6975.862
6978.112
6980.202
6982.406
6984.707
6986.993
6989.295
6991.289
6993.326
6995.728
6998.017
7000.19
7002.294
7004.548
7006.587
7008.57
7010.808
7012.834
7014.81
7017.155
7019.426
7021.717
7024.02
7026.333
7028.452
7030.623
7032.911
7035.233
7037.655
7039.883
7041.942
7044.133
7046.438
7048.755
7050.733
7053.031
7055.171
7057.338
7059.633
7061.729
7063.797
7065.97
7068.01
7069.645
7071.321
7072.831
7074.382
7075.881
7077.477
7078.984
7080.535
7082.239
7083.904
7085.431
7086.984
7088.687
7090.388
7092.055
7093.541
7095.121
7096.605
7098.204
7099.713
7101.287
7102.758
7104.348
7106.046
7107.564
7109.118
7110.617
7112.196
7113.695
7115.247
7116.96
7118.437
7120.028
7121.521
7123.098
7124.775
7126.294
7127.842
7129.303
7130.907
7132.388
7134.004
7135.671
7137.161
7138.772
7140.442
7141.941
7143.512
7145.191
7146.754
7148.354
7149.99
7151.5
7153.04
7154.583
7156.133
7157.606
7159.18
7160.652
7162.257
7163.773
7165.323
7167.002
7168.534
7170.077
7171.582
7173.166
7174.863
7176.364
7177.94
7179.63
7181.121
7182.685
7184.389
7186.087
7187.581
7189.145
7190.83
7192.32
7193.891
7195.385
7196.974
7198.47
7200.044
7201.766
7203.267
7204.805
7206.333
7207.886
7209.579
7211.059
7212.639
7214.132
7215.718
7217.227
7218.794
7220.472
7222.01
7223.58
7225.228
7226.746
7228.741
7230.303
7231.808
7233.375
7234.909
7236.453
7237.977
7239.519
7241.022
7242.597
7244.086
7245.672
7247.362
7248.823
7250.442
7251.95
7253.498
7255.043
7256.576
7258.105
7259.671
7261.348
7263.021
7264.532
7266.085
7267.57
7269.178
7270.866
7272.532
7274.058
7275.614
7277.121
7278.682
7280.186
7281.757
7283.454
7285.004
7286.572
7288.213
7289.905
7291.402
7292.972
7294.435
7296.034
7297.5
7299.109
7300.618
7302.252
7303.876
7305.34
7306.954
7308.458
7310.031
7311.538
7313.095
7314.624
7316.163
7317.693
7319.243
7320.768
7322.328
7324.006
7325.478
7327.08
7328.581
7330.156
7331.665
7333.221
7334.938
7336.587
7338.071
7339.657
7341.348
7342.848
7344.435
7345.924
7347.494
7349.017
7350.572
7352.065
7353.648
7355.337
7356.881
7358.397
7359.89
7361.481
7362.99
7364.561
7366.248
7367.957
7369.422
7370.994
7372.708
7374.382
7375.852
7377.459
7378.962
7380.546
7382.049
7383.623
7385.125
7386.681
7388.172
7389.743
7391.252
7392.829
7394.335
7395.894
7397.388
7398.946
7400.467
7402.049
7403.733
7405.399
7407.101
7408.593
7410.16
7411.862
7413.361
7414.946
7416.643
7418.143
7419.742
7421.217
7422.799
7424.471
7425.974
7427.542
7429.031
7430.597
7432.134
7433.69
7435.159
7436.738
7438.222
7439.804
7441.319
7442.899
7444.592
7446.08
7447.649
7449.151
7450.734
7452.259
7453.784
7455.279
7456.86
7458.548
7460.046
7461.62
7463.148
7464.697
7466.155
7467.761
7469.462
7470.928
7472.528
7474.046
7475.608
7477.102
7478.673
7480.159
7481.755
7483.259
7484.849
7486.537
7488.207
7489.719
7491.269
7492.967
7494.442
7496.035
7497.724
7499.249
7500.815
7502.508
7504.002
7505.554
7507.097
7508.642
7510.309
7511.829
7513.392
7515.094
7516.593
7518.161
7519.677
7521.243
7522.92
7524.627
7526.107
7527.692
7529.383
7531.073
7532.738
7534.238
7535.812
7537.52
7539.037
7540.588
7542.104
7543.654
7545.35
7547.032
7548.567
7550.123
7551.632
7553.182
7554.657
7556.248
7557.753
7559.329
7560.823
7562.396
7564.073
7565.783
7567.476
7569.155
7570.659
7572.226
7573.692
7575.29
7577.305
7578.79
7580.364
7581.844
7583.454
7584.947
7586.5
7588.032
7589.569
7591.105
7592.658
7594.156
7595.718
7597.196
7598.803
7600.337
7601.899
7603.552
7605.058
7606.645
7608.149
7609.715
7611.396
7612.922
7614.478
7616.157
7617.651
7619.243
7620.928
7622.445
7623.984
7625.51
7627.052
7628.56
7630.142
7631.839
7633.313
7634.889
7636.575
7638.063
7639.669
7641.179
7642.725
7644.422
7645.92
7647.483
7648.941
7650.551
7652.058
7653.631
7655.312
7656.858
7658.404
7659.89
7661.462
7663.01
7664.54
7666.227
7667.761
7669.332
7670.981
7672.443
7674.075
7675.559
7677.14
7678.642
7680.228
7681.709
7683.271
7684.773
7686.341
7687.839
7689.445
7690.969
7692.508
7694.201
7695.871
7697.41
7698.969
7700.47
7702.031
7703.5
7705.084
7706.613
7708.154
7709.671
7711.255
7712.945
7714.471
7716.011
7717.492
7719.06
7720.575
7722.143
7723.824
7725.536
7727.01
7728.59
7730.076
7731.665
7733.355
7735.059
7736.542
7738.13
7739.619
7741.204
7742.712
7744.261
7745.785
7747.35
7748.867
7750.421
7752.099
7753.615
7755.168
7756.697
7758.23
7759.917
7761.436
7763.013
7764.71
7766.378
7767.89
7769.454
7770.951
7772.638
7774.204
7775.688
7777.276
7778.797
7780.347
7782.036
7783.546
7785.121
7786.644
7788.203
7789.656
7791.269
7792.716
7794.353
7795.85
7797.422
7799.091
7800.609
7802.169
7803.699
7805.301
7806.938
7808.436
7810.002
7811.696
7813.247
7814.781
7816.443
7817.943
7819.517
7821.223
7822.924
7824.608
7826.076
7827.661
7829.211
7830.739
7832.434
7833.955
7835.495
7836.983
7838.58
7840.07
7841.653
7843.347
7844.842
7846.404
7847.935
7849.502
7851.199
7852.707
7854.236
7855.945
7857.439
7859.015
7860.509
7862.066
7863.545
7865.162
7866.844
7868.331
7869.91
7871.441
7872.993
7874.691
7876.378
7877.89
7879.433
7880.939
7882.506
7884.182
7885.716
7887.278
7888.786
7890.438
7892.035
7893.537
7895.119
7896.793
7898.323
7899.867
7901.548
7903.055
7904.629
7906.324
7908.026
7909.701
7911.385
7912.909
7914.445
7915.979
7917.569
7919.212
7920.914
7922.598
7924.134
7925.659
7927.195
7928.765
7930.432
7932.125
7933.654
7935.197
7936.683
7938.269
7939.961
7941.476
7943.022
7944.543
7946.1
7947.567
7949.184
7950.847
7952.384
7953.931
7955.445
7957.031
7958.537
7960.125
7961.762
7963.277
7964.858
7966.532
7968.207
7969.939
7971.602
7973.304
7974.798
7976.345
7977.845
7979.421
7980.923
7982.551
7984.184
7985.66
7987.254
7988.756
7990.324
7991.856
7993.423
7994.928
7996.469
7998.17
7999.71
8001.256
8002.765
8004.319
8006.022
8007.488
8009.129
8010.781
8012.304
8013.84
8015.371
8016.957
8018.464
8019.979
8021.683
8023.361
8024.908
8026.424
8027.911
8029.508
8031.208
8032.881
8034.427
8035.975
8037.638
8039.162
8040.721
8042.243
8043.809
8045.306
8046.868
8048.549
8050.256
8051.798
8053.305
8054.805
8056.401
8057.917
8059.455
8061.18
8062.681
8064.247
8065.768
8067.285
8068.852
8070.362
8071.875
8073.437
8075.136
8076.655
8078.201
8079.735
8081.267
8082.804
8084.334
8086.02
8087.726
8089.215
8090.79
8092.299
8093.869
8095.35
8096.966
8098.483
8100.021
8101.717
8103.403
8105.08
8106.583
8108.17
8109.841
8111.33
8112.911
8114.423
8115.988
8117.507
8119.071
8120.758
8122.273
8123.824
8125.337
8126.94
8128.571
8130.288
8131.971
8133.637
8135.187
8136.736
8138.418
8139.885
8141.469
8143.167
8144.867
8146.41
8147.994
8149.649
8151.132
8152.715
8154.386
8156.091
8157.752
8159.447
8160.956
8162.535
8164.215
8165.73
8167.377
8168.974
8170.68
8172.366
8174.061
8175.56
8177.152
8178.826
8180.487
8181.988
8183.589
8185.279
8186.781
8188.35
8190.035
8191.533
8193.086
8194.635
8196.17
8197.724
8199.327
8200.924
8202.455
8203.997
8205.528
8207.131
8208.768
8210.282
8211.824
8213.511
8214.994
8216.585
8218.116
8219.683
8221.351
8222.855
8224.446
8226.124
8227.797
8229.328
8230.905
8232.585
8234.256
8235.771
8237.33
8238.855
8240.407
8242.085
8243.789
8245.263
8246.917
8248.569
8250.548
8252.551
8254.698
8256.903
8259.461
8261.745
8263.842
8265.809
8267.833
8270.054
8272.391
8274.971
8277.547
8280.027
8283.099
8286.102
8288.652
8291.1
8293.613
8295.687
8297.864
8300.147
8302.147
8304.463
8306.604
8308.759
8311.058
8313.061
8315.124
8317.376
8319.658
8321.688
8323.817
8326.256
8328.309
8330.42
8332.568
8334.67
8336.637
8338.559
8340.862
8343.175
8345.531
8348.099
8350.129
8352.751
8355.294
8357.606
8359.982
8362.236
8364.514
8366.815
8369.13
8371.426
8373.559
8375.424
8377.116
8378.803
8380.49
8382.187
8383.863
8385.389
8386.962
8388.642
8390.332
8392.018
8393.699
8395.394
8397.082
8399.399
8401.376
8403.692
8405.729
8407.992
8410
8411.678
8413.38
8415.053
8416.735
8418.433
8420.134
8421.822
8423.516
8425.179
8426.714
8428.333
8429.952
8431.643
8433.348
8435.034
8436.703
8438.392
8439.936
8441.485
8443.183
8444.843
8446.552
8448.224
8449.912
8451.624
8453.322
8455.005
8456.682
8458.374
8460.048
8461.765
8463.432
8465.119
8466.806
8468.502
8470.198
8471.889
8473.564
8475.288
8476.966
8478.657
8480.169
8481.783
8483.515
8485.39
8487.501
8489.816
8491.817
8494.017
8496.302
8498.399
8500.614
8502.623
8504.909
8507.216
8509.526
8511.81
8513.894
8516.139
8518.442
8520.74
8523.027
8525.127
8527.327
8529.425
8531.468
8533.624
8535.652
8537.619
8539.766
8541.932
8544.05
8546.317
8548.649
8550.835
8552.867
8555.128
8557.216
8559.428
8561.54
8563.744
8566.053
8568.103
8570.355
8572.424
8574.664
8576.728
8579.006
8581.246
8583.341
8585.565
8587.6
8589.843
8591.966
8594.158
8596.455
8598.553
8600.759
8603.081
8605.187
8607.364
8609.66
8611.757
8613.993
8616.106
8618.284
8620.359
8622.406
8624.556
8626.637
8628.868
8630.97
8632.97
8635.17
8637.169
8639.155
8640.842
8642.396
8643.979
8645.623
8647.315
8648.992
8650.523
8652.165
8653.741
8655.443
8657.427
8659.426
8661.444
8663.506
8665.742
8668.051
8670.187
8672.124
8674.338
8676.449
8678.454
8680.637
8682.688
8684.952
8687.064
8689.3
8691.552
8693.836
8695.924
8698.141
8700.199
8702.282
8704.565
8706.76
8709.044
8711.095
8713.207
8715.342
8717.345
8719.454
8721.651
8723.744
8725.957
8728.003
8730.246
8732.261
8734.552
8736.652
8738.851
8740.998
8743.162
8745.465
8747.448
8749.744
8751.787
8753.897
8756.11
8758.355
8760.454
8762.646
8764.742
8766.973
8769.092
8771.262
8773.32
8775.558
8777.668
8779.955
8782.154
8784.258
8786.569
8788.788
8791.077
8793.184
8795.385
8797.432
8799.668
8801.784
8803.981
8806.077
8808.114
8810.328
8812.575
8814.654
8816.611
8818.567
8820.971
8823.494
8825.54
8827.488
8829.523
8831.57
8833.506
8835.573
8837.485
8839.466
8841.5
8843.469
8845.448
8847.297
8849.147
8851.15
8853.148
8855.222
8857.139
8859.115
8861.142
8863.107
8866.022
8869.969
8873.09
8876.403
8880.284
8882.294
8884.455
8887.2
8889.829
8892.033
8894.381
8896.595
8899.885
8902.13
8904.283
8906.43
8908.429
8911.047
8913.115
8915.057
8917.054
8919.032
8921.975
8924.554
8926.868
8928.888
8931.167
8933.168
8935.164
8937.168
8939.165
8941.469
8943.9
8946.187
8948.377
8950.38
8952.491
8954.676
8956.678
8958.777
8960.707
8962.642
8964.651
8966.649
8968.689
8970.757
8972.957
8975.247
8977.25
8979.389
8981.299
8983.239
8985.236
8987.223
8989.551
8991.846
8994.147
8996.746
8999.069
9001.114
9003.143
9005.342
9007.359
9009.46
9011.642
9013.961
9015.684
9017.643
9019.332
9021.155
9023.026
9024.805
9026.773
9029.005
9031.002
9033.069
9035.071
9037.316
9039.297
9041.333
9043.33
9045.43
9047.414
9049.584
9051.649
9053.908
9056.542
9059.221
9062.036
9066.527
9070.64
9074.538
9078.003
9080.087
9082.385
9084.931
9087.012
9089.229
9091.235
9093.852
9096.16
9098.785
9102.593
9106.115
9109.643
9112.582
9115.193
9118.204
9120.838
9123.003
9125.323
9127.456
9129.657
9131.657
9133.712
9135.933
9138.228
9140.216
9142.231
9144.222
9146.213
9148.513
9150.614
9152.826
9155.116
9157.159
9159.161
9161.424
9164.336
9167.573
9170.788
9174.322
9177.846
9180.164
9182.564
9184.599
9186.465
9188.748
9190.904
9192.816
9194.815
9196.864
9198.779
9201.059
9203.045
9205.34
9207.344
9209.411
9211.344
9213.158
9215.131
9217.015
9219.004
9220.856
9222.837
9224.544
9226.402
9228.101
9229.885
9231.593
9233.517
9235.466
9237.166
9239.141
9240.819
9242.596
9244.516
9246.212
9247.962
9249.678
9251.413
9253.377
9255.065
9256.744
9258.725
9260.458
9262.142
9264.023
9265.769
9267.472
9269.172
9270.839
9272.524
9274.465
9276.195
9277.942
9279.654
9281.346
9283.246
9284.958
9286.615
9288.377
9290.099
9291.969
9293.729
9295.798
9297.497
9299.347
9301.045
9303.029
9304.792
9306.47
9308.403
9310.092
9311.787
9313.783
9315.476
9317.171
9318.89
9320.655
9322.622
9324.267
9325.965
9327.689
9329.619
9331.336
9333.115
9334.835
9336.466
9338.365
9340.365
9342.364
9344.044
9345.747
9347.544
9349.428
9351.109
9352.812
9354.625
9356.507
9358.328
9360.226
9361.909
9363.583
9365.308
9367.056
9368.99
9370.706
9372.455
9374.326
9376.019
9377.694
9379.381
9381.087
9382.774
9384.485
9386.284
9388.131
9390.15
9392.146
9394.117
9395.83
9397.511
9399.213
9400.895
9402.593
9404.278
9406.04
9407.955
9409.676
9411.409
9413.339
9415.336
9417.337
9419.079
9420.773
9422.522
9424.219
9426.087
9428.066
9429.784
9431.533
9433.284
9435.148
9437.15
9438.883
9440.64
9442.327
9444.031
9445.892
9447.578
9449.313
9450.969
9452.782
9454.654
9456.342
9458.026
9459.788
9461.509
9463.241
9464.945
9466.783
9468.773
9470.537
9472.455
9474.219
9475.928
9477.834
9479.52
9481.29
9483.044
9484.902
9486.591
9488.298
9490.017
9491.756
9493.45
9495.163
9496.849
9498.72
9500.413
9502.16
9503.867
9505.807
9507.804
9509.535
9511.259
9512.994
9514.705
9516.537
9518.248
9520.073
9521.942
9523.75
9525.622
9527.417
9529.302
9531.29
9533.069
9534.799
9536.518
9538.365
9540.366
9542.115
9543.785
9545.731
9547.486
9549.223
9550.935
9552.794
9554.507
9556.477
9558.193
9559.891
9561.591
9563.34
9565.556
9567.923
9569.64
9571.555
9573.535
9575.213
9576.922
9578.901
9580.947
9582.742
9584.413
9586.125
9587.967
9589.813
9591.664
9593.389
9595.043
9596.789
9598.731
9600.41
9602.126
9603.804
9605.495
9607.341
9608.974
9610.573
9612.539
9614.256
9616.019
9618.037
9619.673
9621.423
9623.147
9624.787
9626.701
9628.446
9630.139
9631.849
9633.557
9635.181
9636.87
9638.819
9640.579
9642.515
9644.197
9645.883
9647.881
9649.586
9651.278
9653.26
9654.987
9656.683
9658.713
9660.99
9663.548
9665.672
9667.969
9670.17
9672.453
9674.821
9676.604
9678.443
9680.136
9682.15
9683.858
9685.533
9687.324
9689.248
9691.496
9693.825
9695.934
9698.209
9700.413
9702.706
9705.017
9707.625
9710.012
9712.234
9714.537
9716.604
9718.92
9720.985
9723.148
9725.286
9727.751
9729.868
9731.745
9733.767
9735.467
9737.181
9739.115
9740.816
9742.547
9744.199
9745.88
9747.661
9749.558
9751.31
9753.378
9755.256
9756.927
9758.624
9760.336
9762.143
9764.008
9766.019
9767.8
9769.772
9771.471
9773.457
9775.453
9777.366
9779.388
9781.352
9783.418
9785.682
9787.75
9789.795
9791.766
9793.781
9795.948
9798.018
9799.953
9802.009
9804.061
9806.334
9808.248
9810.557
9812.682
9815.001
9817.169
9819.236
9821.455
9823.747
9825.765
9827.804
9830.072
9832.115
9834.056
9836.11
9838.056
9840.161
9842.355
9844.36
9846.493
9848.642
9850.952
9853.011
9855.254
9857.549
9859.641
9861.843
9864.151
9866.467
9868.771
9870.75
9873.068
9875.37
9877.673
9879.657
9881.777
9883.793
9886.014
9888.276
9890.581
9892.736
9894.898
9896.963
9899.187
9901.471
9903.288
9905.474
9907.588
9909.781
9911.844
9914.072
9916.39
9918.701
9921.105
9923.283
9925.59
9927.718
9929.896
9932.218
9934.358
9936.531
9938.565
9940.798
9943.1
9945.229
9947.193
9949.41
9951.545
9953.699
9955.872
9958.018
9960.017
9962.047
9964.008
9966.305
9968.439
9970.299
9972.287
9974.604
9976.918
9979.198
9981.324
9983.51
9985.8
9987.959
9990.19
9992.165
9994.4
9996.496
9998.711
10000.727
10002.71
10005.124
10007.106
10009.306
10011.451
10013.605
10015.771
10018.051
10020.237
10022.51
10024.838
10026.976
10029.437
10031.465
10033.736
10035.86
10037.849
10040.025
10042.045
10044.063
10046.337
10048.094
10050.326
10052.326
10054.453
10056.641
10058.771
10060.935
10063.013
10064.921
10066.689
10068.62
10070.337
10072.121
10073.978
10075.663
10077.452
10079.342
10081.348
10083.658
10085.416
10087.381
10089.341
10091.034
10092.81
10094.719
10096.406
10098.191
10099.878
10101.577
10103.474
10105.217
10106.909
10108.601
10110.298
10112.233
10114.039
10115.914
10117.623
10119.371
10121.07
10122.821
10124.972
10126.736
10128.466
10130.179
10132.028
10133.734
10135.423
10137.115
10138.88
10140.8
10142.797
10144.496
10146.181
10147.894
10149.707
10151.556
10153.274
10155.225
10156.991
10158.972
10160.732
10162.605
10164.292
10166.308
10167.995
10169.99
10171.802
10173.664
10175.415
10177.185
10179.042
10180.735
10182.75
10184.499
10186.414
10188.148
10189.914
10191.789
10194.113
10195.894
10197.792
10199.543
10201.473
10203.475
10205.195
10206.935
10208.842
10210.59
10212.528
10214.29
10216.22
10218.205
10219.898
10221.619
10223.396
10225.111
10226.975
10228.728
10230.651
10232.472
10234.343
10236.024
10237.831
10239.534
10241.245
10243.096
10244.828
10246.795
10248.568
10250.269
10252.159
10253.891
10255.576
10257.34
10259.222
10261.04
10262.9
10264.736
10266.602
10268.334
10270.088
10271.982
10273.735
10275.797
10277.662
10279.37
10281.353
10283.067
10284.849
10286.714
10288.429
10290.243
10292.1
10293.8
10295.504
10297.462
10299.152
10300.888
10302.678
10304.526
10306.377
10308.222
10310.06
10311.908
10313.64
10315.349
10317.075
10318.967
10320.655
10322.437
10324.368
10326.102
10327.868
10329.519
10331.434
10333.167
10334.865
10336.814
10338.544
10340.245
10342.179
10343.945
10345.708
10347.552
10349.319
10351.244
10353.236
10354.96
10356.652
10358.373
10360.054
10361.815
10363.688
10365.405
10367.205
10369.361
10371.085
10372.835
10374.441
10376.415
10378.166
10379.869
10381.612
10383.498
10385.795
10387.565
10389.248
10391.206
10393.157
10394.856
10396.861
10398.844
10400.63
10402.549
10404.224
10405.925
10407.923
10409.621
10411.29
10413.295
10415
10416.771
10418.667
10420.366
10422.352
10424.35
10426.068
10428.151
10429.865
10431.549
10433.433
10435.116
10436.85
10438.566
10440.262
10442.487
10444.307
10446.177
10448.162
10449.989
10451.862
10453.566
10455.241
10456.99
10458.921
10460.589
10462.338
10463.992
10465.671
10467.438
10469.354
10471.033
10472.853
10474.751
10476.427
10478.168
10479.851
10481.916
10483.793
10485.797
10488.115
10489.865
10491.571
10493.469
10495.225
10497.189
10498.911
10500.579
10502.353
10504.539
10506.524
10508.372
10510.049
10511.935
10513.688
10515.589
10517.338
10519.27
10521.053
10522.969
10524.733
10526.438
10528.338
10530.067
10532.015
10534.03
10535.715
10537.467
10539.205
10540.874
10542.791
10544.466
10546.26
10548.19
10549.949
10551.626
10553.358
10555.058
10556.758
10558.591
10560.421
10562.304
10563.979
10565.814
10567.661
10569.485
10571.352
10573.182
10575.035
10576.786
10578.71
10580.431
10582.149
10583.895
10585.632
10587.478
10589.278
10591.209
10592.993
10594.841
10596.552
10598.317
10600.22
10601.926
10603.912
10605.675
10607.592
10609.289
10611.056
10613.301
10614.987
10616.746
10618.423
10620.049
10621.72
10623.5
10625.109
10626.93
10628.554
10630.189
10631.87
10633.552
10635.249
10636.952
10638.628
10640.32
10642
10643.713
10645.396
10647.097
10648.761
10650.461
10652.154
10653.827
10655.513
10657.232
10658.91
10660.581
10662.294
10663.982
10665.964
10667.656
10669.345
10671.055
10672.731
10674.437
10676.103
10677.788
10679.485
10681.184
10682.855
10684.554
10686.244
10687.954
10689.619
10691.314
10693.084
10694.713
10696.371
10698.08
10699.777
10701.465
10703.144
10704.844
10706.537
10708.276
10709.907
10711.609
10713.291
10714.963
10716.655
10718.337
10720.04
10721.728
10723.435
10725.1
10726.803
10728.487
10730.168
10731.879
10733.575
10735.247
10736.939
10738.632
10740.315
10742.01
10743.713
10745.386
10747.087
10748.756
10750.477
10752.144
10753.835
10755.511
10757.224
10758.909
10760.578
10762.282
10763.981
10765.667
10767.339
10769.041
10770.755
10772.416
10774.12
10775.788
10777.477
10779.234
10780.875
10782.567
10784.233
10785.948
10787.615
10789.32
10791.015
10792.713
10794.469
10796.125
10797.754
10799.452
10801.132
10802.844
10804.52
10806.224
10807.931
10809.591
10811.29
10813.079
10814.691
10816.372
10818.053
10819.72
10821.425
10823.114
10824.813
10826.476
10828.169
10829.858
10831.559
10833.249
10834.945
10836.634
10838.316
10840.015
10841.696
10843.396
10845.071
10846.787
10848.461
10850.169
10851.937
10853.576
10855.243
10857.526
10859.827
10862.442
10864.875
10867.054
10869.343
10871.776
10874.017
10876.246
10878.556
10880.849
10883
10885.49
10887.783
10890.068
10892.385
10894.703
10897.01
10899.593
10901.971
10904.217
10906.527
10908.81
10911.125
10913.44
10915.892
10918.349
10920.671
10922.987
10925.552
10927.867
10929.983
10932.52
10934.814
10937.116
10939.457
10941.704
10944.326
10946.929
10949.279
10951.511
10953.877
10956.182
10958.439
10960.774
10963.11
10965.474
10967.953
10970.262
10972.572
10974.709
10976.89
10979.217
10981.466
10984.083
10986.699
10989.315
10991.915
10994.366
10996.688
10998.894
11001.251
11003.745
11006.043
11008.34
11010.958
11013.355
11015.906
11018.497
11021.103
11023.404
11025.835
11028.335
11030.951
11033.587
11035.896
11038.181
11040.765
11043.071
11045.379
11048
11050.358
11052.992
11055.36
11057.616
11059.861
11062.49
11064.871
11067.083
11069.159
11070.766
11072.43
11074.11
11075.806
11077.467
11079.166
11080.849
11082.531
11084.25
11085.934
11087.614
11089.317
11090.984
11092.671
11094.383
11096.095
11097.744
11099.443
11101.125
11102.809
11104.501
11106.215
11108.046
11109.654
11111.271
11112.951
11114.656
11116.337
11118.037
11119.72
11121.4
11123.105
11124.808
11126.466
11128.158
11129.869
11131.538
11133.233
11134.916
11136.613
11138.3
11140.014
11141.678
11143.389
11145.067
11146.745
11148.451
11150.189
11151.808
11153.519
11155.2
11156.892
11158.585
11160.276
11161.973
11163.648
11165.339
11167.021
11168.704
11170.406
11172.088
11173.812
11175.495
11177.178
11178.844
11180.534
11182.232
11183.918
11185.608
11187.313
11188.995
11190.685
11192.432
11194.055
11195.763
11197.43
11199.144
11200.828
11202.516
11204.191
11205.897
11207.605
11209.284
11210.972
11212.645
11214.331
11216.024
11217.715
11219.403
11221.101
11222.772
11224.476
11226.167
11227.855
11229.575
11231.247
11232.936
11234.614
11236.301
11237.986
11239.673
11241.359
11243.047
11244.743
11246.456
11248.126
11249.826
11251.508
11253.217
11254.908
11256.571
11258.278
11259.973
11261.639
11263.329
11265.015
11266.73
11268.398
11270.102
11271.788
11273.49
11275.169
11276.899
11278.553
11280.253
11281.923
11283.604
11285.291
11286.986
11288.7
11290.366
11292.052
11293.745
11295.438
11297.126
11298.83
11300.512
11302.21
11303.907
11305.575
11307.276
11308.96
11310.649
11312.332
11314.037
11315.712
11317.427
11319.112
11320.801
11322.485
11324.173
11325.85
11327.551
11329.253
11330.922
11332.615
11334.319
11335.992
11337.678
11339.386
11341.058
11342.747
11344.446
11346.127
11347.828
11349.497
11351.202
11352.877
11354.597
11356.262
11357.968
11359.64
11361.371
11363.026
11364.703
11366.395
11368.087
11369.789
11371.468
11373.152
11374.84
11376.534
11378.232
11379.936
11381.629
11383.314
11384.998
11386.702
11388.379
11390.051
11391.755
11393.43
11395.148
11396.81
11398.51
11400.192
11401.893
11403.873
11405.573
11407.252
11408.956
11410.654
11412.637
11414.358
11416.022
11417.701
11419.401














































































































































































































































































































































































































































































































































































































































































































































































































































































































































































































































































































































































































































































































































































































































































































































































































































































































































































































































































































