3.58884E-4
0.01037
0.01645
0.0138
3.25333E-4
-0.00665
-0.00753
-0.0065
0.0021
0.00972
0.01741
0.02586
0.03405
0.04006
0.04123
0.04002
0.03882
0.03457
0.03351
0.0312
0.02728
0.0219
0.02212
0.01887
0.01559
0.01061
0.00465
3.21918E-4
-0.00481
-0.00832
-0.01105
-0.01426
-0.01315
-0.01438
-0.01188
-0.0108
-0.00877
-0.00839
-0.00784
-0.00407
4.66578E-5
0.00261
0.00162
8.36278E-5
0.00127
0.00509
0.01101
0.01864
0.02991
0.04377
0.05777
0.06951
0.07204
0.06617
0.06194
0.05735
0.05686
0.05964
0.06324
0.07073
0.07252
0.06874
0.05852
0.04337
0.02841
0.01622
0.00676
0.00401
0.00595
0.00767
0.00647
6.29325E-4
-0.00679
-0.01588
-0.02813
-0.03262
-0.03155
-0.02323
-0.01244
-6.72604E-4
0.0086
0.01389
0.0157
0.01929
0.01741
0.01567
0.01518
0.01046
0.00828
0.00263
-0.00546
-0.01208
-0.02125
-0.02664
-0.0346
-0.04128
-0.04386
-0.04584
-0.04465
-0.04672
-0.04682
-0.04821
-0.05071
-0.05276
-0.05398
-0.05323
-0.04816
-0.03916
-0.03102
-0.0312
-0.03436
-0.04304
-0.05135
-0.06313
-0.07028
-0.07618
-0.07303
-0.06072
-0.04838
-0.03687
-0.03082
-0.03259
-0.0378
-0.04455
-0.04606
-0.04732
-0.04155
-0.03306
-0.02251
-0.01141
-0.00781
-0.01234
-0.02293
-0.03243
-0.04146
-0.04841
-0.04909
-0.04574
-0.03947
-0.03427
-0.03081
-0.03099
-0.03149
-0.03577
-0.04065
-0.03663
-0.02573
-0.00974
0.00569
0.01954
0.03327
0.04491
0.05112
0.04743
0.04816
0.05241
0.05329
0.05328
0.05566
0.0561
0.05646
0.0525
0.04426
0.0294
0.02196
0.01218
-0.00121
-0.01563
-0.02398
-0.03736
-0.0431
-0.04427
-0.04019
-0.0368
-0.0215
-0.01176
-0.00456
-0.00286
-4.05474E-4
-0.00673
-0.00771
-0.0079
-0.00584
6.58302E-5
0.01187
0.01344
0.01171
0.00197
-0.00922
-0.02831
-0.03836
-0.04316
-0.04065
-0.03063
-0.0192
-0.01366
-0.01106
-0.01093
-0.01246
-0.01547
-0.01033
-4.73189E-4
0.01177
0.02929
0.04604
0.05701
0.0614
0.06355
0.05925
0.05307
0.04719
0.04375
0.0389
0.03603
0.03533
0.03382
0.02717
0.02582
0.02052
0.01864
0.01765
0.01641
0.00917
0.00338
9.46105E-4
-0.00288
-0.01058
-0.01491
-0.0221
-0.02935
-0.03815
-0.04316
-0.0522
-0.05619
-0.06269
-0.07322
-0.08197
-0.08507
-0.08734
-0.08492
-0.07627
-0.06347
-0.05082
-0.0363
-0.02906
-0.02819
-0.0255
-0.02337
-0.02428
-0.02294
-0.01548
-0.00801
0.00335
0.01631
0.02356
0.02879
0.03779
0.04711
0.05146
0.05357
0.05668
0.05348
0.05026
0.0464
0.04339
0.04097
0.0421
0.04016
0.03179
0.02164
0.00776
-0.00941
-0.02679
-0.04292
-0.04993
-0.05052
-0.04739
-0.04178
-0.03641
-0.03072
-0.02923
-0.02815
-0.02607
-0.02148
-0.01493
5.34188E-5
0.01613
0.0349
0.05207
0.06614
0.07332
0.07962
0.08203
0.08214
0.07606
0.07343
0.06715
0.05927
0.05295
0.04927
0.0391
0.02884
0.01737
0.01141
0.00579
0.00821
0.01544
0.02238
0.03191
0.0431
0.05187
0.06077
0.06995
0.0757
0.07891
0.08599
0.09286
0.09329
0.09122
0.09126
0.08792
0.07657
0.06568
0.05174
0.0393
0.02554
0.01357
0.00467
0.00309
0.00791
0.01169
0.0135
0.02218
0.02911
0.03368
0.03528
0.03806
0.04481
0.0528
0.05797
0.06092
0.06034
0.05826
0.05084
0.04149
0.02939
0.02113
0.01253
0.01006
0.0112
0.01421
0.01934
0.02355
0.02971
0.03541
0.03804
0.04302
0.04521
0.05448
0.06373
0.07027
0.07601
0.07972
0.07773
0.06943
0.05769
0.04583
0.03436
0.02111
0.01283
0.01156
0.01495
0.01999
0.02106
0.01916
0.01984
0.01951
0.01882
0.02094
0.02736
0.03745
0.04756
0.05581
0.06215
0.0612
0.0585
0.04881
0.03789
0.0298
0.01925
0.01444
0.00937
0.00532
0.00306
0.00281
0.00842
0.01315
0.01827
0.02785
0.03928
0.05161
0.06227
0.07302
0.07938
0.09087
0.10324
0.11749
0.1275
0.13998
0.14936
0.1513
0.15567
0.15788
0.15426
0.14982
0.15028
0.16173
0.17352
0.1927
0.21169
0.22464
0.23724
0.24709
0.24085
0.22757
0.21035
0.19454
0.18189
0.17903
0.18683
0.19193
0.19423
0.19673
0.18828
0.17486
0.15332
0.13022
0.11362
0.10755
0.10644
0.10747
0.10723
0.11222
0.119
0.12863
0.14552
0.16276
0.1818
0.20233
0.21954
0.23925
0.25017
0.25302
0.25173
0.261
0.27759
0.29933
0.31612
0.32634
0.32521
0.31055
0.28292
0.24278
0.20048
0.16338
0.13234
0.12388
0.13368
0.15675
0.17506
0.19523
0.21224
0.22038
0.21665
0.19569
0.17399
0.1675
0.18401
0.21014
0.23974
0.27706
0.30224
0.31428
0.3105
0.29371
0.26449
0.22789
0.20203
0.18606
0.18131
0.18673
0.19522
0.20457
0.21848
0.23298
0.24054
0.23929
0.24204
0.24936
0.25644
0.27339
0.29147
0.30428
0.31291
0.31755
0.31478
0.29933
0.27843
0.25508
0.23291
0.21342
0.19854
0.18182
0.15969
0.14072
0.1192
0.1002
0.08244
0.07126
0.07751
0.09031
0.11317
0.13291
0.14518
0.1554
0.16082
0.16243
0.15604
0.14734
0.14498
0.14704
0.15542
0.17086
0.19019
0.20848
0.22404
0.23169
0.22978
0.21993
0.20524
0.19382
0.17917
0.17633
0.18842
0.20546
0.2204
0.23453
0.24548
0.2495
0.242
0.22471
0.19263
0.1654
0.15495
0.15455
0.15721
0.17792
0.20257
0.22231
0.23544
0.24044
0.22978
0.20462
0.18384
0.17551
0.17886
0.20612
0.23883
0.26498
0.28541
0.29658
0.28937
0.26173
0.23105
0.20526
0.18002
0.16964
0.17644
0.18883
0.20111
0.20994
0.21142
0.20445
0.19196
0.17286
0.14947
0.13736
0.13335
0.13625
0.13814
0.15159
0.1675
0.18082
0.18677
0.18859
0.18655
0.1814
0.17098
0.16751
0.16024
0.16788
0.17898
0.20315
0.22574
0.2496
0.2666
0.27562
0.28037
0.27833
0.26544
0.26066
0.26429
0.28341
0.29827
0.32095
0.33452
0.33355
0.32331
0.30199
0.2784
0.25646
0.24344
0.23924
0.24017
0.25395
0.26019
0.25775
0.24807
0.23321
0.21712
0.19424
0.18347
0.18142
0.19484
0.22004
0.24807
0.27333
0.28879
0.29467
0.28432
0.26001
0.23515
0.20833
0.19324
0.19018
0.20479
0.22741
0.24791
0.26393
0.26893
0.26588
0.25214
0.23151
0.21172
0.20027
0.20022
0.1994
0.19749
0.19782
0.19679
0.19866
0.1986
0.19787
0.1953
0.19241
0.18592
0.17663
0.16622
0.16195
0.1538
0.1512
0.16287
0.1882
0.2161
0.24114
0.2586
0.26951
0.26997
0.26354
0.24284
0.22496
0.21754
0.21693
0.21464
0.21265
0.21289
0.21015
0.20599
0.20245
0.19846
0.19724
0.18947
0.18422
0.18235
0.19032
0.20713
0.22533
0.24928
0.27826
0.31076
0.33599
0.34493
0.33894
0.31869
0.29495
0.26988
0.2557
0.25219
0.25538
0.26256
0.26353
0.26134
0.25005
0.23164
0.20928
0.1946
0.19584
0.21086
0.23365
0.25507
0.27493
0.29046
0.29451
0.28763
0.26978
0.25367
0.23462
0.21385
0.1982
0.19566
0.19991
0.19999
0.19998
0.20187
0.20529
0.2083
0.20209
0.187
0.16737
0.15855
0.1481
0.1426
0.15486
0.17716
0.20178
0.22346
0.24027
0.24284
0.22929
0.20654
0.1732
0.14491
0.13358
0.14169
0.15355
0.17068
0.18877
0.19994
0.20231
0.1919
0.16849
0.14561
0.1308
0.12021
0.11902
0.12904
0.14839
0.17171
0.19378
0.21455
0.22963
0.24069
0.24249
0.23191
0.22183
0.21883
0.22257
0.22912
0.24492
0.25898
0.27166
0.2723
0.26214
0.24553
0.22551
0.21366
0.20329
0.20179
0.21242
0.22186
0.22733
0.22128
0.20826
0.19512
0.18114
0.16901
0.16681
0.17024
0.18438
0.20407
0.22398
0.24464
0.25651
0.26566
0.27495
0.28397
0.29618
0.30625
0.31631
0.32705
0.33423
0.33087
0.31793
0.29291
0.26281
0.22637
0.18951
0.16165
0.13363
0.11714
0.10726
0.09879
0.09706
0.094
0.09136
0.09036
0.09393
0.1032
0.10884
0.11228
0.11375
0.11207
0.11124
0.11224
0.10989
0.10648
0.10527
0.10396
0.10322
0.10068
0.0947
0.08626
0.07804
0.07128
0.06718
0.06224
0.05846
0.05237
0.04872
0.04417
0.037
0.03046
0.02205
0.01043
-2.38397E-4
-0.00975
-0.02039
-0.02793
-0.0303
-0.03116
-0.02904
-0.02291
-0.02231
-0.02391
-0.02668
-0.02859
-0.03097
-0.02332
-0.01193
7.89022E-4
0.01609
0.03349
0.04217
0.04733
0.05088
0.05001
0.0476
0.05132
0.05583
0.06136
0.06657
0.06808
0.06056
0.05356
0.04748
0.03364
0.02083
0.01558
0.0137
0.0135
0.01749
0.02087
0.02366
0.02379
0.01894
0.01302
0.01189
0.01709
0.02206
0.02822
0.04199
0.05679
0.06582
0.06851
0.06671
0.06579
0.06787
0.06504
0.06373
0.06657
0.069
0.07018
0.05991
0.04767
0.03108
0.01478
0.00213
-0.01098
-0.01766
-0.01549
-0.01176
-0.00776
-3.8585E-4
0.01148
0.02286
0.03671
0.04993
0.06621
0.0787
0.09443
0.10634
0.11128
0.11978
0.12368
0.11727
0.10842
0.0959
0.08765
0.07861
0.07396
0.07224
0.07184
0.07323
0.07557
0.07208
0.06573
0.06152
0.05994
0.06217
0.06526
0.06834
0.07448
0.07822
0.07921
0.07359
0.06304
0.05429
0.04616
0.04037
0.03408
0.03297
0.0382
0.04167
0.04341
0.04571
0.05045
0.05191
0.05206
0.05036
0.04827
0.04595
0.0415
0.03463
0.02878
0.026
0.02491
0.01574
0.00663
-0.00334
-0.0117
-0.02292
-0.03187
-0.03678
-0.03724
-0.03327
-0.02569
-0.01906
-0.01199
-0.00515
9.58201E-4
0.00174
0.00701
0.0133
0.01915
0.02774
0.03688
0.0433
0.04051
0.03737
0.03348
0.02369
0.01648
0.01199
0.00993
0.01349
0.01811
0.01923
0.01724
0.01654
0.01182
0.00252
-0.00331
-0.00125
0.00292
0.00879
0.02036
0.02883
0.03688
0.03897
0.03669
0.03528
0.03348
0.03155
0.02782
0.02517
0.0268
0.02264
0.01389
0.00732
0.00103
-0.00891
-0.02062
-0.03322
-0.04306
-0.04571
-0.04569
-0.0384
-0.02805
-0.0109
0.0021
0.01139
0.02411
0.03587
0.03928
0.03921
0.03614
0.03696
0.03409
0.02545
0.01151
-0.00201
-0.01389
-0.02308
-0.03681
-0.04377
-0.04314
-0.03956
-0.03343
-0.0256
-0.01659
-0.00599
-4.89248E-4
0.00773
0.01737
0.02921
0.04144
0.04872
0.0543
0.06219
0.06835
0.07156
0.06749
0.0608
0.05389
0.04876
0.04131
0.03579
0.02936
0.02725
0.02331
0.01604
0.00764
-0.00446
-0.01724
-0.02747
-0.03808
-0.0433
-0.04573
-0.04536
-0.04636
-0.04181
-0.03254
-0.02666
-0.02583
-0.02171
-0.01311
-0.00375
0.00971
0.02556
0.04113
0.05499
0.06853
0.0767
0.07882
0.08521
0.09174
0.09836
0.11054
0.12731
0.13746
0.1413
0.1419
0.137
0.12514
0.11176
0.09922
0.08629
0.07882
0.0759
0.07051
0.06505
0.05663
0.05186
0.04573
0.03552
0.02832
0.0223
0.02152
0.02468
0.02671
0.02622
0.02257
0.01991
0.01182
-6.91105E-4
-0.00733
-0.01275
-0.02049
-0.0221
-0.0128
-0.00316
0.00953
0.02145
0.03235
0.04739
0.06848
0.08947
0.1104
0.13992
0.17702
0.20948
0.23636
0.2534
0.25912
0.25224
0.24095
0.22619
0.21397
0.20104
0.19042
0.1795
0.16534
0.15004
0.12789
0.09406
0.06026
0.03413
0.01506
0.00239
0.00133
0.00587
0.00968
0.01484
0.02065
0.01927
0.01615
0.02215
0.02366
0.02724
0.03812
0.04722
0.04858
0.05294
0.05986
0.06202
0.06219
0.06784
0.06323
0.05521
0.04984
0.0431
0.03178
0.02395
0.02057
0.01035
0.00447
0.0118
0.02276
0.03684
0.05371
0.06944
0.07985
0.09583
0.11672
0.1327
0.15802
0.19015
0.22491
0.25002
0.27584
0.29227
0.2998
0.3086
0.3149
0.32063
0.3324
0.3367
0.33609
0.33527
0.34383
0.34891
0.35058
0.35417
0.36466
0.38006
0.40364
0.42221
0.43553
0.44789
0.45475
0.45657
0.46523
0.47927
0.48943
0.48895
0.48789
0.48991
0.48809
0.48593
0.4806
0.4656
0.45871
0.45286
0.44217
0.43302
0.42568
0.41598
0.40469
0.40328
0.4065
0.40227
0.39666
0.38934
0.38277
0.38468
0.39114
0.38823
0.38922
0.39161
0.39583
0.40473
0.41937
0.42997
0.43045
0.43437
0.44262
0.44676
0.45141
0.44493
0.4329
0.42534
0.43117
0.43417
0.44145
0.45723
0.46811
0.47157
0.47646
0.47921
0.47542
0.46286
0.44667
0.43472
0.44244
0.45696
0.46387
0.45826
0.45719
0.46123
0.46045
0.45695
0.44794
0.44022
0.44021
0.43998
0.4432
0.44595
0.44505
0.43023
0.40571
0.39101
0.38136
0.36298
0.33561
0.30947
0.29468
0.2961
0.297
0.29236
0.29154
0.28796
0.28446
0.27694
0.26835
0.26455
0.25559
0.2531
0.26217
0.28097
0.29856
0.30009
0.28762
0.28117
0.28038
0.28086
0.28412
0.29766
0.32351
0.35658
0.39209
0.42323
0.43719
0.43602
0.42722
0.42039
0.42336
0.43838
0.44979
0.45245
0.45571
0.46134
0.45411
0.43183
0.41051
0.37823
0.35571
0.34792
0.34498
0.34004
0.33501
0.32539
0.31464
0.30468
0.30087
0.28743
0.27456
0.2694
0.27601
0.28862
0.31245
0.32589
0.33649
0.34836
0.36847
0.3855
0.39796
0.4083
0.41245
0.41774
0.43349
0.44644
0.4563
0.46068
0.45367
0.44065
0.43319
0.41969
0.40146
0.37795
0.36446
0.3707
0.38236
0.40148
0.41958
0.4296
0.4386
0.44451
0.45136
0.45418
0.46199
0.47485
0.48699
0.5027
0.51953
0.51554
0.4976
0.47765
0.45379
0.42951
0.41079
0.39649
0.38513
0.37782
0.37522
0.36682
0.3602
0.36145
0.3625
0.35496
0.35971
0.37365
0.39064
0.40729
0.41875
0.42058
0.42312
0.42976
0.43406
0.43377
0.43983
0.43606
0.43235
0.43183
0.44031
0.44119
0.43867
0.42965
0.42709
0.43652
0.45068
0.45381
0.45606
0.45824
0.4571
0.44927
0.44286
0.43391
0.42544
0.41597
0.4082
0.40045
0.39831
0.39344
0.3728
0.3522
0.34583
0.34582
0.34391
0.34809
0.34494
0.35377
0.37033
0.38609
0.39693
0.40271
0.40255
0.40439
0.40677
0.41128
0.4101
0.40477
0.399
0.39795
0.40299
0.42043
0.4194
0.41366
0.41046
0.4126
0.42366
0.43061
0.43073
0.42827
0.43155
0.4452
0.4502
0.44522
0.4429
0.44691
0.45466
0.47371
0.48128
0.47875
0.46789
0.44412
0.42435
0.4031
0.3905
0.39016
0.39549
0.41233
0.42387
0.42275
0.41491
0.39808
0.38756
0.38889
0.39205
0.40091
0.42162
0.44022
0.44881
0.44435
0.43589
0.42146
0.4076
0.40026
0.39839
0.40353
0.41669
0.41928
0.41227
0.40127
0.39211
0.3837
0.38226
0.39372
0.4093
0.4231
0.43993
0.45551
0.47436
0.4895
0.49511
0.4938
0.49352
0.49789
0.50341
0.50685
0.50431
0.49367
0.48934
0.48776
0.48096
0.46802
0.45178
0.43722
0.43075
0.42021
0.40742
0.39031
0.38005
0.38127
0.38589
0.39458
0.40978
0.41995
0.42772
0.43449
0.44413
0.44943
0.44979
0.44174
0.43978
0.44279
0.45246
0.45346
0.44546
0.43298
0.42492
0.4198
0.41374
0.39975
0.38756
0.37193
0.36726
0.3712
0.38116
0.39155
0.39927
0.40934
0.42424
0.43341
0.43282
0.42538
0.42056
0.42371
0.43243
0.43904
0.44676
0.45281
0.44397
0.4293
0.41138
0.40072
0.39133
0.38243
0.37642
0.38302
0.39015
0.37911
0.3498
0.32394
0.30382
0.29091
0.28218
0.29221
0.31342
0.34093
0.3604
0.37056
0.37467
0.372
0.35975
0.34006
0.32495
0.31827
0.30556
0.28915
0.27119
0.24869
0.21542
0.17676
0.13267
0.08601
0.04159
0.00242
-0.02766
-0.04666
-0.05371
-0.05113
-0.04846
-0.03688
-0.02636
-0.02042
-0.01626
-0.01359
-0.01704
-0.01857
-0.01316
-0.00882
-0.0036
0.00797
0.01796
0.02539
0.0286
0.02966
0.0252
0.02352
0.02406
0.02071
0.02467
0.0354
0.04211
0.04099
0.0407
0.03915
0.0334
0.02702
0.02161
0.02044
0.02339
0.02733
0.02585
0.0196
0.01522
0.00587
-0.00616
-0.01374
-0.01464
-0.01365
-0.01562
-0.01269
-0.01308
-0.01528
-0.02332
-0.03367
-0.03937
-0.03712
-0.03131
-0.02695
-0.02222
-0.00863
-0.00455
3.67946E-4
0.00291
0.00401
0.00315
0.00398
0.0073
0.0069
0.00554
0.00728
0.00301
0.00258
0.0063
0.00834
0.005
0.01208
0.01747
0.01867
0.0225
0.02576
0.02653
0.02768
0.03464
0.04404
0.05069
0.05596
0.05224
0.04552
0.0373
0.02391
0.00983
-0.00195
-0.00574
-0.00629
-0.00862
-0.01135
-0.01398
-0.01711
-0.01856
-0.02572
-0.02911
-0.02819
-0.0259
-0.02406
-0.02545
-0.02862
-0.03007
-0.03232
-0.0339
-0.03672
-0.03693
-0.04065
-0.04641
-0.0537
-0.06146
-0.0695
-0.0755
-0.07895
-0.07748
-0.06699
-0.05694
-0.05283
-0.04943
-0.04473
-0.03999
-0.03792
-0.03788
-0.03132
-0.02379
-0.01589
-0.01026
-0.0085
-0.01067
-0.01533
-0.02231
-0.02579
-0.0259
-0.02178
-0.02386
-0.02867
-0.03118
-0.03115
-0.03516
-0.03984
-0.03941
-0.03525
-0.02608
-0.01518
-0.00757
-0.00127
0.00294
0.00562
0.00622
0.01299
0.02411
0.03343
0.04471
0.05432
0.05987
0.06339
0.06232
0.05834
0.05958
0.06623
0.07014
0.07018
0.07085
0.0683
0.06362
0.06108
0.05848
0.05877
0.06482
0.07116
0.07756
0.08727
0.09409
0.0912
0.08597
0.08096
0.07406
0.06436
0.05606
0.04736
0.04095
0.03705
0.0306
0.01891
0.01146
0.0021
-0.01058
-0.01792
-0.01951
-0.02062
-0.02121
-0.01723
-0.00813
9.99654E-5
0.00785
0.0094
0.01179
0.01521
0.01781
0.01782
0.01751
0.02243
0.02814
0.0339
0.03914
0.04466
0.04885
0.04552
0.04178
0.03698
0.03234
0.02924
0.0261
0.02663
0.02968
0.03457
0.03622
0.03723
0.03604
0.03547
0.03657
0.04033
0.04798
0.056
0.06161
0.06497
0.06174
0.05677
0.04493
0.03428
0.02762
0.02541
0.02144
0.02019
0.01813
0.01695
0.01227
0.00562
-0.00439
-0.01328
-0.02156
-0.0274
-0.0323
-0.0324
-0.03404
-0.04046
-0.04837
-0.05417
-0.06055
-0.06644
-0.07466
-0.07579
-0.07166
-0.06639
-0.05896
-0.04982
-0.03414
-0.01591
1.51912E-5
0.0152
0.02772
0.0354
0.03355
0.03023
0.02599
0.02432
0.01815
0.0104
0.00527
0.00213
-0.00378
-0.01814
-0.03521
-0.0459
-0.05201
-0.05001
-0.04674
-0.03698
-0.02665
-0.01814
-0.0171
-0.01851
-0.02322
-0.02956
-0.03339
-0.03221
-0.02571
-0.01681
-0.0087
-0.00528
-0.00511
-0.00275
-0.00492
-0.01148
-0.01516
-0.01134
-9.07323E-4
0.01132
0.02233
0.02619
0.02947
0.02997
0.0259
0.01724
0.00919
0.00236
-0.00364
-0.00514
-0.00376
4.77106E-4
0.01027
0.01317
0.01468
0.01884
0.02949
0.04288
0.05838
0.08573
0.1252
0.16728
0.21768
0.26737
0.3188
0.36836
0.41119
0.4432
0.47025
0.50344
0.54087
0.56999
0.60461
0.64823
0.68526
0.70786
0.72477
0.7363
0.74514
0.74661
0.74544
0.74331
0.74139
0.74477
0.74429
0.74001
0.73762
0.7302
0.71809
0.7022
0.68418
0.67562
0.66626
0.6604
0.6589
0.66109
0.66282
0.66724
0.67089
0.66969
0.65812
0.65204
0.64227
0.62997
0.61504
0.60603
0.59573
0.5903
0.58667
0.58177
0.579
0.57848
0.57927
0.57894
0.58012
0.58696
0.59369
0.60022
0.60438
0.60783
0.61665
0.60994
0.59995
0.58713
0.58727
0.5846
0.58573
0.58779
0.59687
0.6044
0.61209
0.60635
0.60289
0.5979
0.59471
0.58299
0.57758
0.57096
0.56905
0.55939
0.55301
0.54802
0.54609
0.54988
0.56062
0.57395
0.58913
0.59838
0.60814
0.61964
0.63071
0.63838
0.64405
0.65128
0.65724
0.65866
0.65912
0.65383
0.63875
0.62557
0.61899
0.61842
0.61968
0.62509
0.63426
0.64703
0.65938
0.66865
0.66868
0.66655
0.67047
0.67438
0.67811
0.68435
0.68926
0.69136
0.68816
0.68552
0.68083
0.67432
0.66694
0.66171
0.65769
0.65252
0.6478
0.64087
0.62716
0.6114
0.59673
0.57946
0.5574
0.54311
0.54245
0.53496
0.52901
0.53079
0.54061
0.54551
0.54965
0.5512
0.5565
0.56272
0.57102
0.57382
0.58895
0.60877
0.62808
0.63435
0.65098
0.6623
0.66416
0.65622
0.65372
0.65685
0.66175
0.65715
0.65851
0.65992
0.66073
0.6468
0.62732
0.61075
0.60607
0.59836
0.59363
0.59776
0.61044
0.61855
0.61754
0.61678
0.61171
0.60144
0.60183
0.60564
0.61122
0.62261
0.63142
0.63266
0.61834
0.60726
0.58513
0.55977
0.54979
0.55476
0.56419
0.58367
0.60291
0.61643
0.62374
0.6305
0.625
0.61381
0.608
0.62105
0.62653
0.64055
0.65889
0.66773
0.67169
0.66198
0.64457
0.62866
0.60752
0.59465
0.58759
0.59379
0.6117
0.62611
0.63207
0.63683
0.63881
0.63186
0.61236
0.58908
0.57415
0.56222
0.55742
0.55395
0.54228
0.53166
0.51918
0.49926
0.47735
0.45522
0.43784
0.42069
0.41528
0.41585
0.42228
0.44013
0.4582
0.4776
0.50237
0.53113
0.55589
0.57247
0.58794
0.59133
0.59359
0.59427
0.59167
0.5892
0.60264
0.61855
0.62775
0.63994
0.64056
0.63005
0.61441
0.58683
0.56667
0.55049
0.54949
0.56142
0.57437
0.59607
0.61695
0.62414
0.62464
0.6182
0.61061
0.60941
0.61157
0.6212
0.63349
0.64472
0.65256
0.65545
0.65229
0.65201
0.64797
0.63929
0.63825
0.63881
0.63599
0.63813
0.64423
0.6527
0.65582
0.66607
0.66787
0.66657
0.66651
0.65398
0.63474
0.62017
0.60295
0.57905
0.55332
0.53847
0.52564
0.51605
0.51056
0.51173
0.51858
0.53235
0.54417
0.54395
0.54413
0.54598
0.54118
0.53912
0.54843
0.55905
0.57083
0.58602
0.59041
0.58358
0.57911
0.56571
0.55552
0.5629
0.58248
0.60312
0.62841
0.6504
0.65947
0.6577
0.64832
0.63306
0.62128
0.6197
0.62814
0.63257
0.63805
0.64168
0.62718
0.60845
0.59
0.57159
0.55413
0.53838
0.51621
0.49542
0.47419
0.44682
0.41685
0.39363
0.37819
0.36688
0.34988
0.33044
0.30522
0.28498
0.25983
0.23551
0.2312
0.23748
0.25062
0.26511
0.26933
0.26247
0.24127
0.20618
0.16748
0.13499
0.12041
0.11334
0.11031
0.11063
0.11081
0.09953
0.08073
0.05786
0.03595
0.01905
0.00917
0.00363
0.00113
-0.0028
-0.00656
-0.01918
-0.03364
-0.04982
-0.06469
-0.07802
-0.08645
-0.09047
-0.09338
-0.09518
-0.09556
-0.09534
-0.09539
-0.09519
-0.09066
-0.08559
-0.08049
-0.0768
-0.07077
-0.06502
-0.05952
-0.05399
-0.04715
-0.04153
-0.03623
-0.03214
-0.03319
-0.03163
-0.02658
-0.02359
-0.0236
-0.02313
-0.01814
-0.01742
-0.02031
-0.02692
-0.03189
-0.03629
-0.04091
-0.04912
-0.06062
-0.06919
-0.08129
-0.09779
-0.1171
-0.13084
-0.14416
-0.1584
-0.16542
-0.16859
-0.16695
-0.1663
-0.16633
-0.16211
-0.15291
-0.14077
-0.13379
-0.12275
-0.10809
-0.09423
-0.08657
-0.08072
-0.07776
-0.07825
-0.07786
-0.07565
-0.07105
-0.06431
-0.05421
-0.04157
-0.03207
-0.02094
-0.01883
-0.02175
-0.02505
-0.0263
-0.02589
-0.01935
-0.00879
0.00282
0.01068
0.01979
0.02368
0.02027
0.01053
-8.0018E-4
-0.00974
-0.01175
-0.01014
-0.00482
0.00113
0.00806
0.00734
0.0047
-0.00128
-0.01036
-0.02377
-0.03348
-0.03903
-0.04196
-0.03873
-0.03553
-0.03282
-0.02974
-0.02779
-0.02549
-0.02215
-0.01498
-0.00936
-0.00198
0.00935
0.01407
0.0141
0.0057
-0.0063
-0.01737
-0.02522
-0.0315
-0.03249
-0.0273
-0.02097
-0.01905
-0.01717
-0.01863
-0.02287
-0.02721
-0.02485
-0.02156
-0.00964
0.00622
0.01804
0.02815
0.03584
0.03929
0.03305
0.02474
0.02233
0.02303
0.02883
0.03225
0.03418
0.03287
0.02619
0.01345
-0.00541
-0.0196
-0.03067
-0.03453
-0.03991
-0.04118
-0.039
-0.04068
-0.04719
-0.05179
-0.05032
-0.04581
-0.04036
-0.03046
-0.01791
-0.00448
0.00479
0.01115
0.01344
0.01985
0.02862
0.03472
0.04043
0.04823
0.0529
0.05273
0.05221
0.05168
0.0552
0.05916
0.06474
0.06763
0.06985
0.06985
0.06645
0.06014
0.0537
0.04719
0.03927
0.03145
0.02374
0.01576
0.01061
0.00136
-0.00491
-0.01254
-0.01807
-0.02531
-0.03409
-0.03764
-0.03512
-0.02902
-0.02062
-0.01236
-0.00701
-0.00478
-0.00886
-0.01745
-0.02499
-0.03304
-0.03471
-0.03342
-0.02945
-0.02172
-0.01977
-0.02091
-0.02775
-0.03211
-0.03667
-0.0432
-0.0491
-0.04622
-0.04246
-0.03245
-0.0251
-0.02195
-0.01961
-0.01345
-0.01369
-0.01663
-0.0227
-0.02415
-0.03125
-0.03719
-0.04371
-0.047
-0.05024
-0.05162
-0.05531
-0.0603
-0.06075
-0.05846
-0.06116
-0.06267
-0.05885
-0.0524
-0.04875
-0.04969
-0.04856
-0.04544
-0.03955
-0.03592
-0.0352
-0.04003
-0.04206
-0.04479
-0.05247
-0.05953
-0.05755
-0.05504
-0.05483
-0.05348
-0.04406
-0.03845
-0.02797
-0.02177
-0.01877
-0.01338
-0.00797
-0.01052
-0.01907
-0.02464
-0.02524
-0.0295
-0.03112
-0.03442
-0.03705
-0.03994
-0.04416
-0.05314
-0.05803
-0.06024
-0.06311
-0.06322
-0.05951
-0.05318
-0.04725
-0.04328
-0.04208
-0.04111
-0.03505
-0.02996
-0.02358
-0.01749
-0.01621
-0.01791
-0.01797
-0.01903
-0.02274
-0.02353
-0.02348
-0.02549
-0.0309
-0.04125
-0.05697
-0.07484
-0.08615
-0.09388
-0.08388
-0.05855
-0.01986
0.01867
0.06494
0.11444
0.1687
0.22355
0.28795
0.35536
0.43008
0.50511
0.58375
0.65095
0.71483
0.76103
0.79546
0.81754
0.84229
0.85201
0.85779
0.86702
0.87593
0.88025
0.88413
0.88244
0.87907
0.8762
0.8731
0.86668
0.86311
0.85775
0.85046
0.83664
0.82387
0.81287
0.80069
0.78918
0.78237
0.78229
0.78312
0.78434
0.79282
0.80122
0.80159
0.80742
0.81317
0.81081
0.81318
0.81975
0.82344
0.82207
0.83328
0.83656
0.83154
0.84247
0.84843
0.83432
0.82685
0.82366
0.80587
0.795
0.79796
0.79299
0.78965
0.80119
0.81176
0.8077
0.8125
0.81153
0.79479
0.78953
0.78526
0.77759
0.77684
0.78901
0.80013
0.81596
0.842
0.865
0.88097
0.89117
0.89366
0.88909
0.88471
0.87523
0.86432
0.87153
0.87646
0.882
0.89445
0.89983
0.89411
0.88887
0.87784
0.85625
0.83766
0.83059
0.81381
0.8071
0.81345
0.81101
0.80059
0.7998
0.78714
0.76921
0.75633
0.74456
0.72906
0.72352
0.72001
0.72004
0.71537
0.722
0.73
0.73717
0.74893
0.75902
0.7638
0.76763
0.76953
0.77479
0.77158
0.76823
0.76926
0.76659
0.76665
0.77965
0.78076
0.77292
0.7738
0.77651
0.77054
0.7641
0.7766
0.78243
0.78688
0.8106
0.82225
0.82575
0.8408
0.85541
0.85021
0.8522
0.86583
0.85922
0.84286
0.83635
0.82786
0.80758
0.80017
0.79992
0.78308
0.78165
0.78896
0.78683
0.77813
0.77356
0.77466
0.76135
0.76372
0.77196
0.77418
0.78434
0.79869
0.80229
0.80468
0.81078
0.81488
0.81449
0.82322
0.82709
0.83291
0.83578
0.83765
0.82878
0.82959
0.82893
0.82458
0.83281
0.84008
0.84193
0.85748
0.86713
0.86752
0.86035
0.85685
0.84907
0.83808
0.83432
0.83237
0.8269
0.83199
0.8326
0.81569
0.80048
0.78709
0.76616
0.74348
0.73683
0.73814
0.73717
0.74673
0.75436
0.75884
0.76853
0.77301
0.77467
0.7845
0.80195
0.81675
0.82988
0.8483
0.86243
0.87078
0.87527
0.87451
0.8697
0.87234
0.87005
0.86457
0.87614
0.88888
0.88668
0.88525
0.88671
0.87578
0.85603
0.8472
0.83049
0.81657
0.82438
0.82357
0.81884
0.82869
0.8339
0.82126
0.81367
0.81561
0.80634
0.80355
0.81559
0.8234
0.84092
0.86336
0.87632
0.884
0.90199
0.91253
0.91091
0.91101
0.91058
0.90866
0.91056
0.91003
0.90095
0.89806
0.89705
0.88209
0.871
0.87343
0.87104
0.87619
0.89471
0.91254
0.92712
0.95223
0.95685
0.94615
0.94802
0.95074
0.93285
0.92594
0.93433
0.93674
0.93862
0.94577
0.9431
0.92943
0.92462
0.91576
0.89901
0.89372
0.9027
0.90604
0.91613
0.93581
0.95013
0.94119
0.93512
0.91611
0.88532
0.84195
0.80396
0.76236
0.73416
0.71499
0.70396
0.69167
0.6812
0.65895
0.62851
0.58763
0.54841
0.50702
0.47106
0.44113
0.42273
0.39857
0.37161
0.33578
0.28945
0.2408
0.18634
0.13422
0.09258
0.05844
0.03416
0.01668
0.00204
-0.00724
-0.01065
-0.00898
-0.00624
-0.00163
0.00734
0.01784
0.02318
0.02755
0.02819
0.02731
0.02902
0.02697
0.02639
0.02725
0.02758
0.02515
0.0185
0.01513
0.01429
0.01282
0.01526
0.02096
0.02665
0.03051
0.03228
0.02893
0.02587
0.02462
0.0245
0.02383
0.02155
0.01957
0.01431
0.00825
0.00384
-0.00412
-0.01042
-0.00714
0.00205
0.01246
0.02307
0.03154
0.03414
0.02816
0.01309
-0.0089
-0.02949
-0.04368
-0.05503
-0.06532
-0.06887
-0.07157
-0.07846
-0.0848
-0.08758
-0.08614
-0.08039
-0.07205
-0.06017
-0.04521
-0.02484
-0.00576
0.00982
0.02213
0.03372
0.03923
0.04036
0.04236
0.04024
0.03191
0.02393
0.01875
0.01406
0.00802
0.00896
0.00831
0.00697
0.00173
-0.00603
-0.01709
-0.02415
-0.02805
-0.03228
-0.0323
-0.02362
-0.02111
-0.02491
-0.02882
-0.02875
-0.0318
-0.02872
-0.02253
-0.0111
0.00188
0.01563
0.02147
0.02158
0.02033
0.01569
0.00785
0.00488
0.00501
0.00475
0.00359
0.00415
0.00279
-0.00325
-0.01082
-0.01345
-0.01386
-0.00924
-7.44161E-4
0.00759
0.01905
0.0264
0.03017
0.02801
0.02421
0.02181
0.01519
0.00874
0.0075
0.01219
0.01582
0.01604
0.01182
0.00408
-0.00593
-0.01338
-0.01847
-0.02444
-0.02533
-0.01897
-0.01334
-0.00709
-0.00363
-0.00273
-0.00869
-0.01346
-0.01637
-0.02481
-0.02944
-0.02939
-0.03663
-0.04359
-0.04502
-0.045
-0.05028
-0.05582
-0.06006
-0.06576
-0.06588
-0.06403
-0.06584
-0.06195
-0.04736
-0.03392
-0.02045
-0.00784
-3.92296E-4
0.00107
2.73422E-4
-0.00473
-0.01017
-0.01329
-0.01245
-0.01604
-0.01373
-0.00943
-0.01058
-0.01489
-0.01956
-0.03099
-0.0417
-0.05318
-0.05889
-0.06493
-0.06417
-0.06032
-0.05769
-0.05726
-0.06017
-0.06989
-0.08095
-0.09198
-0.09851
-0.10632
-0.1063
-0.10232
-0.09089
-0.08262
-0.07288
-0.0651
-0.0595
-0.0556
-0.05339
-0.0516
-0.05093
-0.04848
-0.04347
-0.04531
-0.04657
-0.05453
-0.06386
-0.07631
-0.08434
-0.08978
-0.0924
-0.09125
-0.08765
-0.08406
-0.07455
-0.06109
-0.04949
-0.03834
-0.02399
-0.00683
0.00924
0.02113
0.03186
0.037
0.04095
0.04242
0.04268
0.04247
0.04204
0.03877
0.03008
0.02667
0.01998
0.01071
-4.04402E-4
-0.00807
-0.00987
-0.01133
-0.00602
-0.0017
0.00376
0.00904
0.00894
0.00776
0.00404
-0.00191
-0.01822
-0.03189
-0.03847
-0.04251
-0.04418
-0.04619
-0.04268
-0.03668
-0.02894
-0.02427
-0.02423
-0.02438
-0.02256
-0.01789
-0.01017
0.00466
0.02421
0.04271
0.05506
0.06733
0.0761
0.07018
0.05782
0.052
0.05411
0.0716
0.10379
0.14462
0.19506
0.25865
0.3174
0.37005
0.41631
0.4691
0.52608
0.57998
0.64574
0.72144
0.79654
0.8675
0.92716
0.97599
1.00946
1.03543
1.04594
1.05181
1.05672
1.06543
1.07115
1.06677
1.06586
1.05723
1.04467
1.03599
1.0273
1.02618
1.01735
1.01541
1.01061
1.00605
1.01032
1.01812
1.02651
1.03176
1.03467
1.03175
1.02526
1.01461
0.99971
0.99094
0.9782
0.97101
0.95925
0.941
0.92023
0.90053
0.88604
0.88403
0.89953
0.93041
0.96493
0.99676
1.02042
1.03256
1.02939
1.02446
1.02962
1.04299
1.05973
1.08428
1.10231
1.10394
1.09118
1.06786
1.03965
1.01839
1.0112
1.01185
1.01429
1.0265
1.04235
1.04856
1.04875
1.04445
1.031
1.01426
1.00017
0.99345
0.98972
0.99405
1.01054
1.03629
1.06168
1.08121
1.09038
1.08339
1.06948
1.06248
1.05884
1.06238
1.08257
1.1119
1.13147
1.14284
1.14802
1.13278
1.10958
1.09036
1.07225
1.06585
1.0717
1.07704
1.07657
1.083
1.09761
1.10117
1.10293
1.11203
1.11823
1.12161
1.12913
1.12397
1.11327
1.11617
1.11314
1.10619
1.1078
1.11102
1.10662
1.09856
1.09216
1.07753
1.06117
1.05682
1.04565
1.03561
1.03762
1.03814
1.03574
1.04277
1.04834
1.0574
1.0742
1.09365
1.10562
1.11138
1.11573
1.11038
1.09611
1.08715
1.07392
1.06053
1.0543
1.04493
1.03251
1.02495
1.0141
1.00042
0.99426
0.98887
0.98644
0.99406
1.00823
1.02838
1.04205
1.0516
1.05948
1.06254
1.06327
1.05985
1.05294
1.05109
1.04587
1.03448
1.0233
1.01395
1.00967
1.0054
0.99458
0.99145
0.99688
1.00572
1.0187
1.03254
1.05382
1.07639
1.09237
1.10169
1.10479
1.10608
1.10817
1.1025
1.09637
1.09586
1.1037
1.11336
1.11749
1.10943
1.09394
1.07071
1.04365
1.02454
1.0035
0.98854
0.98655
0.98854
0.99179
0.99335
0.99329
0.99582
1.00134
1.01236
1.0201
1.02904
1.02836
1.0268
1.01928
1.01745
1.01314
1.00668
1.0014
0.99656
0.9958
0.99554
0.98129
0.97066
0.96288
0.96808
0.96783
0.97497
0.98585
0.99453
1.00251
1.01217
1.01714
1.02281
1.03296
1.04759
1.05408
1.06271
1.05992
1.05156
1.04028
1.03348
1.02591
1.02319
1.02745
1.04031
1.0564
1.07576
1.09142
1.10499
1.11322
1.11893
1.11831
1.11993
1.11302
1.1029
1.09859
1.1001
1.10081
1.09422
1.08097
1.066
1.05317
1.04222
1.03199
1.02289
1.02055
1.02953
1.03896
1.04865
1.06168
1.0723
1.07597
1.07079
1.06925
1.06331
1.05488
1.04304
1.02742
1.01035
0.98912
0.96682
0.93639
0.91502
0.90484
0.89945
0.90105
0.91241
0.93146
0.94464
0.95815
0.97961
1.00183
1.03303
1.06388
1.09932
1.13645
1.1711
1.18476
1.18269
1.17113
1.14618
1.1102
1.06739
1.03295
1.00873
0.98294
0.96455
0.94921
0.94009
0.93247
0.92684
0.92554
0.92704
0.93973
0.95868
0.98396
1.0201
1.05715
1.08106
1.08706
1.07688
1.04052
0.97697
0.89947
0.81946
0.74115
0.67012
0.60773
0.54741
0.48624
0.42639
0.35958
0.28998
0.22517
0.17352
0.1322
0.10659
0.0942
0.086
0.07627
0.0634
0.04541
0.02527
0.00627
-0.01062
-0.02193
-0.02289
-0.0162
-0.00467
0.00624
0.01501
0.0166
0.01308
0.00946
0.00142
-0.00942
-0.01852
-0.02066
-0.0188
-0.01556
-0.01497
-0.02243
-0.02864
-0.03341
-0.03938
-0.04585
-0.04479
-0.03034
-0.01329
0.00394
0.02154
0.03273
0.03958
0.03496
0.02419
0.01316
0.00263
-0.00796
-0.019
-0.02802
-0.02797
-0.02971
-0.03643
-0.04539
-0.05361
-0.05704
-0.06162
-0.07115
-0.07351
-0.06816
-0.05659
-0.04832
-0.03956
-0.03114
-0.02622
-0.02494
-0.02262
-0.02309
-0.02085
-0.01351
-0.0064
0.00355
0.02081
0.03201
0.04257
0.04741
0.05891
0.06976
0.08133
0.09806
0.11754
0.13205
0.13983
0.13888
0.13559
0.127
0.11858
0.10872
0.10404
0.10018
0.09999
0.09217
0.08016
0.06413
0.04588
0.024
0.00505
-0.00869
-0.01701
-0.02239
-0.01936
-0.01123
-0.0053
-0.00328
-0.00312
-0.00727
-0.0087
-0.01377
-0.02025
-0.02626
-0.02864
-0.02778
-0.02785
-0.02922
-0.03223
-0.04223
-0.05754
-0.07316
-0.08589
-0.0981
-0.10511
-0.10671
-0.10001
-0.09157
-0.08225
-0.07913
-0.07517
-0.06509
-0.05116
-0.03949
-0.02725
-0.0137
6.75707E-4
0.01191
0.01628
0.01613
0.01441
0.01048
0.007
-0.00228
-0.0086
-0.01673
-0.02421
-0.02907
-0.03205
-0.03205
-0.02976
-0.02736
-0.02317
-0.01394
-0.0048
-0.00136
-3.9489E-4
-0.00326
-0.0087
-0.01618
-0.02023
-0.02603
-0.02528
-0.01909
-0.01368
-0.00485
0.00341
0.01063
0.01078
0.01193
0.01489
0.01907
0.03002
0.04269
0.05132
0.06454
0.07567
0.07707
0.07219
0.06675
0.05804
0.05091
0.04152
0.03604
0.02649
0.0253
0.02204
0.01898
0.01816
0.02271
0.0189
0.01006
-5.04822E-4
-0.00854
-0.01362
-0.01487
-0.01508
-0.00564
0.0055
0.02063
0.02348
0.02693
0.02828
0.03219
0.03273
0.03146
0.03685
0.04767
0.05645
0.05971
0.05632
0.05231
0.04363
0.03716
0.02647
0.02352
0.02512
0.03057
0.03496
0.04192
0.04615
0.04191
0.03406
0.02724
0.0243
0.02284
0.01924
0.01762
0.01609
0.01695
0.0154
0.01125
0.00724
0.00521
0.00538
0.00821
0.01674
0.02251
0.029
0.03407
0.03823
0.04909
0.05795
0.06541
0.07835
0.08802
0.09501
0.09306
0.08577
0.07356
0.05596
0.04089
0.02572
0.01273
0.003
-0.00477
-0.01551
-0.02821
-0.04098
-0.05469
-0.06742
-0.07767
-0.07724
-0.06868
-0.05529
-0.03509
-0.0183
-0.00275
0.00718
0.00694
0.00166
-0.00858
-0.0125
-0.01304
-0.01237
-0.00813
0.00465
0.028
0.05704
0.08935
0.12236
0.15957
0.20811
0.25858
0.31357
0.37172
0.43801
0.51248
0.5882
0.66023
0.72457
0.77837
0.80885
0.81745
0.81506
0.81236
0.81087
0.81737
0.83849
0.86907
0.8985
0.91107
0.89546
0.86013
0.8182
0.7729
0.73225
0.71354
0.71949
0.74567
0.77467
0.8041
0.82332
0.82795
0.82299
0.805
0.79401
0.79906
0.81789
0.84377
0.8748
0.90355
0.91887
0.91811
0.89719
0.86743
0.83557
0.8053
0.78108
0.76441
0.76129
0.75919
0.75119
0.73704
0.71742
0.6943
0.67004
0.64623
0.6357
0.64106
0.65599
0.67851
0.69845
0.71031
0.71613
0.71155
0.70353
0.69129
0.68179
0.67518
0.68129
0.69915
0.72353
0.73991
0.75103
0.75721
0.75548
0.75468
0.75577
0.75225
0.75998
0.77709
0.80528
0.84189
0.88257
0.91803
0.9431
0.96399
0.96925
0.95458
0.93357
0.91601
0.90263
0.8994
0.90422
0.90713
0.90405
0.89231
0.86861
0.84017
0.8117
0.79532
0.78833
0.80379
0.84212
0.88677
0.92175
0.93743
0.93506
0.92316
0.90545
0.89265
0.88652
0.89074
0.89753
0.90142
0.88773
0.85815
0.81807
0.76977
0.72298
0.68383
0.65864
0.6452
0.6444
0.65885
0.67306
0.68679
0.69111
0.68704
0.67813
0.67151
0.67049
0.67685
0.69598
0.7227
0.75367
0.78331
0.81211
0.83457
0.84672
0.85233
0.85061
0.8453
0.83912
0.83678
0.84091
0.85223
0.86833
0.87867
0.88607
0.87999
0.8617
0.82599
0.78282
0.74458
0.71938
0.70871
0.71804
0.74378
0.78229
0.81899
0.83749
0.8382
0.82905
0.81189
0.79942
0.79324
0.80791
0.83184
0.85765
0.87142
0.87031
0.85611
0.83482
0.80484
0.7797
0.76509
0.76302
0.765
0.76669
0.76071
0.75581
0.74238
0.73762
0.73883
0.74966
0.76473
0.7815
0.79017
0.78244
0.75827
0.72907
0.70013
0.68638
0.68889
0.70583
0.72557
0.74631
0.75451
0.74124
0.72492
0.71712
0.72077
0.741
0.77592
0.8146
0.85428
0.88897
0.90562
0.90386
0.894
0.88262
0.87741
0.87421
0.87791
0.87561
0.86997
0.85904
0.84029
0.82869
0.82102
0.81785
0.82098
0.82657
0.84518
0.86097
0.87162
0.87533
0.87845
0.88824
0.8957
0.89501
0.88871
0.88411
0.88081
0.87237
0.85963
0.84465
0.83873
0.82833
0.81841
0.81074
0.80926
0.81176
0.80482
0.79968
0.79729
0.80021
0.80323
0.79136
0.78347
0.77925
0.78099
0.77703
0.76485
0.76158
0.76024
0.76713
0.77377
0.78394
0.79558
0.80654
0.81553
0.81296
0.80692
0.79409
0.78327
0.77561
0.77403
0.78254
0.78807
0.79541
0.79649
0.79713
0.79921
0.79642
0.79608
0.79374
0.80159
0.82192
0.85069
0.87597
0.89204
0.89958
0.90426
0.90101
0.88828
0.86863
0.84873
0.83717
0.83815
0.84225
0.84478
0.84488
0.84652
0.84782
0.84291
0.83042
0.81458
0.79411
0.78051
0.76965
0.7526
0.73024
0.69516
0.65151
0.60235
0.55154
0.50363
0.45491
0.41524
0.38631
0.3615
0.33985
0.31383
0.28378
0.26095
0.24329
0.22884
0.21958
0.21226
0.20774
0.20135
0.19462
0.18345
0.16776
0.14869
0.1286
0.11434
0.1067
0.10299
0.09659
0.09296
0.09228
0.08754
0.08297
0.07524
0.06872
0.06541
0.06129
0.05544
0.04638
0.04273
0.03129
0.01895
0.01066
0.00235
-0.00841
-0.01856
-0.02128
-0.02144
-0.01723
-0.00673
-0.00364
4.6138E-4
0.00363
0.00604
0.00319
-0.00139
-0.00398
-0.01154
-0.0187
-0.02405
-0.03146
-0.03963
-0.04311
-0.04346
-0.04133
-0.03809
-0.0283
-0.01743
-0.00739
3.43153E-4
0.01314
0.02187
0.03284
0.04493
0.05674
0.06571
0.07325
0.07234
0.06476
0.05125
0.04102
0.02606
0.01431
0.00918
0.00745
0.00597
0.00665
0.00757
0.0134
0.01794
0.02276
0.02472
0.02619
0.02783
0.0345
0.03927
0.04584
0.0498
0.05082
0.04819
0.04256
0.03385
0.02631
0.01225
0.00255
-0.00621
-0.01308
-0.01961
-0.02521
-0.03471
-0.0402
-0.04354
-0.04598
-0.05044
-0.04926
-0.0471
-0.03909
-0.03423
-0.02708
-0.02335
-0.01773
-0.01034
2.36496E-5
0.01263
0.02612
0.03625
0.04372
0.05005
0.058
0.05831
0.05888
0.061
0.06991
0.07845
0.09228
0.10639
0.11626
0.12966
0.13784
0.14113
0.14238
0.1433
0.14344
0.14524
0.15079
0.15773
0.159
0.15825
0.15713
0.14935
0.13774
0.13028
0.11671
0.105
0.09301
0.08437
0.0712
0.05973
0.04886
0.04082
0.03353
0.03064
0.02524
0.02209
0.0216
0.02478
0.02559
0.02811
0.03446
0.04477
0.0465
0.04928
0.04766
0.04814
0.04234
0.03511
0.02596
0.01651
0.01067
0.00603
-0.00166
-0.00792
-0.01447
-0.02233
-0.0351
-0.04358
-0.04829
-0.04623
-0.04494
-0.03962
-0.03613
-0.03059
-0.02611
-0.02806
-0.02782
-0.02515
-0.01915
-0.01085
-0.00181
0.01311
0.03095
0.05245
0.068
0.07554
0.08329
0.09166
0.09163
0.08859
0.0863
0.08288
0.0815
0.07861
0.07394
0.06745
0.06301
0.05479
0.04036
0.02625
0.01487
0.00364
-0.00705
-0.01579
-0.02439
-0.03048
-0.03873
-0.04887
-0.05492
-0.06091
-0.06115
-0.06074
-0.05542
-0.05489
-0.05375
-0.04413
-0.03658
-0.02371
-0.00836
0.00921
0.02774
0.0476
0.06086
0.06172
0.06203
0.05788
0.04235
0.02595
0.01427
0.00596
-0.00394
-0.00523
-0.01091
-0.01214
-0.01292
-0.01634
-0.02561
-0.03073
-0.03398
-0.03884
-0.04333
-0.03623
-0.0299
-0.01981
-0.0132
-0.00973
-0.01134
-0.01355
-0.02175
-0.03043
-0.03912
-0.04186
-0.04616
-0.04782
-0.04509
-0.03906
-0.03257
-0.02537
-0.01731
-0.00925
-0.00402
-0.00517
-0.01107
-0.0137
-0.01388
-0.01138
-0.01105
-0.00627
0.00243
0.01
0.0124
0.00339
-0.0042
-0.01301
-0.02222
-0.02541
-0.02396
-0.01697
-0.01403
-0.00924
-0.00889
-0.00878
-0.0075
-0.00479
-0.00205
0.00542
0.01893
0.02747
0.03159
0.03867
0.0397
0.04646
0.05007
0.05936
0.06266
0.06902
0.07592
0.07997
0.08203
0.08396
0.08309
0.0843
0.08342
0.08122
0.0691
0.05831
0.04315
0.03131
0.02218
0.0189
0.0175
0.01763
0.01985
0.02032
0.01381
0.0049
-0.00676
-0.01636
-0.0207
-0.01781
-0.01702
-0.01756
-0.01596
-0.0149
-0.01809
-0.02716
-0.03252
-0.03467
-0.03534
-0.03292
-0.03326
-0.03358
-0.0284
-0.02418
-0.02447
-0.02263
-0.01353
-0.00349
0.00293
0.01086
0.02132
0.02776
0.03239
0.03395
0.03381
0.04244
0.05587
0.0652
0.0734
0.08094
0.08463
0.07774
0.06322
0.04767
0.03302
0.02529
0.01946
0.0091
0.00215
-8.57911E-4
-0.00433
-0.00715
-0.00282
0.00495
0.02747
0.05774
0.09266
0.13028
0.17072
0.20791
0.23709
0.26628
0.30304
0.33957
0.38484
0.42947
0.47304
0.50953
0.54115
0.55622
0.56418
0.57238
0.58561
0.59952
0.61483
0.6292
0.63764
0.63113
0.61972
0.60119
0.58416
0.57327
0.57257
0.58077
0.59555
0.6105
0.61912
0.6188
0.61509
0.6136
0.6108
0.6066
0.60489
0.60725
0.60687
0.60435
0.59404
0.5795
0.56408
0.55554
0.55318
0.55545
0.5631
0.57098
0.57761
0.58602
0.59056
0.59847
0.60586
0.61539
0.62907
0.63853
0.64275
0.63719
0.62861
0.61491
0.59916
0.58715
0.57529
0.56316
0.55324
0.54565
0.53856
0.53221
0.5284
0.5213
0.52057
0.52549
0.53126
0.53437
0.5427
0.55582
0.56406
0.57532
0.58776
0.59513
0.60736
0.62108
0.62759
0.63638
0.64593
0.65328
0.65658
0.66177
0.66196
0.64998
0.63742
0.62463
0.60755
0.59367
0.58235
0.5746
0.57433
0.58127
0.57822
0.57136
0.57036
0.56982
0.56639
0.56539
0.56677
0.56683
0.57024
0.57586
0.57827
0.58802
0.59986
0.60583
0.60884
0.61449
0.61608
0.61006
0.59888
0.59308
0.59243
0.59983
0.60778
0.61525
0.62139
0.62533
0.62544
0.62023
0.61043
0.60281
0.59609
0.5963
0.6046
0.61698
0.62582
0.62966
0.63156
0.63147
0.62958
0.62788
0.62012
0.61002
0.60702
0.60761
0.61112
0.61158
0.61203
0.60211
0.59494
0.58953
0.57918
0.56885
0.56086
0.55316
0.5484
0.55162
0.56333
0.56501
0.57176
0.57587
0.58299
0.58297
0.58345
0.58376
0.58849
0.59971
0.61524
0.62881
0.63882
0.64106
0.63889
0.6253
0.61677
0.61235
0.61075
0.60816
0.61581
0.62704
0.62846
0.62509
0.61703
0.60173
0.58669
0.58202
0.58431
0.58885
0.59742
0.60449
0.60287
0.60006
0.59665
0.58683
0.57751
0.58144
0.5886
0.60146
0.61051
0.62186
0.62899
0.63386
0.63616
0.63066
0.619
0.60899
0.60145
0.59418
0.58108
0.57315
0.5642
0.55551
0.54689
0.54133
0.52855
0.51429
0.50485
0.4981
0.49571
0.50224
0.50979
0.51859
0.53134
0.54541
0.54912
0.54512
0.53852
0.53156
0.52427
0.52676
0.529
0.53083
0.53199
0.53573
0.53665
0.53446
0.52487
0.51123
0.4998
0.49687
0.49918
0.5062
0.51533
0.53331
0.54746
0.55905
0.55962
0.55734
0.55461
0.5571
0.56444
0.57436
0.58744
0.60286
0.61309
0.61759
0.61486
0.61202
0.60143
0.59049
0.57558
0.56455
0.5558
0.54834
0.54123
0.53222
0.52833
0.52466
0.52239
0.52438
0.52649
0.53358
0.53774
0.54925
0.56024
0.57672
0.59463
0.61437
0.63661
0.65083
0.66347
0.66977
0.67659
0.68301
0.68372
0.68881
0.68918
0.68969
0.68176
0.67142
0.65658
0.64231
0.63
0.61161
0.60009
0.59235
0.5834
0.57695
0.57313
0.57392
0.57008
0.57262
0.5744
0.57937
0.58543
0.59279
0.59601
0.59449
0.59845
0.59945
0.59608
0.59245
0.5899
0.59182
0.59445
0.60211
0.60516
0.60511
0.60506
0.60007
0.59072
0.57789
0.56745
0.5577
0.55158
0.55354
0.56634
0.58143
0.58992
0.59194
0.58832
0.57821
0.56405
0.55132
0.54722
0.55237
0.56662
0.58825
0.60522
0.61227
0.61087
0.5991
0.58332
0.57741
0.58139
0.59039
0.60534
0.63391
0.65995
0.68059
0.69431
0.7018
0.69751
0.69084
0.6805
0.65999
0.63028
0.59519
0.55033
0.50076
0.45262
0.41114
0.36832
0.3329
0.30606
0.28545
0.26821
0.25626
0.24911
0.25036
0.26079
0.28279
0.30606
0.328
0.34407
0.34817
0.3383
0.32339
0.30172
0.27388
0.24652
0.22626
0.20851
0.19063
0.17086
0.15065
0.1286
0.10652
0.08109
0.0563
0.0381
0.03184
0.02995
0.03019
0.03403
0.03567
0.03133
0.0253
0.01732
0.00785
-0.00254
-0.00826
-0.00923
-0.00609
-4.31192E-4
0.00543
0.00978
0.01376
0.01754
0.01463
0.00962
0.01146
0.01021
0.00688
0.00431
0.00485
0.00509
2.77054E-4
-0.00527
-0.01312
-0.02078
-0.02555
-0.03932
-0.05127
-0.05781
-0.0609
-0.06609
-0.06989
-0.07147
-0.07257
-0.07887
-0.08994
-0.09944
-0.10757
-0.11205
-0.11484
-0.11965
-0.11442
-0.10761
-0.10095
-0.0936
-0.08855
-0.07976
-0.07145
-0.06094
-0.05107
-0.04461
-0.04153
-0.04207
-0.04674
-0.04685
-0.04826
-0.05
-0.04993
-0.0475
-0.04732
-0.04582
-0.04997
-0.05492
-0.06157
-0.06456
-0.06482
-0.06059
-0.05028
-0.03487
-0.02473
-0.01438
-0.00862
-0.00708
-0.00778
-0.01266
-0.01679
-0.01761
-0.0186
-0.01893
-0.0232
-0.02592
-0.02607
-0.02546
-0.02458
-0.02328
-0.02033
-0.01409
-0.01273
-0.01458
-0.01605
-0.01542
-0.01419
-0.00739
4.75083E-4
0.01284
0.02643
0.03751
0.03907
0.03501
0.02965
0.0235
0.01309
0.00618
0.001
-0.00281
-0.00973
-0.01738
-0.02773
-0.0342
-0.03496
-0.03322
-0.03734
-0.03949
-0.03633
-0.03342
-0.03395
-0.02975
-0.02304
-0.00961
0.00671
0.0195
0.02541
0.03201
0.03873
0.03753
0.0339
0.03866
0.0462
0.05242
0.05764
0.06009
0.05529
0.04776
0.03428
0.02075
0.01221
0.00865
0.00369
-0.00577
-0.01262
-0.02346
-0.03519
-0.04523
-0.05522
-0.05987
-0.06417
-0.06366
-0.05965
-0.05639
-0.0536
-0.0541
-0.0492
-0.04719
-0.04643
-0.04601
-0.04565
-0.04511
-0.04209
-0.03984
-0.04072
-0.03947
-0.03575
-0.03714
-0.03535
-0.03349
-0.03073
-0.02965
-0.0248
-0.01975
-0.01493
-0.00649
3.41835E-4
0.00258
0.00393
0.00363
0.00572
0.00608
0.00928
0.01084
0.01368
0.01755
0.02001
0.0232
0.02349
0.02352
0.01882
0.01585
0.01342
0.01063
0.01262
0.01871
0.02457
0.03215
0.03551
0.03381
0.02733
0.02567
0.01759
0.00688
-0.00404
-0.00839
-0.01699
-0.02337
-0.02621
-0.02684
-0.02706
-0.02529
-0.02982
-0.03471
-0.03977
-0.04192
-0.04892
-0.04824
-0.03672
-0.01996
-0.00502
0.01094
0.0287
0.04421
0.0514
0.05023
0.04531
0.04232
0.03979
0.0402
0.04033
0.04288
0.04701
0.05036
0.05079
0.04816
0.04702
0.04055
0.0327
0.0274
0.0205
0.01597
0.01172
0.0102
0.0066
0.00425
0.00547
0.00192
-0.00366
-0.00724
-0.00757
-0.00345
0.00619
0.02264
0.03927
0.06407
0.09039
0.11369
0.13503
0.15828
0.17933
0.19832
0.2253
0.25561
0.28486
0.32098
0.35127
0.37786
0.39764
0.41617
0.4275
0.43527
0.44687
0.458
0.47394
0.49185
0.5022
0.5065
0.5054
0.49993
0.4868
0.4727
0.45675
0.44273
0.43301
0.42384
0.41799
0.41416
0.41118
0.4051
0.40091
0.39672
0.39186
0.39141
0.3909
0.38997
0.39128
0.39263
0.39173
0.38782
0.38442
0.37914
0.37532
0.37359
0.37043
0.36733
0.36536
0.3642
0.35855
0.35093
0.34564
0.34416
0.34602
0.35037
0.35644
0.36285
0.36734
0.37353
0.3732
0.37091
0.36788
0.3701
0.37397
0.37698
0.38213
0.38297
0.38011
0.3805
0.37506
0.37183
0.36976
0.37176
0.37097
0.3727
0.37691
0.37754
0.37498
0.3738
0.37663
0.38891
0.40209
0.41254
0.4155
0.42111
0.41893
0.41364
0.40561
0.39608
0.3904
0.39061
0.39562
0.40028
0.40502
0.40887
0.40773
0.41005
0.41448
0.41796
0.41964
0.42779
0.43911
0.44739
0.45648
0.46133
0.46395
0.46163
0.46143
0.4547
0.44209
0.42288
0.39537
0.36652
0.34627
0.33446
0.32556
0.32197
0.33113
0.34201
0.36296
0.38128
0.39961
0.41744
0.4395
0.46076
0.47774
0.49626
0.51572
0.52863
0.54053
0.54675
0.5481
0.53739
0.5281
0.51616
0.5062
0.49758
0.48685
0.46825
0.44976
0.43361
0.42147
0.40326
0.39293
0.38312
0.37532
0.36617
0.35747
0.34036
0.32169
0.30225
0.28724
0.26996
0.26593
0.26996
0.28138
0.29371
0.31008
0.31746
0.32379
0.32782
0.32987
0.33538
0.35048
0.36228
0.36809
0.36767
0.36527
0.35159
0.33469
0.31709
0.30038
0.29184
0.28981
0.28962
0.29402
0.30735
0.31974
0.32887
0.34246
0.35996
0.37643
0.39479
0.41143
0.43065
0.44961
0.46956
0.48528
0.50246
0.51883
0.53104
0.53334
0.52469
0.50485
0.47877
0.44871
0.42278
0.40568
0.40167
0.40342
0.41348
0.42922
0.43995
0.44479
0.43822
0.42636
0.41423
0.40597
0.4032
0.40356
0.41548
0.43178
0.44741
0.46292
0.47097
0.47321
0.46262
0.44662
0.42674
0.40903
0.39798
0.38768
0.38477
0.3904
0.40196
0.41091
0.41614
0.41811
0.41428
0.40928
0.40079
0.39241
0.38787
0.39628
0.41289
0.4319
0.45371
0.46993
0.47518
0.47092
0.45504
0.43395
0.40897
0.38707
0.36699
0.34945
0.33391
0.3243
0.30469
0.28569
0.26611
0.25007
0.23905
0.23696
0.2371
0.24028
0.24678
0.25508
0.25659
0.26061
0.26296
0.27272
0.28386
0.29786
0.30664
0.31176
0.31615
0.31804
0.31635
0.3171
0.3244
0.33828
0.3529
0.36777
0.37931
0.38869
0.39509
0.39628
0.39555
0.40098
0.41253
0.4226
0.43396
0.44419
0.45302
0.45774
0.4588
0.46175
0.46864
0.47972
0.49451
0.50835
0.52656
0.54346
0.54948
0.54439
0.53217
0.51647
0.49434
0.47184
0.44962
0.42416
0.40093
0.37692
0.34761
0.31562
0.29001
0.2669
0.24288
0.22845
0.22005
0.21831
0.21919
0.22346
0.22349
0.22194
0.22713
0.22603
0.22049
0.21529
0.21498
0.20745
0.19428
0.17904
0.15945
0.13979
0.11891
0.10047
0.08972
0.08549
0.09204
0.09079
0.09084
0.09271
0.09085
0.08071
0.06328
0.04801
0.03894
0.03004
0.02595
0.0236
0.02444
0.0281
0.03081
0.02544
0.01508
0.00346
-0.00888
-0.01636
-0.01871
-0.01264
-0.00421
0.00736
0.02467
0.03603
0.03968
0.03463
0.02231
0.01348
0.00391
-3.63644E-4
6.49071E-4
0.00692
0.01499
0.02079
0.02836
0.0302
0.02742
0.02225
0.01555
0.01204
0.01404
0.01644
0.01579
0.01736
0.02712
0.03415
0.04231
0.04672
0.05124
0.05212
0.05254
0.04673
0.03716
0.02951
0.02834
0.02798
0.0335
0.03948
0.04963
0.05492
0.05698
0.05079
0.0465
0.04816
0.05146
0.05614
0.06495
0.0743
0.08486
0.0881
0.08633
0.08237
0.0791
0.0775
0.07417
0.07407
0.07607
0.07692
0.07193
0.06327
0.05106
0.04068
0.02964
0.02169
0.01628
0.01663
0.0189
0.01895
0.0161
0.01783
0.01676
0.01742
0.01946
0.02472
0.029
0.0394
0.05142
0.06272
0.07523
0.0904
0.09943
0.10046
0.09958
0.0952
0.08517
0.07698
0.0703
0.06051
0.05194
0.04562
0.03223
0.01487
7.44605E-4
-0.01433
-0.02791
-0.03877
-0.04402
-0.04672
-0.04181
-0.03383
-0.02668
-0.01763
-0.00545
0.00521
0.01081
0.01771
0.02443
0.02955
0.03182
0.0308
0.0312
0.03169
0.03294
0.02826
0.01931
0.01565
0.01371
0.0141
0.01745
0.0273
0.03596
0.04834
0.05609
0.05681
0.056
0.05312
0.05023
0.04345
0.03502
0.03111
0.02248
0.01398
-7.48143E-4
-0.02068
-0.03719
-0.04887
-0.06301
-0.0733
-0.07395
-0.06282
-0.04818
-0.03308
-0.01593
3.37392E-4
0.01512
0.02342
0.02259
0.02172
0.02336
0.02183
0.01974
0.01759
0.01714
0.01309
0.00117
-0.0124
-0.02424
-0.03292
-0.03703
-0.03927
-0.0326
-0.02081
-0.00819
-1.5053E-4
0.00787
0.01761
0.03008
0.0415
0.05326
0.06768
0.08014
0.09039
0.09478
0.09609
0.09721
0.09706
0.09466
0.09164
0.09374
0.095
0.09155
0.08869
0.08971
0.08998
0.08891
0.08922
0.08532
0.08788
0.09105
0.09005
0.08864
0.08861
0.09084
0.08593
0.08761
0.08651
0.08006
0.07118
0.06049
0.05109
0.04606
0.04372
0.03786
0.03648
0.043
0.03864
0.03273
0.02073
0.00663
-0.01548
-0.02828
-0.03964
-0.04809
-0.04643
-0.04631
-0.04804
-0.04784
-0.05141
-0.06248
-0.08212
-0.08897
-0.09929
-0.09942
-0.09426
-0.09007
-0.08675
-0.08109
-0.07654
-0.0734
-0.07071
-0.06744
-0.06409
-0.05513
-0.05281
-0.05165
-0.05341
-0.05027
-0.04881
-0.03937
-0.02821
-0.01783
-0.0054
0.00368
0.00405
0.00202
-0.00248
-0.00698
-0.00967
-0.00328
0.00423
0.0144
0.02722
0.03916
0.04166
0.04271
0.04774
0.04811
0.04891
0.05244
0.06029
0.0698
0.07386
0.06968
0.06392
0.06509
0.07206
0.07674
0.08335
0.095
0.1141
0.12326
0.1293
0.12998
0.13177
0.1352
0.1367
0.13962
0.14706
0.15679
0.16527
0.15954
0.15129
0.13357
0.1147
0.09451
0.07312
0.05352
0.04694
0.04674
0.04772
0.05042
0.0556
0.0622
0.06851
0.07652
0.08775
0.09948
0.12049
0.14161
0.15954
0.1759
0.19704
0.20953
0.21322
0.21473
0.20842
0.20407
0.20133
0.20036
0.19218
0.18233
0.17673
0.16425
0.15327
0.14331
0.13613
0.1321
0.13494
0.14047
0.13829
0.145
0.1459
0.14362
0.13643
0.13168
0.12653
0.11658
0.11061
0.10351
0.09789
0.1033
0.1073
0.10724
0.10059
0.10273
0.09659
0.09048
0.0848
0.07934
0.07314
0.07818
0.09242
0.10462
0.11505
0.12625
0.12719
0.12275
0.11676
0.11091
0.10341
0.10966
0.12731
0.14403
0.16352
0.18298
0.19234
0.19281
0.19255
0.1902
0.18539
0.18639
0.19417
0.20021
0.20723
0.21027
0.20618
0.19709
0.18448
0.17478
0.16619
0.15855
0.15209
0.14744
0.13926
0.13239
0.12886
0.12196
0.11675
0.11989
0.12549
0.13042
0.13508
0.14534
0.14935
0.15295
0.16045
0.16527
0.16766
0.17134
0.17158
0.16781
0.16079
0.15154
0.13605
0.12238
0.11103
0.10301
0.09462
0.09194
0.08727
0.08212
0.07519
0.06741
0.06298
0.06632
0.06905
0.07535
0.08449
0.09818
0.10802
0.11555
0.11645
0.12042
0.12131
0.12723
0.13144
0.13895
0.14876
0.15974
0.16485
0.17008
0.1753
0.18205
0.18582
0.18745
0.18909
0.18866
0.18024
0.17718
0.17081
0.16784
0.16709
0.16701
0.17
0.16732
0.16142
0.14985
0.13827
0.13125
0.12283
0.11909
0.12032
0.1328
0.14214
0.1501
0.15595
0.16013
0.16176
0.16029
0.16213
0.16808
0.17697
0.18763
0.19234
0.19975
0.20414
0.20169
0.18937
0.17681
0.16442
0.14764
0.13121
0.11562
0.1026
0.09435
0.08385
0.07534
0.06774
0.06557
0.06744
0.07209
0.08366
0.0961
0.1067
0.11709
0.12994
0.14426
0.16126
0.1747
0.18397
0.19489
0.20415
0.20438
0.20096
0.19713
0.19071
0.18044
0.17334
0.16073
0.15245
0.14699
0.14125
0.13258
0.12638
0.12639
0.12413
0.1243
0.13018
0.13421
0.13637
0.13194
0.12927
0.12063
0.12553
0.13345
0.14233
0.15133
0.1628
0.17172
0.16632
0.16115
0.15917
0.1587
0.16837
0.17336
0.18427
0.18917
0.19755
0.194
0.1803
0.16555
0.15234
0.14197
0.13301
0.1364
0.14335
0.14569
0.1472
0.14156
0.1394
0.13301
0.13045
0.12837
0.13162
0.14183
0.15145
0.16092
0.16888
0.17492
0.17564
0.16995
0.16579
0.16192
0.15719
0.15181
0.15041
0.15141
0.15057
0.14697
0.14038
0.13475
0.13102
0.12773
0.12932
0.13086
0.13873
0.14422
0.14796
0.15412
0.15822
0.16301
0.16272
0.16501
0.16911
0.16931
0.16889
0.16551
0.16627
0.1641
0.16728
0.16727
0.169
0.16972
0.16555
0.16315
0.15734
0.15677
0.16114
0.16331
0.17125
0.17598
0.18164
0.18012
0.17609
0.16696
0.1556
0.14615
0.13757
0.13149
0.12796
0.1292
0.1318
0.12927
0.12547
0.11976
0.11655
0.10897
0.09465
0.08291
0.07183
0.06469
0.05485
0.0429
0.03353
0.02562
0.0152
4.02275E-4
-0.0104
-0.01592
-0.01995
-0.02738
-0.03619
-0.03737
-0.04131
-0.04712
-0.05425
-0.0599
-0.05344
-0.05117
-0.05047
-0.05304
-0.05441
-0.05983
-0.07139
-0.08367
-0.09328
-0.09576
-0.09153
-0.08977
-0.08559
-0.08386
-0.08359
-0.09298
-0.09633
-0.09649
-0.09137
-0.08056
-0.0691
-0.05729
-0.0466
-0.03754
-0.03269
-0.03595
-0.03381
-0.03526
-0.03446
-0.03393
-0.03405
-0.03878
-0.04633
-0.05318
-0.06449
-0.07699
-0.08875
-0.1041
-0.11579
-0.125
-0.13308
-0.14114
-0.14543
-0.1439
-0.14213
-0.1392
-0.13309
-0.12467
-0.11367
-0.09979
-0.088
-0.07704
-0.06374
-0.05542
-0.05238
-0.04742
-0.0378
-0.02939
-0.02315
-0.01758
-0.01849
-0.022
-0.02695
-0.03938
-0.05095
-0.05143
-0.04277
-0.03629
-0.02841
-0.02157
-0.02159
-0.02536
-0.02919
-0.03835
-0.04827
-0.04872
-0.04536
-0.04629
-0.04722
-0.05004
-0.06206
-0.07409
-0.07928
-0.08374
-0.0878
-0.08385
-0.07975
-0.07731
-0.07479
-0.07063
-0.07372
-0.07786
-0.08068
-0.08188
-0.08385
-0.08063
-0.0814
-0.08621
-0.08945
-0.08913
-0.09308
-0.09731
-0.09646
-0.08784
-0.0791
-0.06315
-0.05039
-0.03845
-0.02659
-0.01361
-0.00422
0.00452
0.01703
0.0305
0.04034
0.04955
0.05138
0.05205
0.04919
0.04879
0.04347
0.0367
0.03157
0.02488
0.01609
0.0011
-0.01758
-0.03376
-0.04535
-0.04971
-0.05088
-0.04559
-0.04111
-0.0387
-0.03792
-0.0435
-0.04886
-0.05242
-0.04928
-0.0463
-0.03787
-0.0279
-0.02399
-0.02741
-0.03587
-0.04467
-0.05141
-0.0601
-0.06588
-0.06831
-0.05962
-0.05135
-0.04846
-0.05472
-0.06015
-0.06264
-0.0656
-0.07023
-0.0701
-0.06207
-0.0543
-0.05135
-0.0498
-0.0517
-0.05471
-0.05739
-0.05802
-0.055
-0.04407
-0.03191
-0.01884
-0.00615
0.00737
0.01502
0.01806
0.02099
0.02269
0.02455
0.02604
0.028
0.03082
0.03106
0.03126
0.02596
0.02058
0.00949
0.00129
-0.00496
-0.00875
-0.00844
-0.0066
-0.00152
0.00407
0.00987
0.00995
1.55825E-4
-0.00414
-0.00896
-0.01217
-0.01577
-0.01489
-0.01566
-0.01419
-0.01023
-0.01353
-0.02215
-0.02926
-0.03428
-0.03605
-0.03724
-0.02763
-0.01767
-0.00231
0.01674
0.03117
0.0394
0.05018
0.05674
0.05814
0.05507
0.05967
0.06226
0.06509
0.06721
0.06667
0.06001
0.05038
0.03427
0.01442
-0.00602
-0.01846
-0.03099
-0.03898
-0.04166
-0.03847
-0.03957
-0.04056
-0.039
-0.0373
-0.032
-0.01837
-0.00204
0.01255
0.02416
0.0368
0.04073
0.04413
0.04525
0.04252
0.03792
0.03918
0.03839
0.03434
0.02791
0.02384
0.01298
6.49794E-4
-0.00951
-0.01831
-0.02695
-0.03053
-0.03666
-0.03931
-0.04043
-0.03617
-0.03778
-0.03843
-0.03439
-0.02781
-0.02496
-0.02329
-0.02571
-0.02784
-0.03076
-0.02963
-0.03015
-0.02866
-0.02939
-0.02481
-0.0184
-0.00824
0.00313
0.01278
0.02024
0.0285
0.03722
0.04786
0.05856
0.07022
0.07796
0.0998
0.11685
0.11529
0.10939
0.0993
0.08327
0.0575














































































































































































































































































































































































































































































































































































































































































































































































































































































































































































































































































































































































































































































































































































































































































































































































































































































































































































































































































































