
0
1.649
4.9
7.219
9.196
10.603
12.031
13.391
14.715
16.097
17.306
18.569
19.942
21.348
22.726
24.118
25.487
26.873
28.077
29.329
30.548
31.802
33.165
34.387
35.622
36.849
38.386
39.801
41.186
42.541
44.305
45.932
47.323
48.693
50.153
51.759
53.144
54.566
56.064
57.599
59.044
60.391
61.758
63.157
64.376
65.638
66.991
68.187
69.46
70.84
72.208
73.607
74.978
76.358
77.751
78.937
80.291
81.594
82.97
84.359
85.731
86.916
88.18
89.573
90.779
92.009
93.248
94.47
95.861
97.244
98.462
99.726
101.076
102.45
103.654
104.913
106.32
107.702
109.091
110.274
111.521
112.706
113.973
115.195
116.442
117.659
118.904
120.29
121.507
122.767
124.109
125.348
126.575
127.767
129.049
130.432
131.798
133.248
134.583
135.949
137.148
138.465
139.794
141.178
142.35
143.617
144.832
146.086
147.302
148.551
149.741
150.996
152.226
153.451
154.669
155.905
157.125
158.382
159.769
161.144
162.531
163.915
165.299
166.508
167.75
168.953
170.553
172.192
173.571
174.802
176.032
177.424
178.627
179.91
181.274
182.476
183.731
184.914
186.196
187.583
188.933
190.158
191.411
192.791
193.992
195.239
196.618
197.803
199.1
200.45
201.841
203.227
204.632
205.841
207.059
208.291
209.536
210.896
212.111
213.354
214.597
215.821
217.02
218.276
219.679
221.035
222.233
223.504
224.876
226.091
227.35
228.733
229.962
231.204
232.593
233.95
235.322
236.547
237.8
239.181
240.549
241.782
243.011
244.182
245.485
246.687
247.951
249.139
250.391
251.579
252.875
254.227
255.596
256.827
258.053
259.242
260.513
261.716
262.982
264.202
265.437
266.838
268.199
269.591
271.053
272.643
274.044
275.433
276.806
278.185
279.396
280.667
282.028
283.413
284.794
286.178
287.559
288.942
290.334
291.705
293.075
294.471
295.853
297.244
298.629
300.295
302.916
305.023
308.13
311.049
313.97
316.367
318.039
319.974
322.264
324.882
326.891
329.192
331.171
332.934
334.573
336.235
338.031
339.653
341.442
343.301
345.004
346.694
348.124
349.445
350.853
352.548
353.907
355.293
356.52
357.761
359.149
360.519
361.903
363.283
364.666
366.062
367.435
368.652
369.902
371.268
372.664
374.039
375.434
376.807
378.012
379.254
380.459
381.723
383.087
384.47
385.875
387.077
388.324
389.695
390.92
392.174
393.557
394.93
396.136
397.384
398.598
399.835
401.236
402.607
404
405.367
406.582
407.843
409.214
410.413
411.67
413.055
414.425
415.651
416.898
418.277
419.506
420.747
422.103
423.508
424.876
426.091
427.358
428.709
430.115
431.57
433.607
435.167
436.632
438.323
439.776
441.067
442.378
443.596
444.851
446.075
447.308
448.69
450.065
451.314
452.663
453.901
455.136
456.385
457.768
458.982
460.267
461.602
462.978
464.66
466.152
467.439
468.807
470.188
471.579
472.972
474.332
475.708
476.938
478.197
479.559
480.761
482.027
483.412
484.794
486.171
487.561
488.918
490.321
491.535
492.835
494.158
495.529
496.921
498.136
499.392
500.768
502.15
503.534
504.907
506.122
507.361
508.559
509.82
511.2
512.432
513.672
514.869
516.115
517.504
518.91
520.623
522.276
523.654
525.166
526.431
527.784
529.171
530.575
531.956
533.324
534.697
536.084
537.467
538.848
540.059
541.382
542.999
545.04
546.679
548.203
549.748
551.134
552.515
553.741
555.283
556.678
558.069
559.428
560.672
561.91
563.298
564.658
566.045
567.416
568.816
570.188
571.582
572.961
574.331
575.71
577.104
578.478
579.87
581.262
582.645
584.009
585.227
586.472
587.863
589.313
590.606
592.006
593.386
594.765
596.138
597.369
598.613
599.997
601.385
602.754
604.136
605.53
606.89
608.118
609.355
610.566
611.826
613.192
614.575
615.956
617.186
618.434
619.805
621.185
622.716
623.963
625.339
626.729
628.089
629.312
630.568
631.956
633.312
634.544
635.767
637.157
638.559
639.915
641.294
642.695
644.089
645.283
646.533
647.751
648.995
650.39
651.763
653.125
654.34
655.917
657.29
658.661
659.881
661.126
662.494
663.731
664.975
666.34
667.733
668.935
670.191
671.57
672.945
674.179
675.398
676.606
677.859
679.262
680.647
682.012
683.23
684.765
686.157
687.54
689.33
691.226
692.91
694.682
696.066
697.37
698.771
699.983
701.29
702.609
703.808
705.062
706.435
707.808
709.207
710.58
711.965
713.336
714.734
715.969
717.184
718.601
719.949
721.355
722.708
724.425
725.925
727.498
729.465
731.167
732.876
734.537
736.344
738.234
740.01
741.742
743.596
745.313
746.995
749.281
750.993
752.677
754.359
756.058
757.743
759.449
761.426
762.796
764.311
765.992
767.867
769.564
771.269
773.026
774.708
776.402
778.122
779.694
781.22
782.78
784.526
786.263
788.154
789.866
791.527
793.356
794.982
796.68
798.301
799.819
801.36
802.888
804.441
806.17
807.81
809.605
811.336
812.94
814.582
816.316
818.002
819.631
821.333
823.013
824.803
826.432
828.088
829.785
831.467
833.162
834.684
836.235
838.069
840.003
841.632
843.401
845.089
846.694
848.371
849.806
851.481
853.125
854.582
855.891
857.317
858.349
859.42
860.829
863.113
864.498
865.871
867.013
868.09
869.167
870.473
871.702
872.931
874.128
875.415
876.604
877.646
878.716
879.81
880.884
881.962
883.248
884.317
885.379
886.529
887.851
888.971
890.317
891.483
892.609
894.138
895.511
897.213
898.906
900.389
901.721
903.083
905.357
907.5
909.35
911.039
913.045
915.037
916.468
917.893
919.257
920.632
921.998
923.337
925.011
926.417
927.777
929.158
930.595
931.941
933.339
935.312
936.744
938.125
939.548
940.95
942.531
943.992
945.429
946.998
948.494
949.861
951.422
952.826
954.188
955.574
956.982
958.35
959.732
961.206
962.636
964.172
965.564
966.956
968.349
969.704
971.14
972.646
974.539
976.521
978.474
980.165
981.887
983.532
985.307
986.909
988.602
990.676
992.294
993.989
995.98
998.301
999.99
1001.661
1003.363
1005.13
1006.834
1008.459
1010.106
1011.816
1013.497
1015.208
1016.867
1018.566
1020.243
1021.943
1023.626
1025.316
1026.714
1028.093
1029.485
1030.837
1032.223
1033.697
1035.317
1036.731
1038.364
1039.768
1041.152
1042.524
1043.933
1045.303
1046.685
1048.136
1049.453
1050.821
1052.206
1053.642
1054.981
1056.341
1057.746
1059.125
1060.499
1061.895
1063.251
1064.652
1066.042
1067.435
1068.905
1070.215
1071.596
1073.248
1074.657
1076
1077.402
1078.777
1080.226
1081.563
1082.925
1084.296
1085.679
1087.071
1088.494
1089.97
1091.321
1092.663
1093.993
1095.366
1096.742
1098.123
1099.5
1100.902
1102.267
1103.653
1105.048
1106.422
1107.833
1109.202
1110.556
1111.963
1113.34
1114.712
1116.104
1117.47
1118.867
1120.233
1121.647
1123.006
1124.405
1125.773
1127.153
1128.55
1129.951
1131.307
1132.701
1134.065
1135.456
1136.859
1138.249
1139.623
1141.006
1142.448
1143.816
1145.454
1146.857
1148.211
1149.647
1151.03
1152.42
1153.791
1155.165
1156.536
1157.984
1159.268
1160.656
1162.06
1163.467
1164.854
1166.208
1167.569
1168.958
1170.318
1171.701
1173.098
1174.48
1175.892
1177.341
1178.717
1180.313
1181.694
1183.068
1184.485
1185.875
1187.222
1188.607
1190.081
1191.438
1192.855
1194.439
1195.866
1197.359
1198.917
1200.383
1201.97
1203.489
1205.023
1206.433
1207.865
1209.273
1210.686
1212.257
1213.957
1215.633
1217.089
1218.705
1220.208
1221.766
1223.221
1224.838
1226.319
1227.687
1229.319
1230.784
1232.372
1233.804
1235.227
1236.819
1238.518
1239.958
1241.43
1242.821
1244.41
1245.736
1246.927
1248.282
1249.58
1251.573
1252.97
1254.36
1255.735
1256.949
1258.19
1259.391
1260.63
1262.015
1263.412
1264.795
1266.168
1267.541
1268.947
1270.326
1271.713
1273.081
1274.461
1275.856
1277.237
1278.618
1280.001
1281.39
1282.804
1284.167
1285.822
1287.526
1288.904
1290.275
1291.667
1293.092
1294.476
1295.81
1297.192
1298.581
1299.985
1301.406
1302.766
1304.119
1305.485
1306.878
1308.248
1309.637
1311.145
1312.725
1314.11
1315.597
1317.229
1318.893
1320.662
1322.657
1324.532
1326.003
1327.349
1328.785
1330.184
1331.502
1332.833
1334.525
1336.23
1337.928
1339.691
1341.293
1342.661
1344.363
1345.845
1347.167
1348.505
1350.012
1351.57
1352.945
1354.341
1355.713
1357.094
1358.582
1360.19
1361.544
1362.944
1364.368
1365.821
1367.081
1368.52
1369.901
1371.244
1372.918
1374.369
1375.714
1377.094
1378.464
1379.834
1381.212
1382.594
1384.307
1385.681
1387.088
1388.492
1389.959
1391.507
1392.927
1394.382
1396.063
1397.504
1399.052
1400.414
1401.647
1403.031
1404.382
1405.964
1407.37
1408.736
1410.105
1411.471
1412.862
1414.287
1415.636
1417.015
1418.408
1419.811
1421.144
1422.536
1423.91
1425.317
1426.699
1428.238
1429.768
1432.069
1434.374
1436.975
1438.989
1441.377
1443.276
1445.714
1448.199
1450.195
1451.87
1453.348
1454.943
1456.453
1458.02
1459.405
1460.782
1462.216
1463.876
1465.848
1467.534
1468.736
1469.816
1470.921
1472.159
1473.551
1475.028
1476.315
1477.469
1478.887
1479.991
1481.221
1482.601
1484.406
1485.761
1487.359
1488.751
1489.868
1490.98
1492.109
1493.345
1494.463
1495.578
1496.871
1498.008
1499.124
1500.237
1501.316
1502.558
1503.646
1504.742
1506.102
1507.257
1508.565
1509.939
1511.092
1512.242
1513.488
1514.609
1515.761
1517.017
1518.122
1519.261
1520.532
1521.685
1522.838
1524.074
1525.182
1526.338
1527.619
1528.729
1529.838
1531.153
1532.301
1533.589
1534.991
1536.504
1537.88
1539.133
1540.263
1541.356
1542.665
1543.774
1544.939
1546.188
1547.286
1548.435
1549.726
1550.835
1551.953
1553.244
1554.328
1555.464
1556.616
1557.873
1559.023
1560.158
1561.41
1562.524
1563.708
1564.943
1566.321
1567.488
1568.623
1569.858
1570.985
1572.122
1573.389
1574.531
1575.643
1576.911
1578.022
1579.191
1580.449
1581.603
1582.911
1584.033
1585.152
1586.438
1587.567
1588.703
1589.982
1591.101
1592.236
1593.504
1594.627
1595.965
1597.075
1598.202
1599.316
1600.584
1601.729
1603.013
1604.394
1605.51
1606.65
1607.753
1609.003
1610.178
1611.467
1612.586
1613.917
1615.089
1616.237
1617.46
1618.598
1619.914
1621.036
1622.14
1623.287
1624.543
1625.753
1626.976
1628.142
1629.285
1630.53
1631.675
1632.975
1634.166
1635.443
1637.138
1638.305
1639.606
1640.754
1641.868
1643.124
1644.264
1645.391
1646.648
1647.799
1649.12
1650.248
1651.395
1652.635
1653.745
1654.888
1656.176
1657.315
1658.476
1659.713
1660.828
1661.952
1664.472
1665.863
1667.283
1668.602
1670.127
1671.447
1672.902
1674.447
1675.85
1677.206
1678.589
1679.988
1681.35
1682.741
1684.133
1685.527
1686.893
1688.267
1689.985
1691.351
1692.523
1693.805
1694.893
1696.022
1697.141
1698.438
1700.835
1701.902
1703.003
1704.24
1705.344
1706.523
1707.779
1708.917
1710.022
1711.326
1712.436
1713.613
1714.867
1716.002
1717.294
1718.478
1719.581
1720.828
1722.065
1723.291
1724.441
1725.572
1726.839
1727.96
1729.102
1730.355
1731.49
1732.616
1733.72
1734.987
1736.09
1737.194
1738.504
1739.664
1740.805
1742.043
1743.198
1744.509
1745.659
1746.965
1748.146
1749.409
1750.503
1751.884
1752.985
1754.131
1755.394
1756.526
1757.666
1758.923
1760.146
1761.393
1762.508
1763.635
1764.744
1766.005
1767.148
1768.263
1769.539
1770.686
1771.822
1773.064
1774.219
1775.529
1776.671
1777.814
1779.052
1780.206
1781.525
1782.715
1783.983
1785.105
1786.271
1787.495
1788.606
1789.725
1791.026
1792.181
1793.325
1794.575
1795.703
1796.799
1797.911
1799.195
1800.341
1801.635
1802.77
1803.92
1805.168
1806.339
1807.644
1808.782
1809.914
1811.16
1812.302
1813.431
1814.699
1815.815
1816.961
1818.231
1819.341
1820.516
1821.765
1822.916
1824.041
1825.292
1826.462
1827.739
1828.882
1830.02
1831.277
1832.382
1833.527
1834.804
1835.95
1837.087
1838.362
1839.477
1840.822
1842
1843.274
1844.419
1845.568
1846.802
1847.965
1849.105
1850.324
1851.445
1852.592
1853.867
1855.06
1856.316
1857.473
1858.597
1859.851
1861.012
1862.143
1863.39
1864.509
1865.665
1866.921
1868.085
1869.201
1870.454
1871.553
1872.693
1873.99
1875.104
1876.225
1877.343
1878.595
1879.765
1881.067
1882.232
1883.51
1884.658
1885.803
1887.044
1888.137
1889.258
1890.403
1891.657
1892.775
1893.894
1895.176
1896.289
1897.423
1898.537
1899.784
1900.93
1902.073
1903.336
1904.44
1905.556
1906.697
1907.922
1909.083
1910.222
1911.464
1912.57
1913.712
1915.003
1916.184
1917.452
1918.605
1919.917
1921.115
1922.369
1923.506
1924.641
1925.898
1927.037
1928.191
1929.452
1930.572
1931.711
1932.973
1934.176
1935.444
1936.629
1937.878
1939.014
1940.173
1941.405
1942.63
1943.864
1945.273
1946.656
1948.023
1949.394
1950.803
1951.965
1953.087
1954.312
1956.447
1957.71
1958.909
1960.155
1961.541
1962.758
1964.027
1965.396
1966.763
1968.161
1969.544
1970.909
1972.134
1973.359
1974.576
1975.822
1977.063
1978.296
1979.487
1980.729
1982.12
1983.518
1984.873
1986.104
1987.341
1988.575
1989.858
1991.181
1992.566
1993.959
1995.325
1996.559
1997.816
1999.161
2000.557
2001.925
2003.32
2004.717
2006.072
2007.484
2008.844
2010.241
2011.602
2012.987
2014.391
2015.765
2017.149
2018.532
2019.9
2021.291
2022.502
2023.735
2025.148
2026.511
2027.886
2029.134
2030.386
2031.723
2033.132
2034.494
2035.891
2037.269
2038.636
2039.853
2041.099
2042.301
2043.569
2044.943
2046.187
2047.396
2048.786
2050.163
2051.39
2052.657
2054.002
2055.388
2056.776
2058.151
2059.541
2060.936
2062.306
2063.673
2065.072
2066.441
2067.85
2069.217
2070.6
2071.806
2073.055
2074.44
2075.833
2077.215
2078.581
2079.968
2081.363
2082.725
2084.103
2085.496
2086.893
2088.268
2089.658
2091.029
2092.396
2093.793
2095.271
2096.631
2097.937
2099.315
2100.713
2102.096
2103.485
2104.865
2106.227
2107.473
2108.717
2110.066
2111.466
2112.854
2114.229
2115.609
2116.992
2118.211
2119.445
2120.639
2121.908
2123.121
2124.367
2125.732
2127.111
2128.507
2129.901
2131.285
2132.645
2133.88
2135.117
2136.301
2137.569
2138.955
2140.185
2141.417
2142.812
2144.191
2145.573
2146.946
2148.315
2149.526
2150.781
2152.168
2153.556
2154.922
2156.321
2157.69
2158.905
2160.144
2161.536
2162.75
2163.976
2165.359
2166.751
2168.124
2169.345
2170.604
2171.983
2173.188
2174.422
2175.819
2177.19
2178.596
2179.971
2181.166
2182.437
2183.793
2185.179
2186.568
2187.944
2189.332
2190.702
2191.948
2193.191
2194.581
2195.95
2197.33
2198.71
2200.097
2201.459
2202.839
2204.229
2205.624
2207.003
2208.373
2209.772
2211.145
2212.535
2213.916
2215.299
2216.668
2218.08
2219.435
2220.836
2222.208
2223.604
2224.977
2226.354
2227.75
2229.22
2230.585
2232.193
2233.567
2234.96
2236.328
2237.726
2239.156
2240.604
2242.199
2243.859
2245.368
2246.929
2248.466
2250.046
2251.544
2253.113
2254.763
2256.457
2257.973
2259.663
2261.227
2262.925
2264.606
2266.284
2268.093
2269.671
2271.371
2273.06
2274.57
2276.137
2277.818
2279.553
2281.205
2282.702
2284.29
2285.939
2287.465
2289.027
2290.723
2292.407
2294.082
2295.775
2297.478
2299.159
2300.646
2302.245
2303.91
2305.618
2307.137
2308.805
2310.382
2312.065
2313.563
2315.128
2316.648
2318.206
2319.892
2321.598
2323.28
2324.964
2326.646
2328.354
2330.042
2331.712
2333.404
2334.944
2336.525
2338.169
2339.938
2341.56
2343.24
2344.937
2346.638
2348.322
2349.996
2351.702
2353.385
2355.07
2356.769
2358.444
2360.157
2361.843
2363.516
2365.199
2366.741
2368.283
2369.966
2371.671
2373.365
2375.045
2376.721
2378.407
2379.945
2381.592
2383.238
2384.864
2386.556
2388.259
2389.935
2391.714
2393.325
2395.012
2396.523
2398.103
2399.845
2401.462
2403.001
2404.568
2406.237
2407.926
2409.604
2411.301
2412.975
2414.68
2416.374
2417.876
2419.462
2421.114
2422.813
2424.494
2426.193
2427.868
2429.407
2431.014
2432.733
2434.664
2436.465
2438.33
2440.03
2441.719
2443.421
2445.1
2446.772
2448.287
2449.867
2451.53
2453.238
2454.907
2456.591
2458.138
2459.998
2461.675
2463.354
2465.07
2466.571
2468.242
2469.943
2471.539
2473.265
2475.2
2476.894
2478.583
2480.248
2481.958
2483.64
2485.153
2486.77
2488.394
2489.918
2491.555
2493.162
2494.849
2496.369
2498.018
2499.623
2501.318
2503.002
2504.68
2506.361
2508.065
2509.739
2511.442
2513.129
2514.812
2516.542
2518.205
2519.885
2521.607
2523.272
2524.962
2526.649
2528.337
2530.038
2531.736
2533.396
2535.093
2536.797
2538.51
2540.159
2541.858
2543.543
2545.245
2546.928
2548.6
2550.316
2551.993
2553.692
2555.374
2557.055
2558.748
2560.487
2562.435
2564.451
2566.213
2568.114
2569.804
2571.514
2573.485
2575.241
2576.995
2578.723
2580.554
2582.401
2584.258
2585.994
2587.733
2589.467
2591.328
2593.083
2595.007
2596.464
2598.682
2600.7
2602.364
2604.072
2605.769
2607.451
2609.141
2610.526
2611.903
2613.289
2614.476
2615.726
2616.902
2618.186
2619.581
2620.958
2622.345
2623.739
2625.123
2626.506
2627.891
2629.268
2630.655
2632.011
2633.414
2634.777
2636.16
2637.559
2638.957
2640.329
2641.713
2643.079
2644.476
2645.85
2647.219
2648.616
2649.986
2651.208
2652.501
2653.821
2655.225
2656.585
2657.968
2659.351
2660.733
2662.144
2663.517
2664.895
2666.286
2667.672
2669.049
2670.409
2671.798
2673.194
2674.585
2675.942
2677.33
2678.718
2680.112
2681.494
2682.878
2684.25
2685.631
2687.006
2688.395
2689.78
2691.166
2692.548
2693.92
2695.312
2696.688
2698.064
2699.472
2700.852
2702.224
2703.616
2704.999
2706.362
2707.761
2709.119
2710.515
2711.897
2713.277
2714.649
2716.044
2717.415
2718.643
2719.897
2721.274
2722.643
2724.037
2725.423
2726.784
2728.184
2729.555
2730.951
2732.324
2733.716
2735.095
2736.472
2737.848
2739.086
2740.335
2741.689
2743.084
2744.449
2745.671
2746.926
2748.291
2749.683
2751.075
2752.456
2753.828
2755.219
2756.582
2757.975
2759.212
2760.528
2761.823
2763.21
2764.586
2765.967
2767.337
2768.734
2770.12
2771.498
2772.864
2774.271
2775.765
2777.038
2778.424
2779.788
2781.17
2782.546
2783.951
2785.311
2786.548
2787.768
2789.16
2790.558
2791.954
2793.299
2794.694
2796.065
2797.473
2798.84
2800.232
2801.595
2803.002
2804.369
2805.748
2806.991
2808.228
2809.604
2810.963
2812.363
2813.746
2815.123
2816.494
2817.893
2819.272
2820.64
2822.019
2823.234
2824.487
2825.859
2827.25
2828.632
2830.006
2831.41
2832.8
2834.177
2835.544
2836.948
2838.304
2839.69
2841.078
2842.463
2843.852
2845.24
2846.597
2847.981
2849.389
2850.748
2852.131
2853.37
2854.621
2855.971
2857.353
2858.75
2860.115
2861.515
2862.89
2864.264
2865.674
2867.068
2868.409
2869.819
2871.186
2872.569
2873.963
2875.328
2876.709
2878.095
2879.493
2880.878
2882.26
2883.469
2884.709
2886.102
2887.454
2888.681
2889.936
2891.301
2892.508
2893.759
2895.134
2896.383
2897.599
2898.829
2900.073
2901.455
2902.643
2903.902
2905.295
2906.47
2907.756
2908.96
2910.299
2911.577
2912.789
2914.028
2915.409
2916.587
2917.873
2919.06
2920.348
2921.56
2922.806
2924.028
2925.244
2926.456
2927.706
2928.948
2930.184
2931.401
2932.623
2933.998
2935.183
2936.458
2937.835
2939.016
2940.304
2941.691
2942.883
2944.157
2945.53
2946.923
2948.309
2949.524
2950.746
2951.96
2953.206
2954.41
2955.672
2956.882
2958.128
2959.338
2960.578
2961.802
2963.044
2964.248
2965.502
2966.702
2967.945
2969.164
2970.43
2971.65
2972.993
2974.245
2975.457
2976.713
2978.094
2979.33
2980.539
2981.766
2982.998
2984.21
2985.463
2986.669
2987.939
2989.154
2990.382
2991.603
2992.85
2994.042
2995.292
2996.507
2997.747
2998.967
3000.211
3001.43
3002.671
3004.046
3005.444
3006.658
3007.885
3009.092
3010.339
3011.547
3012.809
3014.186
3015.394
3016.646
3018.025
3019.401
3020.624
3021.862
3023.073
3024.324
3025.722
3026.921
3028.156
3029.551
3030.758
3032.013
3033.215
3034.457
3035.844
3037.046
3038.323
3039.541
3040.757
3042.146
3043.841
3045.302
3046.745
3048.281
3049.744
3051.149
3052.446
3053.81
3055.032
3056.276
3057.67
3058.886
3060.134
3061.509
3062.73
3063.962
3065.332
3066.732
3067.945
3069.306
3070.57
3071.941
3073.145
3074.392
3075.786
3077.012
3078.234
3079.455
3080.713
3081.915
3083.15
3084.383
3085.616
3086.843
3088.064
3089.258
3090.542
3091.748
3092.999
3094.378
3095.589
3096.84
3098.218
3099.423
3100.97
3102.181
3103.44
3104.675
3105.914
3107.275
3108.507
3109.729
3110.901
3112.189
3113.582
3114.803
3116.034
3117.416
3118.781
3120
3121.24
3122.446
3123.713
3125.09
3126.489
3127.858
3129.228
3130.635
3131.813
3133.397
3134.82
3136.242
3137.678
3139.213
3140.702
3142.29
3143.731
3145.36
3146.789
3148.21
3149.644
3151.2
3152.612
3154.065
3155.46
3156.886
3158.266
3159.808
3161.269
3162.725
3164.114
3165.651
3167.024
3168.447
3170.112
3171.511
3172.942
3174.387
3175.945
3177.333
3178.783
3180.187
3181.62
3183.154
3184.607
3186.226
3187.643
3189.105
3190.688
3192.076
3193.576
3195.152
3196.524
3197.975
3199.588
3201.027
3202.474
3204.062
3205.462
3207.13
3208.93
3210.51
3211.938
3213.382
3214.954
3216.358
3217.778
3219.209
3220.795
3222.175
3223.625
3225.035
3226.472
3228.022
3229.444
3230.858
3232.255
3233.851
3235.24
3236.696
3238.152
3239.697
3241.121
3242.769
3244.447
3246.131
3247.57
3249.015
3250.573
3251.961
3253.472
3255.042
3256.436
3257.881
3259.312
3260.886
3262.358
3263.959
3265.374
3266.831
3268.397
3269.814
3271.232
3272.677
3274.237
3275.653
3277.058
3278.535
3280.095
3281.774
3283.205
3284.622
3286.065
3287.616
3289.044
3290.672
3292.046
3293.49
3294.932
3296.516
3297.954
3299.4
3300.959
3302.38
3303.833
3305.264
3306.93
3308.488
3309.981
3311.576
3313.09
3314.646
3316.1
3317.54
3319.161
3320.619
3322.176
3323.63
3325.226
3326.652
3328.106
3329.685
3331.15
3332.582
3334.147
3335.835
3337.344
3338.899
3340.321
3341.811
3343.358
3344.817
3346.44
3347.865
3349.347
3350.887
3352.338
3353.775
3355.332
3356.887
3358.428
3359.857
3361.307
3362.863
3364.315
3365.937
3367.637
3369.031
3370.504
3372.097
3373.572
3375.149
3376.574
3377.996
3379.44
3380.999
3382.393
3383.862
3385.299
3386.82
3388.235
3389.678
3391.281
3392.733
3394.36
3395.808
3397.251
3398.829
3400.25
3401.889
3403.317
3404.774
3406.343
3407.792
3409.228
3410.81
3412.229
3413.882
3415.334
3416.941
3418.389
3420.008
3421.478
3423.078
3424.499
3425.983
3427.577
3429.027
3430.619
3432.288
3433.758
3435.359
3436.837
3438.283
3439.814
3441.335
3442.912
3444.604
3446.271
3447.705
3449.16
3450.749
3452.193
3453.644
3455.178
3456.618
3458.062
3459.637
3461.146
3462.71
3464.519
3466.412
3468.079
3469.52
3471.149
3472.592
3474.073
3475.643
3477.097
3478.684
3480.128
3481.568
3483.137
3484.582
3486.034
3487.586
3489.066
3490.681
3492.099
3493.552
3495.122
3496.601
3498.21
3499.638
3501.085
3502.66
3504.116
3505.712
3507.145
3508.809
3510.241
3511.708
3513.25
3514.705
3516.319
3517.715
3519.184
3520.614
3522.154
3523.592
3524.939
3526.307
3527.684
3529.07
3530.276
3531.522
3532.744
3533.979
3535.21
3536.451
3537.843
3539.224
3540.59
3541.791
3543.129
3544.444
3545.641
3546.89
3548.289
3549.658
3551.029
3552.427
3553.637
3554.871
3556.258
3557.646
3559.021
3560.407
3561.801
3563.177
3564.561
3565.945
3567.168
3568.393
3569.78
3571.166
3572.556
3573.93
3575.295
3577.007
3578.394
3579.761
3581.162
3582.531
3583.914
3585.277
3586.673
3588.051
3589.258
3590.511
3591.891
3593.292
3594.653
3595.892
3597.119
3598.495
3599.723
3600.953
3602.339
3603.545
3604.798
3606.173
3607.564
3608.942
3610.314
3611.533
3612.775
3613.988
3615.23
3616.456
3617.693
3619.076
3620.455
3621.691
3622.919
3624.122
3625.385
3626.588
3627.836
3629.231
3630.609
3631.815
3633.075
3634.299
3635.513
3636.887
3638.274
3639.505
3640.745
3642.151
3643.494
3644.901
3646.275
3647.663
3649.047
3650.408
3651.792
3653.009
3654.246
3655.452
3656.705
3658.108
3659.314
3660.574
3661.942
3663.328
3664.714
3666.085
3667.47
3668.867
3670.246
3671.451
3672.677
3674.068
3675.447
3676.686
3677.924
3679.287
3680.498
3681.776
3683.13
3684.37
3685.588
3686.97
3688.202
3689.494
3690.828
3692.216
3693.595
3694.976
3696.355
3697.73
3698.941
3700.208
3701.58
3702.791
3704.054
3705.426
3706.779
3708.172
3709.572
3710.956
3712.331
3713.718
3715.089
3716.469
3717.684
3718.941
3720.31
3721.538
3722.772
3724.003
3725.211
3726.611
3728.043
3729.417
3730.759
3732.151
3733.915
3735.515
3737.287
3739.032
3740.9
3742.624
3744.586
3746.302
3748.073
3749.974
3751.94
3753.637
3755.338
3757.143
3758.411
3759.783
3761.166
3762.55
3763.944
3765.324
3766.704
3768.085
3769.477
3770.859
3772.241
3773.6
3775.004
3776.384
3777.753
3779.136
3780.517
3781.912
3783.276
3784.659
3786.042
3787.425
3788.812
3790.194
3791.578
3792.963
3794.355
3795.736
3797.108
3798.49
3799.882
3801.254
3802.657
3804.014
3805.402
3806.803
3808.168
3809.551
3810.926
3812.314
3813.697
3815.093
3816.459
3817.861
3819.228
3820.621
3822.012
3823.381
3824.753
3826.151
3827.527
3828.914
3830.287
3831.679
3833.059
3834.449
3835.835
3837.208
3838.601
3839.974
3841.362
3842.729
3844.131
3845.493
3846.888
3848.265
3849.642
3851.174
3852.513
3853.812
3855.173
3856.546
3857.926
3859.311
3860.705
3862.074
3863.471
3864.854
3866.242
3867.623
3869.008
3870.397
3871.777
3873.14
3874.523
3875.926
3877.296
3878.668
3880.056
3881.447
3882.841
3884.217
3885.631
3886.985
3888.346
3889.728
3891.108
3892.501
3893.888
3895.28
3896.64
3898.028
3899.431
3900.809
3902.171
3903.577
3904.956
3906.319
3907.708
3909.081
3910.476
3911.842
3913.25
3914.632
3916.018
3917.375
3918.76
3920.148
3921.546
3922.915
3924.286
3925.689
3927.062
3928.434
3929.822
3931.201
3932.603
3933.963
3935.354
3936.733
3938.113
3939.507
3940.88
3942.28
3943.658
3945.03
3946.426
3947.806
3949.176
3950.551
3951.942
3953.316
3954.72
3956.099
3957.479
3958.853
3960.232
3961.611
3963.008
3964.386
3965.79
3967.151
3968.521
3969.922
3971.298
3972.671
3974.07
3975.457
3976.827
3978.216
3979.593
3980.97
3982.355
3983.731
3985.139
3986.499
3987.904
3989.337
3990.677
3992.049
3993.413
3994.791
3996.192
3997.554
3998.95
4000.324
4001.729
4003.084
4004.484
4005.874
4007.242
4008.619
4010.015
4011.407
4012.769
4014.172
4015.543
4016.928
4018.317
4019.734
4021.138
4022.581
4024.125
4025.566
4026.983
4028.385
4029.805
4031.351
4032.814
4034.225
4035.633
4037.196
4038.672
4040.262
4041.727
4043.353
4044.857
4046.423
4048.091
4049.501
4050.916
4052.331
4053.948
4055.391
4057.025
4058.505
4060.088
4061.774
4063.26
4064.858
4066.331
4067.918
4069.337
4070.772
4072.357
4073.79
4075.215
4076.827
4078.266
4079.709
4081.278
4082.688
4084.162
4085.737
4087.423
4089.101
4090.809
4092.789
4094.517
4096.173
4097.876
4099.564
4101.377
4103.037
4104.716
4106.377
4108.02
4109.711
4111.381
4113.08
4114.773
4116.467
4118.159
4119.883
4121.607
4123.252
4124.897
4126.646
4128.27
4129.961
4131.667
4133.366
4135.037
4136.742
4138.412
4140.097
4141.815
4143.6
4145.317
4147.192
4148.915
4150.604
4152.547
4154.246
4155.937
4157.64
4159.328
4161.049
4162.744
4164.425
4166.132
4167.771
4169.443
4171.126
4172.822
4174.533
4176.212
4177.895
4179.582
4181.281
4182.999
4184.696
4186.657
4188.337
4190.045
4191.713
4193.4
4195.113
4196.847
4198.536
4200.19
4201.848
4203.555
4205.229
4206.926
4208.604
4210.314
4212.072
4214.006
4215.675
4217.362
4219.056
4220.743
4222.456
4224.125
4225.836
4227.526
4229.217
4230.899
4232.582
4234.27
4235.967
4237.66
4239.359
4241.017
4242.792
4244.457
4246.15
4247.778
4249.475
4251.166
4252.851
4254.55
4256.228
4257.941
4259.606
4261.309
4262.985
4264.672
4266.387
4268.105
4269.847
4271.76
4273.762
4275.442
4277.13
4278.834
4280.516
4282.273
4283.989
4285.671
4287.359
4289.063
4290.79
4292.412
4294.088
4296.01
4297.704
4299.394
4301.189
4303.118
4304.81
4306.529
4308.233
4309.858
4311.575
4313.336
4315.209
4316.937
4318.603
4320.295
4322.274
4324.284
4325.962
4327.664
4329.342
4331.039
4332.813
4334.72
4336.46
4338.145
4339.924
4341.807
4343.803
4345.535
4347.289
4349.181
4350.877
4352.676
4354.531
4356.266
4358.043
4359.951
4361.902
4363.639
4365.363
4367.089
4368.976
4370.679
4372.398
4374.117
4375.849
4377.538
4379.428
4381.189
4382.889
4384.643
4386.481
4388.211
4389.94
4391.873
4393.642
4395.553
4397.321
4399.049
4400.945
4402.675
4404.618
4406.393
4408.131
4410.075
4411.991
4413.742
4415.666
4417.37
4419.15
4420.865
4422.585
4424.432
4426.11
4427.861
4429.564
4431.511
4433.246
4435.005
4436.868
4438.563
4440.29
4442.043
4443.711
4445.472
4447.316
4449.319
4451.08
4453.01
4454.791
4456.7
4458.404
4460.127
4461.876
4463.752
4465.448
4467.246
4469.128
4470.88
4472.619
4474.333
4476.197
4477.921
4479.669
4481.357
4483.268
4485.016
4486.738
4488.637
4490.391
4492.121
4494.017
4495.752
4497.478
4499.229
4501.077
4502.794
4504.484
4506.198
4507.922
4509.663
4511.527
4513.324
4515.052
4516.918
4518.671
4520.383
4522.286
4523.977
4526.264
4528.004
4529.781
4531.645
4533.374
4535.079
4536.766
4538.716
4540.442
4542.166
4543.92
4545.776
4547.523
4549.3
4551.168
4552.897
4554.686
4556.53
4558.216
4559.95
4561.657
4563.601
4565.332
4567.049
4568.78
4570.481
4572.34
4574.078
4575.848
4577.729
4579.543
4581.403
4583.219
4585.105
4586.819
4588.583
4590.332
4592.164
4593.898
4595.616
4597.543
4599.252
4601.032
4602.751
4604.448
4606.298
4607.99
4609.685
4611.392
4613.365
4615.351
4617.057
4618.745
4620.447
4622.156
4623.863
4625.578
4627.502
4629.26
4630.949
4632.883
4634.595
4636.382
4638.239
4639.954
4641.712
4643.612
4645.311
4647.074
4648.83
4650.681
4652.426
4654.164
4655.89
4657.766
4659.505
4661.225
4663.13
4664.824
4666.58
4668.353
4670.212
4672.025
4673.9
4675.605
4677.333
4679.062
4680.752
4682.64
4684.469
4686.332
4688.039
4689.791
4691.703
4693.517
4695.388
4697.199
4699.087
4700.796
4702.578
4704.27
4705.965
4707.821
4709.518
4711.259
4713.044
4714.896
4716.685
4718.58
4720.28
4721.97
4723.7
4725.419
4727.194
4729.022
4730.725
4732.462
4734.161
4735.842
4737.868
4739.784
4741.542
4743.485
4745.227
4747.15
4748.932
4750.832
4752.663
4754.828
4756.84
4758.832
4760.521
4762.511
4764.243
4765.961
4767.684
4769.383
4771.283
4773.076
4774.778
4776.656
4778.364
4780.064
4781.81
4783.54
4785.412
4787.156
4788.898
4790.776
4792.47
4794.214
4795.913
4797.66
4799.532
4801.264
4802.968
4804.715
4806.605
4808.612
4810.368
4812.127
4813.97
4815.716
4817.458
4819.343
4821.06
4822.792
4824.53
4826.269
4828.103
4829.88
4831.515
4833.188
4834.911
4836.682
4838.557
4840.293
4842.002
4843.99
4845.737
4847.612
4849.362
4851.613
4853.441
4855.298
4856.971
4858.691
4860.448
4862.371
4864.343
4866.362
4868.456
4870.341
4872.117
4874.03
4875.812
4877.73
4879.718
4881.482
4883.246
4885.109
4886.861
4888.787
4890.471
4892.252
4894.167
4895.977
4897.878
4899.85
4901.573
4903.306
4905.231
4906.981
4908.731
4910.607
4912.397
4914.277
4915.993
4917.722
4919.451
4921.353
4923.076
4924.825
4926.731
4928.447
4930.42
4932.126
4933.92
4935.795
4937.547
4939.476
4941.241
4943.155
4944.892
4946.62
4948.525
4950.525
4952.25
4953.971
4955.714
4957.597
4959.333
4961.294
4963.069
4964.957
4966.673
4968.403
4970.156
4972.021
4973.784
4975.722
4977.452
4979.155
4981.099
4982.87
4984.797
4986.518
4988.46
4990.224
4991.926
4994.247
4996.145
4997.886
4999.822
5001.585
5003.353
5005.216
5006.891
5008.645
5010.373
5012.283
5013.979
5015.756
5017.473
5019.345
5021.071
5022.815
5024.715
5026.447
5028.182
5030.095
5031.813
5033.778
5035.63
5037.482
5039.213
5041.145
5042.874
5044.643
5046.535
5048.291
5050.012
5051.73
5053.584
5055.299
5057.01
5058.714
5060.665
5062.417
5064.353
5066.046
5067.859
5069.717
5071.446
5073.235
5075.113
5076.858
5078.799
5080.571
5082.475
5084.158
5085.908
5087.616
5089.326
5091.221
5093.024
5094.973
5096.757
5098.61
5100.371
5102.115
5103.789
5105.678
5107.421
5109.365
5111.131
5112.858
5114.725
5116.509
5118.414
5120.119
5122.104
5124.112
5125.925
5127.777
5129.523
5131.248
5132.956
5134.854
5136.616
5138.353
5140.245
5141.937
5143.654
5145.415
5147.301
5149.086
5150.997
5152.777
5154.516
5156.369
5158.073
5159.818
5161.57
5163.412
5165.167
5166.9
5168.787
5170.605
5172.48
5174.274
5176.175
5177.924
5179.666
5181.541
5183.293
5185.046
5186.921
5188.61
5190.37
5192.12
5193.977
5195.717
5197.485
5199.381
5201.101
5202.809
5204.545
5206.443
5208.172
5209.919
5211.812
5213.803
5215.629
5217.486
5219.182
5221.186
5223.167
5224.939
5226.698
5228.568
5230.256
5232.016
5233.939
5235.685
5237.451
5239.306
5241.049
5242.986
5244.777
5246.526
5248.371
5250.068
5251.812
5253.59
5255.43
5257.446
5258.937
5260.327
5261.645
5263.048
5264.408
5265.748
5267.123
5268.541
5269.864
5271.263
5272.642
5274.031
5275.407
5276.794
5278.172
5279.563
5280.945
5282.312
5283.695
5285.071
5286.452
5287.834
5289.212
5290.615
5291.987
5293.372
5294.749
5296.153
5297.534
5298.896
5300.297
5301.669
5303.056
5304.444
5305.823
5307.206
5308.616
5309.968
5311.337
5312.719
5314.11
5315.505
5316.891
5318.269
5319.625
5321.028
5322.406
5323.801
5325.172
5326.545
5327.949
5329.311
5330.694
5332.089
5333.463
5334.85
5336.216
5337.623
5339.001
5340.364
5341.76
5343.153
5344.512
5345.905
5347.303
5348.66
5350.047
5351.426
5352.832
5354.212
5355.598
5356.964
5358.341
5359.737
5361.115
5362.803
5364.172
5365.578
5366.969
5368.326
5369.726
5371.095
5372.491
5373.847
5375.253
5376.632
5378.009
5379.392
5380.78
5382.148
5383.545
5384.928
5386.292
5387.695
5389.064
5390.459
5391.835
5393.23
5394.589
5395.981
5397.417
5398.74
5400.126
5401.516
5402.908
5404.267
5405.656
5407.032
5408.421
5409.796
5411.199
5412.563
5413.961
5415.35
5416.73
5418.106
5419.474
5420.875
5422.243
5423.62
5424.997
5426.392
5427.766
5429.16
5430.549
5432.064
5433.394
5434.686
5436.088
5437.463
5438.825
5440.217
5441.598
5442.978
5444.371
5445.761
5447.125
5448.518
5449.911
5451.273
5452.648
5454.061
5455.42
5456.815
5458.195
5459.584
5460.964
5462.343
5463.706
5465.116
5466.518
5467.882
5469.252
5470.633
5472.03
5473.398
5474.79
5476.164
5477.551
5478.914
5480.306
5481.688
5483.092
5484.465
5485.83
5487.214
5488.613
5490.028
5491.412
5492.743
5494.127
5495.529
5496.901
5498.284
5499.657
5501.083
5502.476
5503.814
5505.182
5506.614
5508.009
5509.371
5510.723
5512.12
5513.5
5514.863
5516.262
5517.648
5519.023
5520.389
5521.817
5523.201
5524.557
5525.935
5527.383
5528.818
5530.395
5531.858
5533.304
5534.854
5536.542
5538.012
5539.613
5541.061
5542.681
5544.181
5545.75
5547.258
5548.825
5550.333
5551.904
5553.411
5554.947
5556.457
5558.021
5559.428
5560.898
5562.484
5564.175
5565.675
5567.265
5568.755
5570.333
5571.852
5573.397
5575.09
5576.775
5578.459
5580.218
5581.92
5583.654
5585.542
5587.301
5589.046
5590.725
5592.592
5594.354
5596.104
5597.958
5599.694
5601.365
5603.08
5605.052
5606.726
5608.448
5610.164
5611.927
5613.625
5615.291
5616.973
5618.853
5620.577
5622.252
5623.924
5625.619
5627.334
5629.089
5630.985
5632.73
5634.459
5636.133
5637.84
5639.575
5641.189
5642.932
5644.624
5646.351
5648.185
5649.874
5651.596
5653.257
5654.983
5656.642
5658.369
5660.102
5662.048
5663.786
5665.71
5667.396
5669.086
5670.818
5672.544
5674.193
5675.894
5677.607
5679.527
5681.226
5682.981
5684.722
5686.385
5688.093
5689.754
5691.437
5693.061
5694.739
5696.481
5698.122
5699.805
5701.506
5703.206
5705.011
5706.68
5708.568
5710.263
5711.944
5713.763
5715.404
5717.069
5718.737
5720.461
5722.123
5723.781
5725.774
5727.473
5729.164
5730.909
5732.606
5734.275
5735.958
5737.614
5739.294
5740.973
5742.66
5744.367
5746.049
5748.36
5750.343
5752.066
5753.79
5755.485
5757.125
5758.8
5760.488
5762.17
5763.869
5765.643
5767.386
5769.231
5770.937
5772.687
5774.413
5776.071
5777.746
5779.43
5781.15
5783.05
5784.765
5786.752
5788.453
5790.136
5791.905
5793.821
5795.544
5797.289
5799.193
5800.915
5802.706
5804.563
5806.25
5807.955
5809.664
5811.453
5813.154
5815.01
5816.779
5818.475
5820.122
5822.094
5824.092
5825.815
5827.476
5829.202
5830.826
5832.68
5834.531
5836.534
5838.308
5840.219
5841.906
5843.673
5845.673
5847.583
5849.312
5851.252
5853.27
5855.106
5857.006
5858.784
5860.629
5862.358
5864.171
5865.996
5867.801
5869.692
5871.467
5873.392
5875.382
5877.147
5879.064
5880.817
5882.754
5884.752
5886.551
5888.74
5891.062
5893.12
5895.196
5897.355
5899.353
5901.339
5903.385
5905.446
5907.64
5909.427
5911.339
5913.313
5915.122
5917.096
5919.323
5921.353
5923.6
5925.709
5927.914
5929.946
5932.008
5934.2
5936.504
5938.516
5940.832
5942.938
5944.921
5946.858
5948.808
5950.825
5952.887
5954.859
5956.876
5958.827
5960.92
5963.095
5965.076
5966.859
5968.775
5970.767
5972.573
5974.466
5976.284
5978.137
5979.99
5981.829
5983.835
5985.66
5987.505
5989.5
5991.247
5992.979
5994.894
5996.656
5998.584
6000.305
6002.265
6004.02
6005.766
6007.63
6009.645
6011.42
6013.319
6015.043
6016.799
6018.684
6020.479
6022.376
6024.133
6026.073
6028.055
6030.065
6031.903
6033.755
6035.545
6037.421
6039.21
6041.108
6043.105
6045.103
6047.122
6048.884
6050.602
6052.484
6054.236
6056.005
6057.863
6059.645
6061.355
6063.242
6065.014
6066.933
6068.712
6070.617
6072.364
6074.31
6076.296
6078.283
6080.3
6082.084
6083.97
6085.72
6087.668
6089.664
6091.405
6093.127
6095.048
6097.028
6098.79
6100.729
6102.489
6104.406
6106.187
6108.104
6110.088
6111.914
6114.069
6116.173
6118.081
6120.08
6122.07
6124.067
6125.905
6127.741
6129.546
6131.429
6133.222
6135.136
6136.818
6138.606
6140.488
6142.283
6144.499
6146.319
6148.181
6150.175
6151.961
6153.856
6155.712
6157.561
6159.338
6161.248
6163.23
6165.237
6167.031
6169.533
6171.578
6173.526
6175.332
6177.213
6178.965
6180.9
6182.677
6184.592
6186.353
6188.265
6190.093
6191.959
6193.942
6195.696
6197.636
6199.435
6201.319
6203.122
6205.024
6206.781
6208.707
6210.697
6212.51
6214.384
6216.37
6218.379
6220.2
6222.075
6223.874
6225.748
6227.522
6229.427
6231.232
6233.113
6234.948
6236.809
6238.552
6240.509
6242.333
6244.191
6245.969
6247.876
6249.689
6251.572
6253.55
6255.349
6257.235
6259.011
6260.926
6262.745
6264.658
6266.619
6268.401
6270.31
6272.096
6273.977
6275.813
6277.671
6279.484
6281.367
6283.136
6285.043
6286.786
6288.545
6290.428
6292.418
6294.249
6296.093
6297.895
6299.796
6301.584
6303.493
6305.259
6307.157
6309.15
6311.167
6313.149
6314.943
6316.841
6318.847
6320.546
6322.342
6324.228
6326.049
6327.928
6329.722
6331.704
6333.587
6335.383
6337.257
6339.068
6340.949
6342.758
6344.641
6346.649
6348.446
6350.339
6352.124
6354.012
6355.801
6357.721
6359.492
6361.374
6363.145
6364.901
6366.767
6368.581
6370.446
6372.243
6374.119
6375.943
6377.889
6379.803
6381.546
6383.355
6385.032
6386.892
6388.585
6390.392
6392.339
6394.245
6396.005
6397.952
6399.723
6401.615
6403.627
6405.451
6407.315
6409.096
6410.993
6412.758
6414.694
6416.507
6418.203
6420.555
6422.352
6424.179
6425.886
6427.758
6429.548
6431.443
6433.441
6435.417
6437.251
6439.1
6440.924
6442.786
6444.801
6446.783
6448.588
6450.789
6452.768
6454.599
6456.482
6458.293
6460.155
6461.948
6463.839
6465.682
6467.54
6469.318
6471.202
6473.194
6474.992
6476.905
6478.707
6480.585
6482.578
6484.582
6486.335
6488.267
6490.274
6492.248
6494.246
6496.025
6497.96
6499.925
6501.732
6503.614
6505.611
6507.393
6509.312
6511.144
6513.136
6514.991
6516.756
6518.494
6520.354
6522.102
6524.037
6525.793
6527.513
6529.436
6531.233
6533.104
6534.814
6536.613
6538.483
6540.251
6542.19
6544.189
6545.978
6547.866
6549.645
6551.548
6553.365
6555.235
6557.022
6558.929
6560.93
6562.909
6564.909
6566.675
6568.612
6570.403
6572.279
6574.269
6576.078
6577.975
6579.78
6581.646
6583.461
6585.373
6587.35
6589.117
6591.018
6592.852
6594.699
6596.483
6598.412
6600.201
6602.093
6603.882
6605.597
6607.515
6609.464
6611.451
6613.441
6615.173
6616.951
6618.812
6620.65
6622.515
6624.523
6626.519
6628.308
6630.208
6632.024
6633.951
6635.871
6637.869
6639.674
6641.566
6643.568
6645.555
6647.563
6649.318
6651.223
6653.035
6654.927
6656.74
6658.625
6660.425
6662.307
6664.119
6665.975
6667.772
6669.676
6671.667
6673.672
6675.493
6677.345
6679.146
6681.06
6683.029
6685.076
6687.035
6688.87
6690.705
6692.547
6694.516
6696.396
6698.214
6700.089
6701.897
6703.758
6705.612
6707.456
6709.225
6711.145
6713.459
6715.451
6717.222
6719.133
6720.98
6722.821
6724.614
6726.504
6728.322
6730.243
6732.302
6734.218
6736.006
6737.862
6739.659
6741.545
6743.406
6745.246
6747.245
6749.038
6750.926
6752.725
6755.221
6757.014
6759.012
6760.906
6762.738
6764.584
6766.594
6768.408
6770.29
6772.277
6774.054
6775.956
6777.767
6779.688
6781.656
6783.476
6785.339
6787.105
6789.027
6790.832
6792.717
6794.553
6796.233
6797.932
6799.77
6801.529
6803.279
6805.139
6806.859
6808.593
6810.314
6812.051
6813.728
6815.651
6817.349
6819.286
6820.999
6822.653
6824.496
6826.356
6828.027
6829.804
6831.528
6833.213
6834.924
6836.78
6838.572
6840.29
6842.166
6843.866
6845.596
6847.263
6849.027
6850.746
6852.614
6854.347
6856.086
6857.987
6859.712
6861.448
6863.364
6865.045
6866.793
6868.744
6870.49
6872.228
6873.9
6875.798
6877.629
6879.491
6881.187
6882.884
6884.632
6886.339
6888.067
6889.769
6891.626
6893.31
6895.051
6897
6898.742
6900.462
6902.187
6903.88
6905.754
6907.47
6909.209
6910.941
6912.909
6914.827
6916.512
6918.242
6919.969
6921.706
6923.581
6925.328
6927.094
6928.941
6930.692
6932.436
6934.322
6936.337
6938.052
6939.709
6941.702
6943.699
6945.45
6947.389
6949.18
6951.078
6952.835
6954.758
6956.784
6958.768
6960.781
6962.737
6964.596
6966.446
6968.112
6969.872
6971.8
6973.583
6975.312
6977.198
6978.887
6980.616
6982.35
6984.253
6986.022
6987.734
6989.431
6991.31
6993.006
6994.722
6996.687
6998.432
7000.196
7002.069
7003.925
7005.757
7007.482
7009.217
7010.927
7012.616
7014.503
7016.189
7017.977
7019.714
7021.892
7023.652
7025.569
7027.277
7029.067
7030.935
7032.702
7034.46
7036.312
7038.017
7039.759
7041.513
7043.383
7045.684
7047.521
7049.394
7051.147
7052.874
7054.567
7056.462
7058.459
7060.164
7062.123
7063.904
7065.615
7067.505
7069.229
7070.989
7072.887
7074.672
7076.572
7078.367
7080.266
7081.941
7083.777
7085.639
7087.371
7089.152
7090.993
7092.785
7094.693
7096.522
7098.388
7100.087
7101.79
7103.553
7105.295
7107.144
7108.819
7110.622
7112.319
7114.207
7115.936
7117.894
7119.64
7121.364
7123.102
7124.965
7126.754
7128.471
7130.337
7132.036
7133.758
7135.483
7137.232
7139.098
7140.853
7142.634
7144.477
7146.264
7148.161
7149.853
7151.547
7153.294
7155.024
7156.713
7158.596
7160.269
7162.066
7163.976
7165.778
7167.654
7169.348
7171.053
7172.773
7174.51
7176.217
7178.108
7179.91
7181.803
7183.612
7185.478
7187.264
7188.996
7191.253
7193.16
7194.937
7196.67
7198.372
7200.225
7201.933
7203.678
7205.419
7207.275
7208.983
7210.734
7212.507
7214.345
7216.093
7217.889
7219.74
7221.488
7223.41
7225.111
7226.856
7228.781
7230.619
7232.484
7234.218
7235.931
7237.663
7239.648
7241.358
7243.543
7245.366
7247.232
7248.988
7250.906
7252.627
7254.389
7256.273
7258.03
7259.961
7261.685
7263.652
7265.416
7267.128
7269.027
7270.789
7272.707
7274.731
7276.549
7278.399
7280.164
7281.885
7283.622
7285.474
7287.468
7289.179
7290.944
7292.69
7294.524
7296.218
7298.05
7300.01
7301.739
7303.595
7305.317
7307.054
7308.786
7310.675
7312.365
7314.126
7316.054
7317.775
7319.725
7321.506
7323.241
7325.087
7326.82
7328.586
7330.31
7332.162
7333.942
7335.865
7337.634
7339.332
7341.06
7342.924
7344.657
7346.418
7348.281
7349.974
7351.767
7353.509
7355.351
7357.139
7358.866
7360.799
7362.733
7364.72
7366.508
7368.411
7370.129
7371.886
7373.605
7375.478
7377.211
7378.952
7380.853
7382.563
7384.3
7386.092
7387.937
7389.646
7391.379
7393.291
7395.129
7396.977
7398.743
7400.469
7402.352
7404.086
7405.8
7407.54
7409.424
7411.211
7412.947
7414.798
7416.558
7418.301
7420.167
7422
7423.871
7425.598
7427.335
7429.249
7431.236
7433.05
7434.917
7436.675
7438.462
7440.312
7442.126
7443.978
7445.759
7447.667
7449.489
7451.359
7453.354
7455.344
7457.342
7459.09
7460.854
7462.723
7464.44
7466.437
7468.402
7470.398
7472.203
7474.105
7475.864
7477.789
7479.596
7481.627
7483.463
7485.451
7487.265
7489.15
7490.892
7492.837
7494.631
7496.512
7498.838
7500.823
7502.833
7504.805
7506.59
7508.496
7510.229
7512.018
7513.874
7515.72
7517.573
7519.3
7521.06
7522.933
7524.706
7526.616
7528.392
7530.319
7532.122
7534.002
7535.742
7537.518
7539.386
7541.373
7543.174
7545.075
7546.876
7548.784
7550.571
7552.451
7554.194
7556.182
7558.125
7559.875
7561.604
7563.502
7565.255
7567.182
7568.993
7570.869
7572.664
7574.553
7576.325
7578.056
7579.932
7581.717
7583.608
7585.435
7587.306
7589.061
7590.986
7592.758
7594.995
7596.823
7598.662
7600.459
7602.406
7604.164
7606.03
7607.793
7609.531
7611.412
7613.223
7615.092
7616.822
7618.568
7620.479
7622.206
7623.999
7625.858
7627.568
7629.39
7631.229
7632.997
7634.932
7636.635
7638.397
7640.301
7642.082
7643.988
7645.803
7647.658
7649.435
7651.163
7653.045
7654.803
7656.839
7658.734
7660.493
7662.452
7664.226
7666.098
7667.926
7669.783
7671.512
7673.232
7674.992
7676.845
7678.656
7680.556
7682.313
7684.027
7685.925
7687.674
7689.435
7691.294
7693.022
7694.966
7696.739
7698.671
7700.4
7702.128
7704.051
7705.8
7707.728
7709.463
7711.199
7713.114
7714.896
7716.795
7718.575
7720.465
7722.213
7724.175
7725.962
7727.849
7729.596
7731.539
7733.335
7735.238
7736.936
7738.696
7740.418
7742.103
7743.974
7745.726
7747.484
7749.183
7751.052
7752.789
7754.551
7756.413
7758.229
7760.097
7761.851
7763.619
7765.479
7767.243
7769.172
7770.967
7772.845
7774.842
7776.843
7778.667
7780.544
7782.353
7784.302
7786.049
7787.902
7789.674
7791.597
7793.345
7795.291
7797.011
7798.765
7800.66
7802.412
7804.164
7806.023
7807.881
7809.73
7811.559
7813.406
7815.169
7817.099
7818.841
7820.792
7822.793
7824.779
7826.594
7828.475
7830.198
7831.987
7833.843
7835.583
7837.578
7839.348
7841.218
7843.21
7845.194
7847.496
7849.253
7851.004
7852.881
7854.929
7856.687
7858.555
7860.314
7862.37
7864.264
7865.98
7867.758
7869.683
7871.616
7873.628
7875.418
7877.301
7879.027
7880.766
7882.697
7884.417
7886.196
7888.067
7890.063
7891.845
7893.743
7895.733
7898.361
7900.342
7902.099
7904.029
7906.048
7907.798
7909.726
7911.486
7913.412
7915.161
7917.086
7918.902
7920.803
7922.583
7924.452
7926.217
7928.156
7929.975
7931.843
7933.837
7935.526
7937.519
7939.518
7941.267
7943.194
7944.897
7946.6
7948.36
7950.28
7952.042
7953.951
7955.774
7957.651
7959.639
7961.422
7963.36
7965.336
7967.313
7969.103
7970.832
7972.71
7974.491
7976.39
7978.182
7980.064
7981.832
7983.762
7985.747
7987.528
7989.438
7991.435
7993.427
7995.269
7997.131
7998.927
8000.82
8002.594
8004.49
8006.276
8008.166
8010.263
8012.198
8013.988
8015.874
8017.59
8019.545
8021.344
8023.225
8025.02
8026.974
8028.913
8030.632
8032.435
8034.279
8036.056
8037.785
8039.673
8041.422
8043.355
8045.156
8047.028
8048.811
8050.73
8052.529
8054.401
8056.42
8058.211
8060.102
8062.447
8064.393
8066.136
8068.085
8069.873
8071.836
8073.617
8075.449
8077.224
8078.965
8080.837
8082.568
8084.36
8086.252
8088.221
8090.018
8091.886
8093.667
8095.586
8097.352
8099.257
8101.01
8102.941
8104.778
8106.651
8108.454
8110.341
8112.107
8114.013
8115.734
8117.501
8119.401
8121.133
8123.078
8124.876
8126.77
8128.522
8130.437
8132.198
8133.958
8135.825
8137.649
8139.509
8141.35
8143.205
8144.969
8146.885
8148.882
8150.733
8152.573
8154.415
8156.25
8158.019
8159.739
8161.62
8163.699
8166.04
8168.348
8170.595
8172.854
8175.142
8177.245
8179.435
8181.589
8183.456
8185.265
8187.138
8188.944
8190.817
8192.59
8194.499
8196.268
8198.209
8200.176
8201.911
8203.661
8205.383
8207.359
8209.239
8210.959
8212.729
8214.622
8216.421
8218.317
8220.097
8221.99
8223.798
8225.688
8227.459
8229.377
8231.119
8233.07
8234.836
8236.745
8238.737
8240.736
8242.873
8244.78
8246.742
8248.465
8250.252
8252.092
8253.834
8255.629
8257.475
8259.198
8260.997
8262.871
8264.648
8266.536
8268.528
8270.337
8272.552
8274.353
8276.218
8277.962
8279.76
8281.593
8283.35
8285.283
8287.266
8289.07
8291.038
8292.978
8294.738
8296.641
8298.472
8300.337
8302.182
8304.009
8305.761
8307.542
8309.397
8311.153
8313.083
8314.844
8316.587
8318.462
8320.221
8322.148
8324.452
8326.272
8328.164
8330.166
8332.143
8333.91
8335.804
8337.805
8339.823
8341.603
8343.503
8345.627
8347.529
8349.483
8351.498
8353.285
8355.167
8356.962
8358.865
8360.662
8362.595
8364.527
8366.301
8368.066
8369.93
8371.72
8373.597
8375.379
8377.287
8379.278
8381.025
8382.744
8384.728
8386.648
8388.402
8390.349
8392.15
8394.035
8395.804
8397.73
8399.515
8401.402
8403.146
8404.872
8406.778
8408.545
8410.297
8412.165
8413.971
8415.837
8417.594
8419.527
8421.303
8423.221
8424.955
8426.747
8428.591
8430.589
8432.414
8434.286
8436.088
8437.956
8439.675
8441.439
8443.474
8445.346
8447.331
8449.142
8451.082
8453.004
8454.83
8456.713
8458.526
8460.383
8462.135
8464.085
8465.842
8467.772
8469.773
8471.544
8473.486
8475.277
8477.22
8479.138
8481.129
8483.114
8484.946
8486.8
8488.554
8490.498
8492.34
8494.19
8495.995
8497.872
8499.858
8501.665
8503.543
8505.309
8507.237
8509.029
8511.037
8512.962
8515.235
8517.233
8519.023
8520.907
8522.921
8524.917
8526.889
8528.699
8530.589
8532.435
8534.272
8536.063
8537.967
8539.699
8541.488
8543.33
8545.098
8547.036
8548.756
8550.711
8552.471
8554.41
8556.177
8558.099
8560.142
8562.099
8564.06
8565.835
8567.776
8569.76
8571.82
8573.747
8575.479
8577.248
8579.118
8581.133
8582.914
8584.824
8586.576
8588.501
8590.494
8592.503
8594.498
8596.498
8598.484
8600.478
8602.299
8604.154
8605.959
8607.851
8609.667
8611.543
8613.536
8615.369
8617.215
8619.214
8621.224
8623.03
8624.904
8626.688
8628.574
8630.341
8632.313
8634.263
8636.103
8637.978
8639.968
8641.696
8643.631
8645.44
8647.336
8649.169
8651.315
8653.474
8655.317
8657.103
8658.989
8660.998
8662.769
8664.679
8666.687
8668.485
8670.358
8672.15
8674.05
8675.803
8677.747
8679.514
8681.418
8683.217
8685.119
8686.889
8688.791
8690.567
8692.555
8694.48
8696.269
8698.185
8699.984
8701.856
8703.631
8705.544
8707.531
8709.382
8711.525
8713.539
8715.532
8717.316
8719.209
8720.953
8722.893
8724.672
8726.403
8728.287
8730.281
8732.057
8733.956
8735.729
8737.648
8739.466
8741.343
8743.341
8745.335
8747.075
8749.029
8750.772
8752.728
8754.712
8756.819
8758.734
8760.756
8762.69
8764.694
8766.466
8768.378
8770.364
8772.182
8774.046
8776.208
8778.37
8780.138
8782.037
8783.852
8785.731
8787.54
8789.402
8791.198
8793.105
8795.183
8797.08
8799.096
8800.873
8802.768
8804.544
8806.454
8808.558
8810.468
8812.294
8814.457
8816.207
8818.146
8819.905
8821.815
8823.667
8825.51
8827.524
8829.505
8831.331
8833.203
8835.202
8836.978
8838.883
8840.668
8842.584
8844.571
8846.347
8848.233
8850.041
8851.939
8853.718
8855.612
8857.61
8859.342
8861.131
8862.983
8864.756
8866.69
8868.485
8870.655
8873.021
8874.997
8876.792
8878.649
8880.472
8882.354
8884.111
8886.042
8887.784
8889.724
8891.459
8893.413
8895.23
8897.075
8898.915
8900.778
8902.782
8904.602
8906.464
8908.459
8910.276
8912.148
8913.904
8915.654
8917.522
8919.52
8921.29
8923.191
8924.982
8926.879
8928.67
8930.636
8932.561
8934.572
8936.372
8938.254
8940.05
8941.936
8943.712
8945.644
8947.436
8949.393
8951.321
8953.059
8955.015
8956.784
8958.682
8960.502
8962.428
8964.372
8966.137
8968.07
8969.856
8971.746
8973.734
8975.534
8977.722
8979.577
8981.409
8983.425
8985.213
8987.111
8988.902
8990.777
8992.796
8994.78
8996.792
8998.784
9000.601
9002.449
9004.759
9007.236
9009.377
9011.675
9013.998
9016.296
9018.582
9020.902
9023.22
9025.492
9027.793
9030.119
9032.412
9034.723
9037.03
9039.336
9041.626
9044
9046.245
9048.544
9050.857
9053.792
9056.211
9058.41
9060.688
9062.983
9065.284
9067.597
9069.908
9072.202
9074.525
9076.807
9078.655
9080.504
9082.278
9084.21
9086.175
9088.166
9090.015
9091.859
9093.857
9095.651
9097.385
9099.235
9101.039
9102.905
9104.911
9106.733
9108.684
9110.586
9112.412
9114.277
9116.277
9118.307
9120.278
9122.038
9123.962
9125.958
9127.753
9129.657
9131.486
9133.382
9135.316
9137.14
9139.018
9140.852
9142.715
9144.518
9146.376
9148.179
9150.086
9152.104
9154.079
9155.871
9157.744
9159.562
9161.448
9163.23
9165.116
9166.87
9168.806
9170.812
9172.623
9174.5
9176.496
9178.34
9180.173
9181.997
9183.866
9185.874
9187.688
9189.605
9191.548
9193.543
9195.308
9197.244
9199.24
9201.215
9203.013
9204.914
9206.725
9208.6
9210.445
9212.347
9214.28
9216.128
9217.966
9219.976
9221.792
9223.714
9225.656
9227.641
9229.44
9231.328
9233.127
9235.147
9237.114
9239.014
9240.842
9242.712
9244.457
9246.458
9248.373
9250.196
9252.684
9254.696
9256.667
9258.453
9260.361
9262.168
9264.045
9265.846
9267.798
9269.739
9271.546
9273.426
9275.405
9277.245
9279.111
9280.94
9282.844
9284.791
9286.588
9288.466
9290.226
9292.004
9293.959
9295.852
9297.922
9299.833
9301.638
9303.525
9305.264
9307.031
9308.894
9310.735
9312.608
9314.586
9316.36
9318.351
9320.279
9322.038
9323.949
9325.739
9327.641
9329.466
9331.319
9333.148
9335.013
9336.803
9338.702
9340.689
9342.501
9344.387
9346.398
9348.189
9350.058
9351.852
9353.768
9355.596
9357.474
9359.462
9361.25
9363.135
9364.907
9366.811
9368.6
9370.496
9372.32
9374.257
9376.172
9377.978
9379.883
9381.678
9383.557
9385.319
9387.249
9389.249
9391.236
9393.039
9394.926
9396.683
9398.595
9400.386
9402.286
9404.017
9405.996
9407.818
9409.654
9411.454
9413.342
9415.166
9417.04
9419.047
9421.041
9423.021
9425.339
9427.455
9429.641
9431.733
9433.928
9436.242
9438.355
9440.556
9442.56
9445.152
9447.441
9449.479
9451.767
9453.763
9455.744
9457.748
9459.829
9462.404
9464.731
9467.284
9469.38
9471.624
9473.883
9476.022
9477.873
9479.87
9481.848
9483.867
9485.863
9487.688
9489.652
9491.545
9493.345
9495.225
9496.965
9498.9
9500.676
9502.594
9504.378
9506.274
9508.024
9509.821
9511.671
9513.665
9515.489
9517.35
9519.167
9521.024
9523.041
9524.842
9526.704
9528.5
9530.412
9532.414
9534.213
9536.115
9538.081
9540.082
9541.911
9543.779
9545.77
9547.564
9549.454
9551.458
9553.427
9555.197
9557.123
9558.972
9560.883
9562.807
9564.58
9566.503
9568.5
9570.273
9572.183
9574.004
9575.882
9577.858
9579.853
9581.845
9583.923
9585.837
9587.857
9589.846
9591.857
9593.841
9595.848
9597.822
9599.821
9601.857
9603.828
9605.826
9607.643
9609.516
9611.493
9613.502
9615.342
9617.181
9618.95
9620.89
9622.879
9624.696
9626.555
9628.367
9630.853
9632.847
9634.866
9636.689
9638.555
9640.521
9642.536
9644.527
9646.529
9648.531
9650.532
9652.506
9654.343
9656.221
9658.201
9659.994
9662.189
9663.935
9665.879
9667.6
9669.564
9671.404
9673.322
9675.264
9677.253
9679.235
9681.248
9683.072
9684.931
9686.913
9688.76
9690.693
9692.632
9694.595
9696.642
9698.631
9700.639
9702.396
9704.276
9706.108
9707.984
9709.804
9711.644
9713.664
9715.663
9717.476
9719.43
9721.655
9723.646
9725.621
9727.436
9729.412
9731.328
9733.301
9735.296
9737.308
9739.31
9741.132
9743.024
9744.997
9746.991
9748.979
9750.965
9752.965
9754.795
9756.67
9758.664
9760.654
9762.637
9764.645
9766.653
9768.644
9770.629
9772.631
9774.43
9776.32
9778.328
9780.324
9782.299
9784.152
9786.033
9787.989
9789.841
9791.695
9793.681
9795.662
9797.681
9799.664
9801.503
9803.349
9805.354
9807.359
9809.346
9811.157
9813.025
9815.023
9817.041
9819.016
9820.832
9822.738
9824.713
9826.727
9828.704
9830.713
9832.682
9834.705
9836.692
9838.462
9840.369
9842.372
9844.383
9846.353
9848.351
9850.349
9852.359
9854.354
9856.354
9858.34
9860.645
9862.652
9864.639
9866.448
9868.319
9870.335
9872.314
9874.431
9876.63
9878.63
9880.632
9882.632
9884.627
9886.688
9888.614
9890.614
9892.922
9894.921
9896.904
9898.724
9900.6
9902.596
9904.591
9906.581
9908.574
9910.567
9912.578
9914.554
9916.554
9918.552
9920.355
9922.295
9924.232
9926.293
9928.242
9930.062
9931.959
9933.924
9935.925
9937.903
9939.899
9941.745
9943.663
9945.605
9947.419
9949.324
9951.274
9953.271
9955.103
9956.951
9958.961
9960.954
9962.959
9964.955
9966.938
9968.94
9970.926
9972.931
9974.944
9976.936
9978.923
9980.926
9982.725
9984.596
9986.598
9988.444
9990.296
9992.303
9994.301
9996.131
9998.109
10000.013
10001.963
10003.75
10005.645
10007.662
10009.639
10011.65
10013.65
10015.652
10017.665
10019.642
10021.673
10023.731
10025.783
10027.936
10029.926
10031.908
10033.912
10035.905
10037.905
10039.908
10041.66
10043.594
10045.584
10047.6
10049.582
10051.596
10053.575
10055.585
10057.562
10059.586
10061.554
10063.569
10065.869
10068.157
10070.159
10072.18
10074.199
10076.169
10078.144
10080.14
10082.155
10084.153
10086.17
10088.151
10090.142
10092.121
10093.974
10095.829
10097.601
10099.508
10101.492
10103.495
10105.337
10107.204
10109.185
10111.17
10113.18
10114.984
10116.872
10118.86
10121.197
10123.203
10125.183
10127.146
10129.138
10131.153
10133.153
10135.15
10137.135
10138.961
10141.142
10143.125
10145.128
10147.132
10149.124
10151.108
10152.921
10154.801
10156.797
10158.808
10160.786
10162.786
10164.793
10166.562
10168.474
10170.488
10172.517
10174.462
10176.318
10178.148
10180.154
10182.133
10183.954
10185.844
10187.842
10189.829
10191.625
10193.528
10195.497
10197.331
10199.184
10201.035
10202.885
10204.881
10206.958
10208.878
10210.705
10212.629
10214.606
10216.561
10218.386
10220.325
10222.235
10224.058
10225.988
10227.919
10229.916
10231.912
10233.74
10235.635
10237.601
10239.422
10241.271
10243.314
10245.598
10247.897
10249.997
10251.872
10253.881
10255.883
10257.865
10259.68
10261.569
10263.567
10265.562
10267.846
10270.164
10272.156
10274.143
10276.23
10278.158
10280.14
10282.136
10283.94
10285.837
10287.615
10289.529
10291.504
10293.497
10295.505
10297.298
10299.193
10301.194
10303.183
10305.175
10307.184
10309.188
10311.187
10313.157
10314.977
10316.856
10318.852
10320.635
10322.543
10324.548
10326.521
10328.539
10330.52
10332.511
10334.516
10336.344
10338.206
10340.206
10342.202
10344.195
10346.211
10348.035
10350.005
10351.889
10353.878
10355.873
10357.88
10359.674
10361.542
10363.547
10365.647
10368.473
10370.459
10372.472
10374.464
10376.24
10378.148
10380.131
10381.949
10383.954
10385.838
10387.833
10389.839
10391.817
10393.812
10395.797
10397.637
10399.484
10401.331
10403.209
10405.171
10407.163
10409.158
10410.982
10412.858
10414.683
10416.619
10418.551
10420.376
10422.246
10424.073
10425.916
10427.727
10429.604
10431.424
10433.37
10435.36
10437.271
10439.035
10440.967
10442.982
10444.773
10446.668
10448.668
10450.433
10452.349
10454.132
10455.833
10457.699
10459.462
10461.497
10463.397
10465.145
10466.829
10468.561
10470.287
10472.158
10473.848
10475.575
10477.291
10479.067
10480.892
10482.69
10484.602
10486.594
10488.322
10490.291
10492.096
10493.969
10495.748
10497.655
10499.483
10501.331
10503.163
10505.048
10507.029
10509.331
10511.132
10513.09
10515.002
10517.012
10519.005
10520.829
10522.682
10524.681
10526.452
10528.366
10530.156
10532.08
10533.872
10535.744
10537.741
10539.734
10541.57
10543.418
10545.427
10547.408
10549.199
10551.116
10552.898
10554.791
10556.786
10558.579
10560.469
10562.324
10564.16
10566.171
10568.145
10570.141
10572.153
10574.134
10575.946
10577.833
10579.608
10581.519
10583.267
10585.503
10587.833
10589.84
10591.812
10593.91
10596.135
10598.399
10600.726
10603.009
10605.377
10608.23
10610.293
10612.324
10614.536
10616.61
10618.847
10620.993
10623.146
10625.147
10627.138
10629.144
10631.137
10633.139
10635.424
10637.434
10639.278
10641.151
10643.114
10645.419
10647.403
10649.198
10651.118
10653.097
10654.924
10656.786
10658.776
10660.794
10662.775
10664.769
10666.761
10668.758
10670.779
10672.768
10674.757
10676.748
10678.577
10680.466
10682.45
10684.424
10686.264
10688.153
10690.197
10692.099
10694.111
10696.109
10698.117
10699.901
10701.781
10703.772
10705.788
10707.781
10709.767
10711.578
10713.47
10715.207
10717.138
10719.132
10720.943
10722.833
10724.609
10726.525
10728.507
10730.5
10732.255
10734.04
10735.913
10737.687
10739.582
10741.318
10743.057
10744.967
10746.719
10748.633
10750.632
10752.35
10754.314
10756.064
10757.797
10759.517
10761.408
10763.393
10765.163
10766.89
10768.76
10770.554
10772.434
10774.159
10775.874
10777.594
10779.506
10781.19
10783.01
10784.965
10786.877
10788.878
10790.886
10792.872
10794.675
10796.554
10798.386
10800.322
10802.252
10804.061
10805.947
10807.771
10809.627
10811.641
10813.602
10815.416
10817.291
10819.104
10821.002
10822.758
10824.491
10826.376
10828.364
10830.348
10832.172
10834.084
10836.026
10838.049
10840.02
10842.016
10844.132
10846.017
10848.035
10850.013
10852.014
10853.801
10855.703
10857.691
10859.684
10861.695
10863.493
10865.397
10867.373
10869.376
10871.356
10873.369
10875.348
10877.353
10879.361
10881.172
10882.856
10884.728
10886.518
10888.404
10890.414
10892.194
10894.103
10896.118
10898.092
10900.096
10902.076
10903.901
10905.785
10907.786
10909.778
10911.755
10913.589
10915.461
10917.285
10919.138
10920.856
10922.629
10924.503
10926.503
10928.518
10930.5
10932.62
10934.533
10936.488
10938.505
10940.506
10942.495
10944.48
10946.322
10948.215
10950.152
10952.176
10954.146
10956.149
10957.952
10959.662
10961.528
10963.321
10965.226
10967.218
10969.033
10970.904
10972.896
10974.89
10976.606
10978.313
10980.271
10982.28
10984.282
10986.262
10988.247
10990.093
10992.246
10994.241
10996.061
10997.937
10999.947
11001.932
11003.925
11005.689
11007.6
11009.447
11011.326
11013.127
11014.973
11016.776
11018.677
11020.671
11022.689
11024.682
11026.476
11028.352
11030.128
11032.033
11033.856
11035.711
11037.725
11039.716
11041.716
11043.567
11045.415
11047.148
11048.891
11050.794
11052.789
11054.776
11056.756
11058.759
11060.766
11062.592
11064.486
11066.444
11068.274
11070.139
11072.137
11073.95
11075.814
11077.63
11079.499
11081.511
11083.48
11085.304
11087.194
11088.932
11090.866
11092.669
11094.601
11096.553
11098.393
11100.228
11102.239
11104.221
11105.977
11107.93
11109.933
11111.913
11113.895
11115.744
11117.69
11119.606
11121.583
11123.589
11126.206
11128.182
11130.204
11132.02
11133.888
11135.863
11137.877
11139.867
11141.639
11143.551
11145.547
11147.333
11149.256
11151.056
11152.93
11154.914
11156.748
11158.606
11160.394
11162.283
11164.057
11165.968
11167.963
11169.749
11171.665
11173.665
11175.644
11177.505
11179.369
11181.326
11183.328
11185.384
11187.403
11189.348
11191.13
11193.004
11195.002
11197.012
11199.018
11200.992
11202.991
11204.99
11207.006
11208.981
11210.991
11212.997
11214.967
11216.962
11218.986
11220.982
11222.953
11224.973
11226.962
11228.964
11230.791
11232.943
11235.042
11236.998
11238.928
11240.738
11242.616
11244.617
11246.626
11248.621
11250.615
11252.62
11254.603
11256.596
11258.399
11260.289
11262.294
11264.276
11266.107
11268.292
11270.273
11272.09
11274.074
11275.972
11277.946
11279.802
11281.805
11283.632
11285.47
11287.355
11289.318
11291.126
11293.045
11295.033
11297.015
11299.014
11300.995
11302.995
11304.977
11306.818
11308.727
11310.66
11312.664
11314.658
11316.39
11318.374
11320.35
11322.132
11324.14
11326.069
11328.02
11330.355
11332.342
11334.153
11335.854
11337.704
11339.709
11341.706
11343.527
11345.399
11347.215
11349.065
11351.097
11353.083
11355.062
11357.076
11358.819
11360.563
11362.441
11364.425
11366.157
11368.123
11369.908
11371.798
11373.586
11375.513
11377.486
11379.303
11381.17
11382.941
11384.853
11386.639
11388.566
11390.382
11392.249
11394.234
11396.015
11397.914
11399.72
11401.621
11403.442
11405.284
11407.128
11408.977
11410.983
11412.777
11414.659
11416.674
11418.474
11420.338
11422.125
11424.032
11426.019
11427.776
11429.726
11431.489
11433.42
11435.168
11437.086
11438.87
11440.8
11442.795
11444.765
11446.539
11448.457
11450.263
11452.13
11453.924
11455.848
11457.667
11459.511
11461.343
11463.189
11464.936
11466.741
11468.59
11470.573
11472.567
11474.588
11476.571
11478.561
11480.398
11482.241
11484.085
11485.938
11487.69
11489.633
11491.469
11493.32
11495.318
11497.018
11498.824
11500.696
11502.53
11504.363
11506.152
11508.059
11510.065
11512.059
11514.041
11516.066
11518.037
11520.152
11522.184
11524.071
11526.033
11528.053
11530.027
11531.851
11533.792
11535.722
11537.746
11539.707
11541.703
11543.531
11545.45
11547.386
11549.362
11551.361
11553.361
11555.174
11557.062
11559.073
11561.037
11562.835
11564.752
11566.728
11568.723
11570.556
11572.417
11574.716
11577.069
11579.029
11580.841
11582.708
11584.72
11586.697
11588.7
11590.682
11592.697
11594.7
11596.532
11598.503
11600.369
11602.212
11604.058
11605.86
11607.745
11609.736
11611.751
11613.746
11615.724
11617.733
11619.528
11621.433
11623.256
11625.121
11627.102
11628.937
11630.799
11632.784
11634.584
11636.467
11638.283
11640.153
11641.97
11643.831
11645.848
11647.687
11649.593
11651.527
11653.511
11655.327
11657.207
11659.214
11661.026
11662.96
11664.918
11666.674
11668.574
11670.4
11672.268
11674.249
11675.998
11677.94
11679.754
11681.635
11683.615
11685.451
11687.3
11689.318
11691.098
11692.981
11694.763
11696.678
11698.679
11700.664
11702.678
11704.663
11706.676
11708.681
11710.707
11712.672
11714.477
11716.398
11718.343
11720.323
11722.342
11724.317
11726.17
11728.028
11729.804
11731.706
11733.719
11735.699
11737.692
11739.732
11741.696
11743.686
11745.458
11747.359
11749.197
11751.046
11753.061
11754.883
11756.741
11758.745
11760.736
11762.744
11764.558
11766.424
11768.415
11770.245
11772.156
11774.121
11776.11
11777.928
11780.081
11781.889
11783.776
11785.593
11787.467
11789.452
11791.303
11793.136
11794.956
11796.845
11798.63
11800.529
11802.331
11804.197
11806.189
11808.194
11810.052
11811.889
11813.741
11815.584
11817.575
11819.356
11821.252
11823.256
11825.079
11826.954
11828.72
11830.62
11832.619
11834.45
11836.3
11838.125
11840.117
11841.983
11843.82
11845.718
11847.48
11849.382
11851.38
11853.347
11855.345
11857.351
11859.16
11861.048
11863.04
11865.043
11866.805
11868.732
11870.507
11872.423
11874.405
11876.221
11878.105
11880.104
11881.925
11883.764
11885.568
11887.469
11889.273
11891.152
11893.133
11894.927
11896.831
11898.637
11900.811
11902.813
11904.626
11906.539
11908.493
11910.501
11912.516
11914.487
11916.507
11918.502
11920.475
11922.487
11924.493
11926.494
11928.468
11930.471
11932.468
11934.471
11936.469
11938.472
11940.451
11942.294
11944.173
11946.152
11948.126
11950.146
11952.144
11954.135
11956.132
11958.109
11960.127
11962.157
11964.128
11966.113
11968.092
11969.94
11971.801
11973.804
11975.785
11977.568
11979.46
11981.488
11983.47
11985.286
11987.155
11989.156
11991.165
11993.129
11994.959
11996.837
11998.819
12000.811
12002.808
12004.641
12006.512
12008.513
12010.516
12012.501
12014.482
12016.264
12018.169
12020.024
12022.193
12024.172
12026.178
12028.168
12030.155
12031.994
12033.845
12035.659
12037.531
12039.372
12041.285
12043.351
12045.267
12047.229
12049.213
12051.22
12053.048
12054.899
12056.898
12058.913
12060.695
12062.576
12064.577
12066.393
12068.269
12070.238
12072.258
12074.253
12076.068
12077.94
12079.788
12081.72
12083.682
12085.603
12087.425
12089.298
12091.138
12092.984
12095.134
12096.976
12098.819
12100.656
12102.665
12104.482
12106.34
12108.13
12110.028
12112.049
12114.043
12116.017
12118.012
12120.037
12122.022
12124.016
12126.011
12127.998
12129.994
12132.004
12134.002
12136.002
12138.003
12140.002
12141.972
12144.084
12146.001
12147.962
12149.827
12151.763
12153.68
12155.966
12157.99
12159.946
12161.961
12163.94
12165.935
12167.776
12169.762
12171.937
12173.921
12175.941
12177.776
12179.917
12182.254
12184.352
12186.236
12188.238
12190.203
12192.05
12194.206
12196.204
12198.196
12200.206
12202.197
12204.258
12206.183
12208.192
12210.024
12211.908
12213.871
12215.859
12217.691
12219.569
12221.411
12223.322
12225.251
12227.25
12229.249
12231.221
12233.052
12234.955
12236.92
12238.753
12240.605
12242.619
12244.59
12246.59
12248.588
12250.573
12252.603
12254.563
12256.573
12258.56
12260.413
12262.393
12264.56
12266.549
12268.551
12270.359
12272.248
12274.295
12276.543
12278.531
12280.557
12282.53
12284.529
12286.514
12288.349
12290.258
12292.266
12294.247
12296.2
12298.19
12300.195
12302.189
12304.201
12306.198
12308.028
12309.912
12311.866
12313.862
12315.88
12317.883
12319.875
12321.858
12323.874
12325.846
12327.674
12329.574
12331.548
12333.515
12335.514
12337.348
12339.328
12341.323
12343.251
12345.189
12347.217
12349.205
12351.2
12353.005
12354.946
12356.88
12358.879
12360.877
12362.871
12364.88
12366.872
12368.875
12370.849
12372.84
12374.857
12376.836
12378.832
12380.856
12382.846
12384.947
12386.936
12388.933
12390.927
12392.876
12394.821
12396.808
12398.799
12400.826
12402.798
12404.815
12406.625
12408.486
12410.478
12412.477
12414.549
12416.488
12418.486
12420.462
12422.31
12424.25
12426.154
12428.138
12429.985
12431.872
12433.832
12435.837
12437.836
12439.819
12441.834
12443.638
12445.804
12447.816
12449.799
12451.795
12453.793
12455.795
12457.805
12459.79
12461.776
12463.777
12465.776
12467.778
12469.786
12471.777
12473.776
12475.771
12477.75
12479.778
12481.768
12484.052
12486.062
12488.054
12490.051
12492.061
12494.096
12496.209
12498.158
12500.05
12502.059
12503.869
12505.856
12507.726
12509.711
12511.734
12513.721
12515.709
12517.703
12519.704
12521.696
12523.714
12525.675
12527.708
12529.673
12531.677
12533.822
12535.98
12537.982
12540.005
12541.967
12543.807
12545.666
12547.657
12549.653
12551.656
12553.647
12555.651
12557.631
12559.649
12561.632
12563.639
12565.616
12567.611
12569.626
12571.629
12573.618
12575.439
12577.364
12579.446
12581.376
12583.303
12585.288
12587.283
12589.286
12591.267
12593.267
12595.262
12597.282
12599.279
12601.264
12603.258
12605.246
12607.251
12609.248
12611.24
12613.239
12615.243
12617.226
12619.236
12621.255
12623.221
12625.245
12627.31
12629.222
12631.207
12633.211
12635.219
12637.202
12639.194
12641.212
12643.243
12645.216
12647.195
12649.196
12651.196
12653.179
12655.178
12657.189
12658.996
12660.943
12662.867
12664.859
12666.853
12668.851
12670.845
12672.83
12674.828
12676.858
12678.839
12680.821
12682.827
12684.824
12686.836
12688.887
12690.91
12692.843
12694.801
12696.804
12698.798
12700.793
12702.587
12704.492
12706.493
12708.484
12710.461
12712.469
12714.46
12716.482
12718.467
12720.458
12722.474
12724.449
12726.446
12728.271
12730.14
12732.131
12734.119
12736.119
12738.136
12740.108
12742.114
12744.116
12746.105
12748.238
12750.13
12752.114
12754.096
12756.114
12758.11
12760.094
12762.08
12764.076
12766.095
12768.087
12770.076
12772.067
12774.069
12776.154
12778.054
12780.044
12782.043
12784.049
12786.038
12788.046
12790.094
12792.068
12794.077
12796.049
12798.056
12800.052
12802.02
12804.009
12806.017
12808.077
12810.104
12812.076
12813.992
12815.992
12818.008
12820.007
12821.995
12823.992
12825.988
12827.989
12829.974
12831.97
12833.986
12835.979
12838.034
12840.041
12841.994
12843.995
12845.957
12847.948
12849.953
12851.975
12853.927
12855.945
12857.944
12859.928
12861.921
12863.923
12865.916
12867.917
12869.965
12871.923
12873.915
12875.922
12877.906
12880.032
12882.222
12884.501
12886.827
12889.42
12891.8
12894.066
12896.328
12898.631
12900.71
12902.952
12905.23
12907.546
12909.851
12912.159
12914.453
12916.594
12918.758
12920.89
12923.057
12925.372
12927.489
12929.745
12932.032
12934.04
12936.273
12938.308
12940.277
12942.297
12944.403
12946.563
12948.663
12950.68
12952.698
12954.878
12956.848
12958.854
12960.86
12962.867
12964.829
12966.843
12968.835
12970.838
12972.821
12974.844
12976.836
12978.81
12980.837
12982.819
12984.82
12986.809
12988.808
12990.811
12992.796
12994.86
12996.848
12998.838
13000.831
13002.807
13004.779
13006.776
13008.778
13010.774
13012.756
13014.755
13016.77
13018.772
13020.591
13022.443
13024.452
13026.436
13028.444
13030.425
13032.436
13034.419
13036.432
13038.424
13040.433
13042.417
13044.43
13046.401
13048.404
13050.46
13052.41
13054.385
13056.381
13058.389
13060.375
13062.377
13064.377
13066.37
13068.37
13070.382
13072.672
13074.73
13076.78
13078.8
13080.969
13082.964
13084.99
13087.025
13089.062
13091.077
13093.259
13095.348
13097.348
13099.265
13101.23
13103.23
13105.24
13107.248
13109.241
13111.361
13113.336
13115.247
13117.219
13119.052
13121.224
13123.212
13125.206
13127.225
13129.203
13131.252
13133.507
13135.501
13137.528
13139.501
13141.635
13143.622
13145.781
13147.846
13149.939
13151.933
13154.097
13156.072
13158.079
13160.078
13162.065
13164.073
13166.104
13168.168
13170.155
13172.213
13174.371
13176.364
13178.388
13180.339
13182.404
13184.452
13186.428
13188.439
13190.485
13192.648
13194.661
13196.754
13198.924
13200.929
13202.96
13204.954
13206.966
13209.04
13211.059
13213.208
13215.241
13217.222
13219.246
13221.223
13223.245
13225.259
13227.253
13229.238
13231.274
13233.493
13235.49
13237.192
13238.591
13240.043
13241.636
13243.325
13245.007
13246.416
13247.867
13249.319
13250.87
13252.569
13254.237
13255.62
13257.057
13258.468
13260.092
13261.543
13262.988
13264.53
13265.96
13267.4
13268.998
13270.45
13272.06
13273.491
13275.126
13276.578
13278.19
13279.666
13281.114
13282.688
13284.154
13285.737
13287.167
13288.642
13290.19
13291.686
13293.242
13294.636
13296.052
13297.482
13298.901
13300.472
13301.933
13303.365
13304.912
13306.378
13307.832
13309.371
13310.846
13312.279
13313.823
13315.509
13316.933
13318.404
13320.008
13321.482
13323.058
13324.487
13325.958
13327.514
13328.939
13330.383
13331.953
13333.39
13334.864
13336.402
13337.853
13339.299
13340.857
13342.241
13343.692
13345.137
13346.716
13348.148
13349.615
13351.145
13352.666
13354.217
13355.686
13357.312
13358.76
13360.211
13361.751
13363.16
13364.565
13366.048
13367.61
13369.015
13370.461
13372.05
13373.491
13374.914
13376.515
13377.941
13379.407
13380.975
13382.427
13384.035
13385.483
13386.936
13388.47
13389.924
13391.359
13392.938
13394.622
13396.055
13397.473
13398.898
13400.475
13401.962
13403.53
13404.992
13406.422
13408.019
13409.481
13411.081
13412.77
13414.176
13415.619
13417.197
13418.638
13420.091
13421.668
13423.119
13424.573
13426.12
13427.641
13429.189
13430.609
13432.287
13433.778
13435.326
13436.792
13438.254
13439.776
13441.232
13442.699
13444.249
13445.705
13447.141
13448.714
13450.141
13451.613
13453.147
13454.606
13456.072
13457.612
13459.093
13460.688
13462.134
13463.553
13465.142
13466.541
13467.981
13469.585
13471.041
13472.469
13474.056
13475.474
13476.896
13478.334
13479.883
13481.362
13482.958
13484.423
13486.019
13487.443
13488.889
13490.482
13491.942
13493.402
13494.917
13496.359
13497.778
13499.167
13500.768
13502.214
13503.665
13505.216
13506.94
13508.406
13509.997
13511.488
13513.069
13514.493
13515.948
13517.509
13518.98
13520.408
13521.964
13523.384
13524.827
13526.238
13527.809
13529.225
13530.863
13532.244
13533.952
13535.411
13536.856
13538.419
13539.862
13541.318
13542.856
13544.376
13545.944
13547.347
13548.795
13550.369
13551.786
13553.19
13554.599
13556.033
13557.598
13559.072
13560.492
13562.047
13563.493
13564.92
13566.359
13567.906
13569.341
13570.835
13572.359
13573.807
13575.244
13576.804
13578.238
13579.69
13581.262
13582.696
13584.131
13585.701
13587.157
13588.605
13590.193
13591.63
13593.052
13594.61
13596.031
13597.498
13598.925
13600.471
13601.895
13603.314
13604.743
13606.314
13607.773
13609.169
13610.763
13612.227
13613.833
13615.248
13616.689
13618.328
13619.971
13621.45
13623.025
13624.461
13625.931
13627.491
13628.933
13630.345
13631.725
13633.173
13634.711
13636.135
13637.605
13639.178
13640.584
13642.048
13643.61
13645.071
13646.51
13648.067
13649.485
13650.923
13652.376
13653.899
13655.426
13656.982
13658.392
13659.88
13661.426
13662.89
13664.325
13665.89
13667.313
13668.741
13670.174
13671.73
13673.185
13674.646
13676.182
13677.63
13679.246
13680.679
13682.145
13683.699
13685.185
13686.631
13688.155
13689.602
13691.053
13692.638
13694.071
13695.694
13697.116
13698.515
13699.933
13701.542
13702.944
13704.404
13705.982
13707.422
13708.895
13710.433
13711.864
13713.334
13714.892
13716.338
13717.976
13719.433
13720.862
13722.412
13723.904
13725.506
13726.938
13728.381
13729.937
13731.631
13733.143
13734.719
13736.154
13737.603
13739.165
13740.586
13742.055
13743.61
13745.037
13746.49
13748.08
13749.547
13751.146
13752.578
13754.028
13755.606
13757.044
13758.507
13760.055
13761.542
13763.119
13764.567
13766.007
13767.592
13769.036
13770.495
13772.053
13773.49
13774.949
13776.479
13777.91
13779.382
13780.943
13782.38
13783.841
13785.399
13786.822
13788.267
13789.855
13791.324
13792.935
13794.384
13795.813
13797.372
13798.846
13800.29
13801.837
13803.279
13804.896
13806.304
13807.774
13809.345
13810.81
13812.247
13813.808
13815.3
13816.873
13818.304
13819.79
13821.336
13822.776
13824.204
13825.587
13827.017
13828.548
13830.037
13831.401
13832.818
13834.25
13835.766
13837.167
13838.601
13839.994
13841.628
13843.033
13844.465
13845.876
13847.262
13848.661
13849.292
13849.847