
0.23692
0.23692
0.21909
0.19526
0.16293
0.14132
0.12639
0.11665
0.10836
0.10586
0.1145
0.11067
0.11532
0.11426
0.12286
0.1293
0.13653
0.13824
0.12855
0.12006
0.09879
0.0714
0.05995
0.05283
0.05534
0.05112
0.04135
0.03432
0.0273
0.03304
0.03383
0.04504
0.05685
0.06176
0.06017
0.05857
0.05799
0.06392
0.06691
0.07738
0.07823
0.08165
0.07978
0.08403
0.09084
0.10455
0.11197
0.12195
0.13192
0.14308
0.14735
0.14984
0.15411
0.15993
0.15808
0.14894
0.12703
0.11064
0.09228
0.07196
0.04989
0.03175
0.02445
0.00867
-0.00257
-0.00948
-0.01047
5.22723E-4
0.00561
0.01149
0.01698
0.02501
0.02398
0.01152
0.00951
-0.00292
-0.01771
-0.03545
-0.05456
-0.07031
-0.08823
-0.10437
-0.11559
-0.12011
-0.11891
-0.1197
-0.10769
-0.09037
-0.06675
-0.04884
-0.02445
0.00426
0.03039
0.04
0.05254
0.06844
0.08158
0.08232
0.07734
0.06488
0.05322
0.03231
0.01044
-0.0061
-0.00375
-0.00473
-0.00964
-0.01652
-0.01571
-0.00741
0.0054
0.0196
0.03773
0.05408
0.06393
0.06333
0.05819
0.04949
0.04611
0.04057
0.02735
0.01135
8.18703E-4
-0.01071
-0.03028
-0.04611
-0.06332
-0.07283
-0.0727
-0.07454
-0.07816
-0.07449
-0.06883
-0.07041
-0.07101
-0.05687
-0.04902
-0.03997
-0.02878
-0.02978
-0.03471
-0.03315
-0.04065
-0.04461
-0.04366
-0.04093
-0.0453
-0.04023
-0.02768
-0.02378
-0.00866
0.01157
0.02551
0.04357
0.05987
0.07185
0.07893
0.08484
0.0827
0.07463
0.06951
0.05927
0.0449
0.02974
0.0197
0.00395
-0.01201
-0.02424
-0.03312
-0.03886
-0.04007
-0.0344
-0.02716
-0.01873
-0.00755
-0.00327
0.00141
0.01062
0.01728
0.02689
0.03907
0.04457
0.03572
0.0251
0.01665
0.01332
0.01294
0.01551
0.01827
0.02831
0.03127
0.03698
0.04309
0.05765
0.06907
0.0797
0.08147
0.08165
0.07909
0.07237
0.05243
0.03406
0.01213
-0.0051
-0.0241
-0.037
-0.04184
-0.04214
-0.04403
-0.03666
-0.02634
-0.00577
0.02091
0.0468
0.07111
0.10271
0.12759
0.13634
0.14606
0.15638
0.15821
0.156
0.15235
0.13793
0.1157
0.09
0.05732
0.03741
0.02513
0.01021
1.3088E-4
-0.00778
-0.01307
-0.02559
-0.03403
-0.02994
-0.01863
-0.00507
-0.00821
-0.00894
-0.00567
-0.00389
-0.00682
-0.00495
0.00462
0.01659
0.02383
0.02499
0.02322
0.0327
0.03867
0.03642
0.03005
0.03039
0.01913
0.00865
-0.00656
-0.02013
-0.03445
-0.044
-0.0549
-0.06578
-0.06776
-0.06755
-0.0669
-0.05205
-0.04108
-0.0163
0.00239
0.02579
0.04782
0.06295
0.08045
0.08793
0.09324
0.09698
0.09383
0.09481
0.08378
0.07983
0.0757
0.06744
0.06981
0.07847
0.09716
0.12057
0.14318
0.15597
0.16482
0.17288
0.17583
0.17307
0.1705
0.15907
0.13663
0.10691
0.07837
0.04729
0.03115
0.01265
-0.00447
-0.02219
-0.03145
-0.03736
-0.03953
-0.04013
-0.03464
-0.03449
-0.02944
-0.0236
-0.01621
-0.00193
0.01746
0.02781
0.04071
0.05322
0.07204
0.08811
0.10657
0.12759
0.13288
0.14055
0.1441
0.14882
0.16162
0.16516
0.17107
0.1693
0.16772
0.16319
0.14704
0.14504
0.14679
0.14361
0.13964
0.14038
0.15313
0.16154
0.16877
0.17955
0.19544
0.22237
0.244
0.25835
0.27643
0.2835
0.27423
0.25533
0.2378
0.22971
0.21415
0.19308
0.16335
0.13951
0.11961
0.1007
0.09123
0.09004
0.08982
0.09118
0.08625
0.08407
0.08661
0.10057
0.10411
0.09978
0.0917
0.08383
0.07203
0.05964
0.04627
0.03781
0.03052
0.01888
-0.00123
-0.01997
-0.02454
-0.02597
-0.02759
-0.02313
-0.01415
-0.00615
-0.00858
-0.00509
0.00431
0.00998
0.02333
0.03038
0.03427
0.03834
0.04396
0.04919
0.05874
0.08029
0.08945
0.09034
0.09281
0.09369
0.08965
0.08798
0.08064
0.06623
0.05282
0.03488
0.01202
-0.00611
-0.01835
-0.02369
-0.03218
-0.03733
-0.03932
-0.03346
-0.0213
-0.01445
-0.00741
-0.0045
0.0049
0.01489
0.02411
0.03037
0.04097
0.05176
0.06058
0.0576
0.05993
0.06325
0.06912
0.07048
0.07046
0.0665
0.07277
0.07294
0.0735
0.06639
0.0697
0.07027
0.07143
0.07221
0.07082
0.06766
0.0643
0.05326
0.04341
0.02688
0.02038
0.01369
0.00954
0.00342
0.00536
0.01065
0.01829
0.0287
0.03596
0.04518
0.05558
0.06245
0.06755
0.07167
0.07696
0.07262
0.06768
0.06353
0.05505
0.05345
0.04714
0.04378
0.0424
0.04257
0.03941
0.04057
0.04922
0.05727
0.06257
0.07042
0.0769
0.08829
0.10224
0.11088
0.11735
0.12403
0.1246
0.12163
0.11651
0.11179
0.1104
0.10568
0.10036
0.08757
0.07616
0.06061
0.05471
0.0549
0.04899
0.04524
0.04364
0.03615
0.02883
0.02109
0.02218
0.02522
0.03928
0.04193
0.03493
0.03424
0.03512
0.03267
0.03533
0.0394
0.04487
0.04622
0.04994
0.04835
0.05365
0.0678
0.08647
0.09944
0.11339
0.12911
0.14423
0.15916
0.17172
0.18289
0.18954
0.19223
0.19688
0.19147
0.19529
0.19969
0.19481
0.19622
0.19603
0.19898
0.19897
0.20308
0.20581
0.19574
0.19255
0.1811
0.17064
0.16509
0.15326
0.13966
0.12074
0.10204
0.08098
0.06405
0.05954
0.04814
0.03989
0.03105
0.02712
0.02261
0.01789
0.0193
0.0268
0.03882
0.04572
0.04732
0.05284
0.05718
0.06251
0.05918
0.0588
0.06649
0.07555
0.07458
0.07164
0.0754
0.07819
0.08295
0.08693
0.08775
0.09034
0.09176
0.0861
0.07649
0.07298
0.06238
0.04509
0.027
0.00891
-0.00899
-0.02471
-0.03158
-0.03648
-0.03785
-0.03861
-0.03838
-0.02479
-0.00136
0.02522
0.05789
0.09116
0.12541
0.15041
0.17366
0.18509
0.1922
0.19537
0.1903
0.17108
0.14815
0.116
0.08917
0.06468
0.04453
0.02222
0.01409
0.00835
-9.10404E-4
-0.01313
-0.0153
-0.01355
-0.00983
-0.01004
-0.0167
-0.02355
-0.02664
-0.03209
-0.03282
-0.02155
-0.00319
0.01518
0.03434
0.04307
0.04668
0.05227
0.05135
0.04983
0.04674
0.04068
0.03166
0.01966
1.65384E-4
-0.02663
-0.03553
-0.03813
-0.03979
-0.0352
-0.03673
-0.0432
-0.05383
-0.06585
-0.07787
-0.08083
-0.07315
-0.07649
-0.0824
-0.08511
-0.09037
-0.08498
-0.07347
-0.05899
-0.05039
-0.041
-0.03535
-0.03582
-0.02941
-0.02102
-0.01521
-0.00505
-0.00237
-4.88737E-4
0.01044
0.02609
0.03564
0.0438
0.05219
0.0584
0.06167
0.0612
0.05679
0.05555
0.05509
0.04518
0.03764
0.0427
0.05385
0.06541
0.07578
0.09166
0.1162
0.14448
0.16604
0.18443
0.20811
0.22351
0.22533
0.21534
0.21202
0.21242
0.21164
0.20374
0.19151
0.18932
0.18497
0.17175
0.16719
0.17305
0.19092
0.20033
0.20048
0.1912
0.17779
0.16321
0.14233
0.1307
0.12698
0.11519
0.09808
0.07684
0.05246
0.03693
0.03263
0.03503
0.03823
0.04145
0.02952
0.0121
0.00333
2.84739E-4
-0.00453
-0.00343
-0.00488
-0.01183
-0.01387
-0.00626
0.00547
0.02921
0.05453
0.07514
0.08453
0.09275
0.10313
0.11057
0.11997
0.11796
0.10729
0.09131
0.07888
0.06467
0.04396
0.03507
0.02951
0.01432
0.00286
-0.00841
-0.00945
-0.01069
-0.01055
-0.01926
-0.0201
-0.00658
-0.00526
-0.00433
0.01018
0.02331
0.03134
0.03247
0.03596
0.04556
0.05949
0.06653
0.06157
0.07176
0.08117
0.08093
0.07892
0.07789
0.07589
0.0725
0.06262
0.04802
0.03873
0.03829
0.02763
0.01833
0.01377
0.01609
0.02903
0.0465
0.0622
0.07947
0.10265
0.12307
0.13759
0.1529
0.15895
0.16403
0.15828
0.14466
0.13438
0.1245
0.11678
0.1012
0.08167
0.06392
0.04872
0.05221
0.05176
0.0576
0.06089
0.05178
0.04956
0.04124
0.03902
0.04113
0.04717
0.05381
0.04117
0.0372
0.03302
0.0314
0.03648
0.03191
0.03738
0.04797
0.05658
0.06087
0.06378
0.07417
0.07176
0.06444
0.06104
0.06157
0.06821
0.06619
0.05472
0.04699
0.03808
0.0333
0.03678
0.04952
0.06598
0.07871
0.08888
0.09137
0.09681
0.10756
0.11436
0.11938
0.11299
0.09657
0.08191
0.06943
0.05675
0.04543
0.04946
0.05624
0.06125
0.07157
0.08858
0.1111
0.1348
0.14944
0.16211
0.17891
0.19828
0.20585
0.20673
0.20289
0.19296
0.17711
0.16244
0.14916
0.14099
0.13361
0.11265
0.08266
0.04993
0.01779
-0.00965
-0.03886
-0.06293
-0.08268
-0.10556
-0.12509
-0.14499
-0.14916
-0.14801
-0.13802
-0.12133
-0.1062
-0.08536
-0.06688
-0.05273
-0.03288
-0.0209
-0.00225
0.00775
0.01518
0.02163
0.02356
0.0304
0.03567
0.04114
0.04738
0.05065
0.06239
0.06173
0.06698
0.07577
0.07904
0.0837
0.08087
0.07727
0.07346
0.06474
0.05565
0.04163
0.03097
0.01577
-0.00414
-0.0217
-0.03945
-0.05643
-0.07813
-0.09925
-0.11368
-0.12478
-0.1359
-0.13838
-0.14286
-0.13868
-0.13508
-0.13208
-0.1208
-0.09575
-0.07403
-0.05311
-0.03769
-0.0211
-0.01216
0.00839
0.02147
0.04142
0.06118
0.07503
0.0761
0.07932
0.07861
0.08342
0.08589
0.08994
0.07827
0.06344
0.04015
0.02553
0.01306
0.00473
-0.00478
-0.01094
-0.02002
-0.02349
-0.02785
-0.01972
-0.00343
0.01179
0.01431
0.00905
0.00409
0.00118
-0.00478
-0.01225
-0.01913
-0.03191
-0.05315
-0.07401
-0.08954
-0.09937
-0.09542
-0.09206
-0.08476
-0.07017
-0.04949
-0.03216
-0.00204
0.03123
0.05525
0.07474
0.09226
0.09778
0.09876
0.09089
0.07258
0.05152
0.02889
-0.0018
-0.02797
-0.04156
-0.04983
-0.05298
-0.05319
-0.03942
-0.01699
0.01273
0.03932
0.06416
0.09199
0.11628
0.13057
0.14075
0.13953
0.14503
0.13757
0.12557
0.10945
0.08951
0.07145
0.05272
0.02862
0.01072
-0.00605
-0.0172
-0.03179
-0.03936
-0.04935
-0.05033
-0.03951
-0.0334
-0.02926
-0.01824
-0.0078
0.00933
0.02942
0.04636
0.0584
0.07279
0.07734
0.07106
0.0754
0.08151
0.08153
0.07544
0.05874
0.0381
0.01431
-0.00849
-0.03326
-0.05507
-0.06921
-0.08589
-0.09903
-0.10332
-0.10485
-0.10166
-0.09079
-0.07521
-0.05903
-0.03184
-0.00681
0.01251
0.02848
0.04032
0.04744
0.04925
0.05499
0.05385
0.05073
0.04546
0.02936
0.01642
0.00858
-0.00161
-0.01239
-0.0277
-0.02805
-0.03451
-0.03644
-0.03325
-0.02436
-0.01489
-0.00935
-0.00893
-0.00614
-0.00552
0.00297
0.00122
0.00283
0.00384
-6.57729E-4
-0.00712
-0.01259
-0.01058
-0.00582
0.00366
0.0222
0.03405
0.0455
0.05538
0.05817
0.06471
0.06888
0.0705
0.06936
0.07215
0.06805
0.05786
0.05278
0.05301
0.05502
0.06332
0.07398
0.08425
0.10003
0.1166
0.12726
0.14344
0.15902
0.17382
0.18842
0.19987
0.20994
0.21136
0.21435
0.21143
0.19829
0.18219
0.16216
0.13839
0.11639
0.0877
0.05684
0.02658
0.00537
-0.01447
-0.02388
-0.0229
-0.01516
-0.01008
0.00296
0.01237
0.02461
0.04482
0.06156
0.06758
0.07217
0.06774
0.05649
0.04439
0.04226
0.03493
0.02654
0.01986
0.0072
0.00255
0.00825
0.01224
0.01682
0.02809
0.0433
0.0469
0.04892
0.05291
0.05316
0.05185
0.04364
0.03189
0.02014
0.01095
1.9129E-4
-0.02199
-0.0359
-0.04273
-0.0531
-0.05993
-0.05672
-0.05372
-0.05563
-0.04849
-0.04666
-0.04385
-0.03258
-0.02328
-0.02027
-0.01254
-0.00422
-0.0081
-0.00784
-0.00168
-0.00555
0.00121
0.00481
0.0037
0.00278
0.00836
0.01296
0.01342
0.01723
0.01808
0.01893
0.02116
0.01749
0.01106
0.00916
0.00509
-0.00763
-0.0239
-0.0378
-0.04404
-0.04988
-0.05789
-0.06412
-0.07233
-0.07681
-0.08227
-0.08578
-0.07808
-0.06841
-0.05481
-0.0485
-0.04652
-0.03865
-0.0353
-0.02743
-0.01641
-0.00421
0.01193
0.01527
0.02137
0.02353
0.02609
0.03416
0.03534
0.04597
0.04734
0.04912
0.0438
0.02826
0.02078
0.01468
0.01094
0.00858
0.00799
0.00464
-0.00913
-0.01543
-0.02645
-0.03373
-0.03884
-0.04061
-0.04632
-0.05773
-0.06875
-0.08194
-0.08961
-0.08607
-0.08036
-0.07741
-0.07249
-0.05734
-0.05498
-0.05301
-0.04553
-0.03707
-0.02605
-0.01425
-0.01247
-0.01385
-0.00697
9.0588E-4
-0.00224
0.00523
0.02019
0.03082
0.03871
0.03658
0.0333
0.03102
0.02719
0.01983
0.01073
0.01148
0.00734
-0.00761
-0.01683
-0.02408
-0.0209
-0.01517
-0.00609
0.0018
0.00655
0.01602
0.01605
0.01646
0.02534
0.02792
0.02991
0.02816
0.01835
0.00597
-8.88336E-4
-0.00618
-0.02209
-0.03525
-0.04191
-0.0531
-0.06173
-0.07115
-0.07565
-0.06992
-0.06104
-0.05629
-0.04879
-0.03224
-0.01155
0.00756
0.02372
0.0446
0.06883
0.08735
0.09918
0.10924
0.11851
0.12956
0.13391
0.13236
0.12294
0.11608
0.10174
0.08228
0.06086
0.03669
0.01448
-0.00399
-0.02994
-0.05037
-0.06589
-0.07865
-0.08945
-0.09513
-0.09687
-0.09272
-0.08089
-0.07161
-0.06765
-0.05623
-0.04997
-0.04496
-0.03409
-0.02091
-0.01113
-0.00436
-0.00216
-0.00691
-0.00502
0.0098
0.01711
0.03071
0.03782
0.04001
0.04083
0.04795
0.05663
0.0663
0.08305
0.09528
0.0894
0.09237
0.09357
0.10737
0.12373
0.13694
0.14129
0.1482
0.15137
0.14825
0.13569
0.12981
0.11233
0.08915
0.05612
0.02132
-0.00738
-0.03903
-0.07953
-0.11177
-0.13673
-0.14929
-0.1528
-0.14549
-0.13346
-0.1173
-0.1027
-0.09579
-0.07766
-0.04713
-0.01405
0.00643
0.02219
0.03008
0.03012
0.03333
0.03439
0.03704
0.04345
0.05205
0.05831
0.05317
0.06125
0.07111
0.08315
0.10543
0.12396
0.14722
0.17245
0.1902
0.19417
0.1952
0.20251
0.20373
0.20396
0.20044
0.18394
0.16548
0.14209
0.11181
0.08763
0.0782
0.06563
0.05089
0.03851
0.02594
0.01652
0.01811
0.0201
0.0215
0.03056
0.042
0.04281
0.04559
0.05152
0.05214
0.0563
0.06006
0.05616
0.05855
0.06645
0.0714
0.07536
0.08523
0.09077
0.0971
0.10953
0.11526
0.12099
0.13184
0.13777
0.13897
0.14333
0.14847
0.14771
0.1558
0.16015
0.16686
0.18203
0.19779
0.20942
0.21849
0.22579
0.22325
0.22189
0.22426
0.2231
0.22371
0.21506
0.19816
0.17928
0.16041
0.14646
0.13467
0.13076
0.12468
0.11762
0.10426
0.08185
0.06554
0.05297
0.04099
0.03216
0.02135
0.01685
0.01393
0.00667
0.00315
0.00908
0.0215
0.02724
0.03021
0.03575
0.03677
0.03798
0.02974
0.02268
0.02113
0.01426
0.00425
0.00565
0.01432
0.02753
0.03699
0.05235
0.06909
0.08997
0.10337
0.11263
0.12249
0.1292
0.12233
0.11153
0.09758
0.08205
0.06495
0.04963
0.03567
0.02507
0.02016
0.0188
0.01744
0.01824
0.02416
0.0289
0.03855
0.05313
0.05826
0.05533
0.05338
0.04926
0.0418
0.04358
0.04931
0.0572
0.06804
0.07416
0.07143
0.074
0.08858
0.09982
0.10948
0.12525
0.13393
0.13946
0.12965
0.11708
0.10904
0.10592
0.10241
0.08787
0.08101
0.06923
0.04997
0.02717
0.0026
-0.01233
-0.02333
-0.0418
-0.06283
-0.07992
-0.09229
-0.11135
-0.12234
-0.13058
-0.13134
-0.13053
-0.13012
-0.13245
-0.12023
-0.10959
-0.10642
-0.09754
-0.0867
-0.07507
-0.0656
-0.06183
-0.05492
-0.04447
-0.03028
-0.0271
-0.02039
-0.00265
0.00997
0.02259
0.02872
0.04074
0.05238
0.06539
0.0784
0.08216
0.08986
0.09382
0.09129
0.08304
0.06968
0.05534
0.03903
0.03019
0.01231
-0.01266
-0.02858
-0.04765
-0.05766
-0.07043
-0.0714
-0.06174
-0.04657
-0.03336
-0.02764
-0.01916
-0.00852
3.47394E-4
0.01138
0.0114
0.01515
0.00966
-0.00194
-0.01471
-0.03063
-0.04301
-0.0493
-0.05066
-0.05595
-0.06184
-0.06399
-0.06575
-0.06633
-0.06947
-0.06945
-0.06747
-0.06412
-0.06371
-0.0637
-0.06291
-0.0572
-0.04697
-0.04519
-0.04027
-0.03122
-0.0265
-0.01962
-0.0155
-0.00685
2.54055E-5
0.00671
0.00768
0.00333
0.01296
0.02672
0.03791
0.04635
0.05558
0.06461
0.06282
0.05356
0.05216
0.04623
0.03677
0.0218
-0.00203
-0.01995
-0.03511
-0.0491
-0.05718
-0.05326
-0.0397
-0.03696
-0.02852
-0.0126
0.00273
0.02023
0.03162
0.04676
0.05146
0.04869
0.03431
0.01697
0.01322
0.00829
8.01947E-4
-0.01102
-0.01969
-0.02443
-0.03428
-0.03331
-0.03648
-0.03039
-0.02294
-0.02788
-0.03203
-0.03244
-0.024
-0.01989
-0.02405
-0.02584
-0.03235
-0.03533
-0.04341
-0.05406
-0.06077
-0.07004
-0.08561
-0.1122
-0.13269
-0.14334
-0.15694
-0.16818
-0.1749
-0.17708
-0.17455
-0.16945
-0.15589
-0.14057
-0.11953
-0.10519
-0.09616
-0.08575
-0.07061
-0.05607
-0.04999
-0.05237
-0.06381
-0.08213
-0.10379
-0.11916
-0.12824
-0.13711
-0.14382
-0.16312
-0.18243
-0.19661
-0.20234
-0.19625
-0.18899
-0.16618
-0.15243
-0.14182
-0.1259
-0.1088
-0.08324
-0.05571
-0.02306
7.2887E-4
0.01881
0.03119
0.029
0.03154
0.03644
0.0382
0.04132
0.04012
0.03458
0.02117
0.02095
0.016
0.02384
0.03444
0.04661
0.05563
0.06092
0.06503
0.07662
0.09017
0.10609
0.10725
0.11904
0.12276
0.13041
0.12803
0.12289
0.12188
0.11753
0.10374
0.08699
0.06866
0.06076
0.04637
0.03277
0.0174
0.00675
0.00318
-0.00117
-0.00572
-0.00278
0.00409
0.01607
0.02196
0.02942
0.03079
0.02703
0.03391
0.03389
0.02856
0.02421
0.02026
0.01177
0.00191
-0.00755
-0.01919
-0.02098
-0.02238
-0.0411
-0.05313
-0.0563
-0.06302
-0.06757
-0.07094
-0.08001
-0.08358
-0.08538
-0.0917
-0.09487
-0.08368
-0.08114
-0.08825
-0.08729
-0.09696
-0.10722
-0.10901
-0.11159
-0.1128
-0.11125
-0.10813
-0.10854
-0.10424
-0.09088
-0.07927
-0.06075
-0.03513
-0.01303
0.00102
0.01332
0.02564
0.03621
0.03834
0.04482
0.04718
0.04639
0.04836
0.04167
0.03085
0.02888
0.02868
0.02514
0.01766
0.0212
0.02238
0.02475
0.02711
0.01962
0.01764
0.01939
0.01701
0.01324
0.00789
0.01079
0.01055
0.01148
0.01359
0.01313
0.02251
0.02992
0.03517
0.0416
0.04922
0.06155
0.06936
0.07185
0.06687
0.05756
0.05395
0.04483
0.03591
0.03447
0.0346
0.02864
0.02169
0.01473
0.01113
0.01126
0.01119
0.01388
0.01382
0.0175
0.0074
-0.00782
-0.01811
-0.02841
-0.03221
-0.03404
-0.03194
-0.02138
-0.02007
-0.01167
-0.00957
0.00867
0.03654
0.06206
0.08344
0.09656
0.10653
0.10863
0.10266
0.1024
0.09958
0.10011
0.09001
0.07184
0.05623
0.0416
0.02639
0.01495
0.01573
0.01851
0.01975
0.01786
0.01503
0.01911
0.024
0.0307
0.0451
0.06346
0.07611
0.07814
0.08155
0.08634
0.09643
0.10771
0.11112
0.1163
0.1197
0.11563
0.10585
0.10807
0.11245
0.11389
0.10961
0.10711
0.10697
0.11057
0.11161
0.10852
0.1076
0.11061
0.09572
0.08063
0.07163
0.06618
0.05483
0.0356
0.01539
-0.00463
-0.01835
-0.03286
-0.04147
-0.03551
-0.02208
-0.01416
-0.00151
0.01075
0.02478
0.03939
0.05617
0.07473
0.09466
0.10711
0.11386
0.11352
0.11889
0.11718
0.11664
0.12575
0.12856
0.13255
0.13417
0.13734
0.1462
0.14915
0.15188
0.14614
0.14609
0.14779
0.13571
0.13522
0.13433
0.1234
0.11424
0.09052
0.08137
0.07339
0.06778
0.05646
0.04297
0.04031
0.03096
0.01394
0.00478
-0.01284
-0.00999
-0.0156
-0.01984
-0.02388
-0.02143
-0.01661
-0.01908
-0.01387
-0.00335
0.01347
0.03383
0.03963
0.04248
0.04631
0.05545
0.06085
0.0639
0.07344
0.07392
0.07578
0.06446
0.0561
0.05934
0.06612
0.06838
0.06769
0.06483
0.0665
0.06108
0.05744
0.05911
0.07691
0.09157
0.09835
0.1008
0.1068
0.10866
0.11898
0.12301
0.13511
0.14602
0.14513
0.1285
0.11383
0.09897
0.08982
0.07928
0.06856
0.04858
0.03293
0.01059
-9.21759E-4
-0.00535
0.00123
0.00644
0.00949
0.01096
0.01459
0.02216
0.02796
0.03041
0.04034
0.04202
0.04766
0.04447
0.04444
0.05013
0.05682
0.05527
0.05649
0.06461
0.07512
0.07658
0.06959
0.04763
0.0369
0.01947
0.00146
-0.01656
-0.02709
-0.0398
-0.05112
-0.05989
-0.07023
-0.07467
-0.06318
-0.0627
-0.05494
-0.04305
-0.03215
-0.02144
-0.01389
-0.01302
-0.01924
-0.0101
0.0071
0.01564
0.03107
0.04139
0.04443
0.04885
0.0509
0.0567
0.06741
0.08282
0.08284
0.07771
0.07668
0.06912
0.05917
0.04624
0.0309
0.02006
0.01136
6.4946E-4
-0.00829
-0.00719
-0.00589
-0.00459
0.00162
0.01473
0.0355
0.05982
0.07922
0.09134
0.1072
0.11833
0.1216
0.12033
0.11218
0.10482
0.09687
0.08281
0.06423
0.04998
0.04046
0.0266
0.01471
0.00577
0.00254
0.01289
0.01753
0.02178
0.02583
0.03421
0.03866
0.0433
0.04794
0.05632
0.07139
0.08627
0.09209
0.10676
0.12498
0.1552
0.18031
0.20679
0.22973
0.25975
0.28387
0.30484
0.32522
0.34796
0.36736
0.38026
0.38156
0.38639
0.39005
0.39705
0.39637
0.40121
0.39719
0.3914
0.3862
0.37884
0.37344
0.37041
0.3658
0.36729
0.37055
0.37342
0.36979
0.37443
0.38083
0.37995
0.37927
0.3782
0.37968
0.3851
0.38245
0.37606
0.37203
0.37646
0.38149
0.38416
0.38978
0.39638
0.39295
0.38913
0.3859
0.38522
0.38415
0.38702
0.3826
0.36835
0.36
0.35362
0.34507
0.35109
0.35219
0.34285
0.33785
0.33875
0.33041
0.32364
0.32316
0.31422
0.30706
0.30226
0.29411
0.28871
0.29217
0.28816
0.27568
0.27087
0.26803
0.26401
0.26531
0.26561
0.26514
0.26407
0.26497
0.26764
0.27798
0.29305
0.30536
0.31669
0.33589
0.34722
0.3556
0.36673
0.3755
0.38309
0.38655
0.38666
0.38914
0.39318
0.39546
0.39144
0.39706
0.41369
0.42935
0.44854
0.47246
0.49106
0.50494
0.50838
0.50849
0.51075
0.50987
0.50583
0.4833
0.45408
0.42132
0.37577
0.33651
0.29923
0.27158
0.24551
0.21531
0.18885
0.16357
0.15108
0.13701
0.12727
0.12875
0.12984
0.13604
0.14519
0.15473
0.17274
0.19095
0.20777
0.22598
0.26051
0.2917
0.3166
0.34523
0.37485
0.39915
0.42227
0.43398
0.45238
0.46724
0.4758
0.47412
0.46615
0.46783
0.46045
0.44638
0.42542
0.40761
0.39512
0.37475
0.35792
0.34365
0.32604
0.32476
0.31226
0.30626
0.30144
0.30567
0.30774
0.31433
0.31994
0.3226
0.32664
0.33599
0.33255
0.33639
0.33944
0.34013
0.33649
0.33108
0.32685
0.32144
0.3239
0.31987
0.31288
0.30963
0.30245
0.29113
0.29182
0.29585
0.30146
0.30352
0.30677
0.30569
0.31228
0.32143
0.32842
0.33304
0.34318
0.33914
0.33216
0.33049
0.32586
0.32478
0.32016
0.30905
0.29675
0.28779
0.28534
0.27776
0.27845
0.28012
0.27275
0.27029
0.26645
0.26773
0.27216
0.27521
0.27865
0.28229
0.28967
0.29528
0.30247
0.31378
0.31782
0.31792
0.3188
0.32421
0.32726
0.3244
0.31584
0.31102
0.30561
0.29468
0.28435
0.28406
0.28789
0.28189
0.26841
0.26123
0.25405
0.24726
0.23437
0.2203
0.21862
0.2199
0.21213
0.20435
0.21232
0.21753
0.22412
0.23898
0.25914
0.28049
0.29929
0.30608
0.30814
0.31296
0.31542
0.30686
0.30873
0.30548
0.29614
0.28305
0.26701
0.26514
0.27055
0.27458
0.27389
0.27891
0.28196
0.2852
0.28845
0.2911
0.29593
0.31196
0.30754
0.2978
0.29121
0.28895
0.28295
0.28403
0.27744
0.27183
0.27134
0.26987
0.25344
0.2557
0.26032
0.2614
0.26957
0.27557
0.2735
0.27616
0.27547
0.27262
0.26543
0.26593
0.25618
0.24526
0.24221
0.2307
0.22332
0.22223
0.21407
0.21515
0.21623
0.22144
0.2296
0.23895
0.25439
0.26374
0.27406
0.27711
0.27957
0.29088
0.29432
0.29815
0.30041
0.30208
0.30119
0.29519
0.29233
0.29892
0.31122
0.32824
0.3433
0.35697
0.36926
0.38451
0.39503
0.40712
0.41843
0.42758
0.41822
0.40769
0.38614
0.36085
0.34579
0.3331
0.31293
0.29256
0.28144
0.26698
0.25193
0.25281
0.25409
0.25931
0.26767
0.26245
0.25094
0.2536
0.26078
0.25556
0.2533
0.25202
0.24799
0.24395
0.247
0.24946
0.26254
0.28625
0.29658
0.30239
0.31331
0.32698
0.33928
0.34352
0.35405
0.36359
0.37511
0.38367
0.37787
0.37641
0.3775
0.38036
0.37615
0.37232
0.37381
0.36192
0.3398
0.30843
0.27607
0.25828
0.2456
0.2282
0.20863
0.1991
0.19035
0.18456
0.19038
0.20505
0.23231
0.26056
0.28074
0.29817
0.32031
0.34482
0.36579
0.38852
0.40831
0.42337
0.43096
0.43303
0.43157
0.42774
0.41702
0.40394
0.38732
0.36795
0.34779
0.32743
0.30569
0.29005
0.27225
0.2574
0.24826
0.24403
0.2469
0.24681
0.2479
0.24486
0.2434
0.23977
0.23142
0.21835
0.20527
0.1865
0.16909
0.13772
0.11521
0.09564
0.07824
0.05906
0.04835
0.04492
0.05487
0.06463
0.08304
0.0983
0.12498
0.14615
0.16003
0.17609
0.18584
0.18556
0.17722
0.15962
0.14222
0.11655
0.09857
0.08097
0.06259
0.05306
0.04313
0.04049
0.04611
0.06118
0.07959
0.10075
0.13018
0.14721
0.15578
0.16081
0.1558
0.14666
0.13516
0.11894
0.09032
0.06072
0.02541
-0.01541
-0.04599
-0.06831
-0.0806
-0.0858
-0.08667
-0.08539
-0.08114
-0.06726
-0.05259
-0.03123
-0.01282
8.64009E-4
0.01278
0.02116
0.03307
0.04106
0.05632
0.07158
0.08606
0.10427
0.11423
0.13165
0.14967
0.16769
0.1798
0.18601
0.1999
0.20394
0.20503
0.20613
0.19345
0.18903
0.17694
0.16524
0.15119
0.14165
0.13252
0.11983
0.11069
0.10057
0.08257
0.07953
0.06961
0.05948
0.0529
0.04455
0.03758
0.0306
0.02088
0.01076
0.00496
0.00409
-0.00642
-0.01517
-0.02016
-0.02947
-0.02852
-0.03187
-0.036
-0.03774
-0.04615
-0.05061
-0.05051
-0.04056
-0.02783
-0.00683
0.01161
0.02061
0.03727
0.05984
0.08141
0.10988
0.12712
0.13432
0.12775
0.12156
0.10318
0.09069
0.07841
0.06139
0.04065
0.01734
-0.00617
-0.02318
-0.02858
-0.02119
-0.01695
-0.00621
0.00177
0.00876
0.0132
0.01843
0.01814
0.02061
0.02977
0.03205
0.02861
0.02144
0.01289
0.00572
0.00189
2.32239E-4
-2.49059E-4
0.01403
0.02358
0.01759
0.01317
0.01387
0.02008
0.02432
0.02797
0.03202
0.03685
0.03322
0.02093
0.00668
0.00285
0.00434
-0.0048
-0.01316
-0.01856
-0.02868
-0.03743
-0.04283
-0.04075
-0.02864
-0.0181
-0.00992
-0.0108
-0.00203
0.00378
0.00586
0.01699
0.02595
0.02567
0.02598
0.01782
0.02127
0.0267
0.03546
0.03951
0.04808
0.06137
0.06463
0.06611
0.07173
0.07381
0.07765
0.07048
0.05524
0.04394
0.03834
0.02546
0.0116
0.01053
0.01359
0.02551
0.04313
0.05622
0.07424
0.09875
0.11814
0.13301
0.15515
0.17651
0.18764
0.1972
0.19691
0.19446
0.19615
0.20196
0.20797
0.21261
0.21055
0.20614
0.19424
0.18215
0.16907
0.15777
0.13525
0.11332
0.08293
0.05215
0.02648
0.01557
0.00367
4.36544E-4
-0.00221
-0.00859
-0.01183
-0.00405
-0.00217
0.00739
0.01615
0.02472
0.02306
0.02474
0.0221
0.02241
0.02902
0.03209
0.03379
0.04769
0.04998
0.05346
0.05693
0.06455
0.06488
0.07112
0.07972
0.08301
0.08511
0.08584
0.07535
0.07136
0.06815
0.06042
0.04875
0.04023
0.02384
0.00233
-0.01426
-0.02848
-0.04035
-0.05084
-0.05247
-0.05214
-0.04964
-0.04714
-0.03932
-0.03014
-0.0178
-0.00802
0.00216
0.00859
0.01739
0.01438
0.0094
0.00816
0.01105
-4.19822E-4
-0.00264
-0.00388
-0.00591
-0.00872
-0.01252
-0.01199
-0.00949
-0.01191
-0.02043
-0.03033
-0.02527
-0.02572
-0.03188
-0.03568
-0.04046
-0.03225
-0.0331
-0.03139
-0.02652
-0.01851
-0.00538
0.0105
0.01989
0.03656
0.05245
0.06774
0.07143
0.08299
0.09435
0.1065
0.11924
0.12175
0.11049
0.11182
0.10902
0.10622
0.10814
0.11518
0.1175
0.11765
0.11268
0.11047
0.11436
0.12416
0.12116
0.11738
0.10888
0.09368
0.06983
0.0448
0.02035
0.00476
-0.01929
-0.04846
-0.07763
-0.09302
-0.10547
-0.10492
-0.09592
-0.07806
-0.05705
-0.03467
-0.01779
0.00362
0.03173
0.06495
0.08534
0.10569
0.11399
0.11516
0.10664
0.0965
0.08199
0.07235
0.06266
0.04839
0.02444
0.00205
-0.02664
-0.04922
-0.06866
-0.07295
-0.07841
-0.07384
-0.07223
-0.06923
-0.06211
-0.04868
-0.03251
-0.01102
0.00634
0.02626
0.03142
0.04307
0.05
0.04826
0.04594
0.03731
0.02888
0.02183
0.0132
0.00379
-0.01487
-0.02606
-0.04039
-0.05964
-0.05961
-0.05721
-0.04694
-0.03647
-0.02855
-0.01946
-0.0084
0.01152
0.02907
0.04171
0.0571
0.05655
0.05265
0.04443
0.03049
0.02187
0.01069
0.00187
-0.01167
-0.02364
-0.02911
-0.02789
-0.01959
-0.00794
0.00489
0.02737
0.05024
0.08156
0.11486
0.15425
0.19522
0.23382
0.26593
0.29529
0.3209
0.34986
0.37174
0.3824
0.39445
0.40157
0.40634
0.40756
0.40937
0.40961
0.41083
0.41009
0.3995
0.39522
0.40431
0.39845
0.39357
0.3885
0.38598
0.38642
0.38823
0.39123
0.40013
0.41375
0.41871
0.42111
0.43473
0.44815
0.46216
0.47734
0.4878
0.50613
0.51876
0.52862
0.54243
0.56154
0.57751
0.5862
0.60099
0.60476
0.60244
0.60071
0.58973
0.58445
0.58114
0.57744
0.57039
0.56275
0.56002
0.54805
0.54789
0.55166
0.55602
0.5588
0.56316
0.56418
0.55909
0.56089
0.55856
0.55268
0.55409
0.5551
0.55807
0.55711
0.56442
0.56385
0.56565
0.57118
0.56609
0.56552
0.57224
0.57364
0.56638
0.55793
0.55677
0.54813
0.54737
0.54817
0.55173
0.56296
0.57321
0.57421
0.57541
0.58586
0.59749
0.60203
0.6117
0.61802
0.61608
0.60823
0.59842
0.59019
0.58628
0.58296
0.57925
0.57181
0.57105
0.56615
0.56047
0.55596
0.55087
0.53829
0.5269
0.51767
0.50962
0.50078
0.49036
0.47621
0.46481
0.45695
0.45795
0.46485
0.4875
0.50404
0.52
0.53203
0.53657
0.54565
0.55473
0.56065
0.5599
0.55874
0.55975
0.55564
0.55528
0.55275
0.55691
0.56402
0.57112
0.5737
0.57963
0.58712
0.58498
0.57083
0.54684
0.52797
0.50791
0.48255
0.45974
0.42926
0.40921
0.39113
0.3762
0.37091
0.37447
0.38316
0.38358
0.38675
0.39386
0.40136
0.41949
0.42935
0.43213
0.43412
0.43257
0.43318
0.4397
0.44917
0.46297
0.47421
0.48683
0.4963
0.50814
0.52804
0.55384
0.58024
0.60191
0.61374
0.62912
0.63308
0.63488
0.63686
0.6351
0.63551
0.62942
0.60661
0.58046
0.55037
0.52677
0.49668
0.47545
0.46051
0.43948
0.42612
0.40765
0.39744
0.40967
0.42445
0.45044
0.48057
0.51267
0.53966
0.55935
0.58457
0.59895
0.61649
0.6242
0.61655
0.60319
0.57823
0.54323
0.51039
0.47932
0.45416
0.43175
0.41012
0.39204
0.37848
0.36433
0.36258
0.3685
0.38013
0.39255
0.40025
0.4048
0.40069
0.40662
0.40901
0.40786
0.41418
0.41578
0.41679
0.41268
0.40424
0.40388
0.4039
0.40728
0.40219
0.39611
0.39614
0.39793
0.3895
0.37851
0.37224
0.3699
0.36343
0.36011
0.36131
0.36566
0.37218
0.37575
0.36809
0.37186
0.377
0.38824
0.40007
0.41446
0.42865
0.43477
0.44601
0.45765
0.46535
0.48426
0.49904
0.51264
0.52191
0.52548
0.52589
0.52021
0.51925
0.50963
0.50414
0.5022
0.49041
0.47804
0.4696
0.45545
0.44917
0.44781
0.45334
0.46477
0.48092
0.48271
0.48628
0.49456
0.50974
0.51783
0.5336
0.54366
0.55431
0.55827
0.5518
0.5416
0.54654
0.5568
0.56981
0.57515
0.58521
0.58229
0.57957
0.56366
0.55188
0.54521
0.54464
0.53423
0.51575
0.49038
0.4658
0.43905
0.4243
0.41406
0.41996
0.42252
0.4237
0.42075
0.42154
0.4241
0.43651
0.44911
0.46053
0.46605
0.46843
0.46354
0.46691
0.46851
0.47149
0.47171
0.47017
0.4637
0.459
0.45647
0.45964
0.45928
0.45616
0.44615
0.43772
0.42633
0.4118
0.39333
0.36678
0.33276
0.30091
0.26059
0.22303
0.19412
0.16364
0.13336
0.10307
0.08263
0.06455
0.05237
0.04846
0.03924
0.03553
0.03537
0.01926
0.00434
-0.00764
-0.01607
-0.03257
-0.04002
-0.04216
-0.04351
-0.0374
-0.02499
-0.01711
0.00651
0.02954
0.04786
0.06735
0.08881
0.10025
0.10599
0.10624
0.09747
0.07985
0.06068
0.03562
0.01785
0.00658
-0.01371
-0.02592
-0.034
-0.0401
-0.03853
-0.03086
-0.02457
-0.01179
0.0012
0.00867
0.00945
0.02066
0.02991
0.04387
0.05824
0.06709
0.07967
0.09817
0.11292
0.12905
0.14637
0.16565
0.17864
0.181
0.17707
0.1749
0.17549
0.16132
0.14283
0.12452
0.1078
0.08753
0.07099
0.05899
0.05583
0.04875
0.03871
0.02532
0.02689
0.03004
0.03535
0.04243
0.05561
0.06584
0.07607
0.08807
0.10263
0.11699
0.12978
0.14513
0.15988
0.17365
0.17483
0.17089
0.16125
0.1459
0.11973
0.10595
0.0969
0.09079
0.0723
0.05418
0.02997
0.01226
-0.00212
-0.01334
-0.01906
-0.02084
-0.03678
-0.05882
-0.07929
-0.09878
-0.11433
-0.11688
-0.10921
-0.10134
-0.08579
-0.073
-0.05686
-0.03541
-0.01199
0.00945
0.03661
0.05786
0.0734
0.07714
0.07714
0.0732
0.06945
0.06866
0.06557
0.06136
0.06037
0.05257
0.05015
0.04485
0.04198
0.0437
0.03862
0.03557
0.02926
0.02591
0.0265
0.02296
0.02729
0.03319
0.03359
0.03477
0.02849
0.02968
0.02851
0.02556
0.02261
0.01337
0.00294
-0.00906
-0.03051
-0.04093
-0.04899
-0.05469
-0.06256
-0.06965
-0.07221
-0.07515
-0.07377
-0.06884
-0.06746
-0.06096
-0.06174
-0.06607
-0.06134
-0.05622
-0.05307
-0.05128
-0.05441
-0.05872
-0.06441
-0.06912
-0.07422
-0.07539
-0.07734
-0.09248
-0.10664
-0.11234
-0.12395
-0.13144
-0.13656
-0.13951
-0.13853
-0.1336
-0.13124
-0.12907
-0.11668
-0.10212
-0.09641
-0.0846
-0.0724
-0.05843
-0.04564
-0.03108
-0.02065
-0.00983
0.00749
0.02521
0.03348
0.0386
0.04333
0.04983
0.05024
0.04296
0.03214
0.01994
0.01246
0.00203
-0.01686
-0.02375
-0.01824
-0.01903
-0.03045
-0.0397
-0.03636
-0.03912
-0.03833
-0.03734
-0.03694
-0.0326
-0.0389
-0.05522
-0.06681
-0.06383
-0.05736
-0.05227
-0.04068
-0.03223
-0.02813
-0.02048
-0.00949
0.00701
0.02508
0.04531
0.06081
0.07025
0.07262
0.07026
0.07774
0.08228
0.07953
0.07322
0.06265
0.05635
0.04448
0.02507
0.0111
0.00218
2.76108E-4
-0.0139
-0.02027
-0.02414
-0.02393
-0.01796
-0.01631
-0.00443
0.01434
0.02622
0.03181
0.0305
0.03097
0.02652
0.02423
0.01782
0.01376
0.01304
0.00348
-0.00688
-0.00484
0.00449
0.01794
0.03435
0.05174
0.06716
0.08278
0.09014
0.09316
0.09481
0.09941
0.09397
0.0846
0.07326
0.06075
0.0439
0.02823
0.00981
-0.0094
-0.02448
-0.03228
-0.04401
-0.05909
-0.06964
-0.07802
-0.08503
-0.09047
-0.1022
-0.10764
-0.10107
-0.1004
-0.10328
-0.1095
-0.10864
-0.12057
-0.12955
-0.14266
-0.15498
-0.15727
-0.16211
-0.17857
-0.18125
-0.18452
-0.18071
-0.1767
-0.15891
-0.149
-0.13299
-0.10969
-0.09368
-0.08279
-0.06953
-0.06907
-0.06467
-0.06223
-0.06196
-0.06209
-0.06162
-0.06096
-0.07388
-0.07833
-0.07156
-0.05929
-0.04111
-0.02844
-0.01597
-0.00527
-0.00205
0.00904
0.01305
0.03379
0.04764
0.05499
0.0588
0.06734
0.08276
0.10094
0.13191
0.17704
0.22375
0.28483
0.34275
0.40599
0.4769
0.55018
0.61381
0.67272
0.73202
0.78011
0.80812
0.8261
0.83208
0.83078
0.83243
0.82502
0.81644
0.81435
0.81639
0.81233
0.81142
0.82271
0.83735
0.86025
0.88118
0.88696
0.8955
0.90265
0.9045
0.89926
0.89225
0.88524
0.87804
0.87359
0.85241
0.8393
0.838
0.83453
0.83224
0.82405
0.82176
0.83266
0.83096
0.83104
0.82777
0.83965
0.85232
0.86026
0.86821
0.87477
0.89118
0.90208
0.90254
0.91836
0.92945
0.94547
0.95322
0.94444
0.93802
0.93652
0.93797
0.9406
0.9452
0.94606
0.94377
0.93795
0.92149
0.91074
0.91731
0.92073
0.91706
0.91124
0.90068
0.88757
0.87879
0.86332
0.84903
0.84596
0.83501
0.82249
0.81824
0.81438
0.80776
0.79918
0.79355
0.78732
0.78799
0.79731
0.80112
0.81379
0.82272
0.81964
0.82621
0.8308
0.83756
0.84314
0.85029
0.85449
0.8516
0.84969
0.84936
0.84667
0.85165
0.8462
0.84311
0.84317
0.85051
0.85765
0.86893
0.87942
0.89208
0.89548
0.89476
0.89265
0.89173
0.89553
0.89913
0.89368
0.8906
0.87354
0.86081
0.84571
0.83711
0.83559
0.83446
0.83294
0.83043
0.8291
0.83151
0.83529
0.85442
0.8645
0.87241
0.87855
0.88371
0.88729
0.89599
0.89681
0.8878
0.88076
0.8684
0.85447
0.85097
0.85416
0.85125
0.84854
0.8417
0.83603
0.83568
0.84321
0.8462
0.85058
0.84688
0.83728
0.82001
0.81139
0.79786
0.78767
0.77099
0.76139
0.7514
0.74416
0.73574
0.735
0.73505
0.73411
0.73454
0.74482
0.76238
0.78289
0.79415
0.80344
0.80781
0.81375
0.81321
0.81561
0.82805
0.83458
0.83266
0.8207
0.80775
0.79776
0.78855
0.78308
0.77467
0.77274
0.76787
0.75748
0.74611
0.73691
0.7342
0.72953
0.7217
0.71526
0.71156
0.71397
0.71874
0.72449
0.73064
0.73718
0.74568
0.75163
0.76604
0.78261
0.79525
0.80434
0.80675
0.80089
0.79661
0.7874
0.7839
0.77667
0.77042
0.76003
0.75319
0.75146
0.75092
0.75293
0.75652
0.76011
0.76822
0.76865
0.77479
0.77542
0.77172
0.76606
0.76039
0.75571
0.75063
0.74516
0.73812
0.73304
0.73387
0.73254
0.73574
0.74719
0.75609
0.7583
0.75775
0.76193
0.76925
0.77323
0.77485
0.77843
0.78182
0.79367
0.79823
0.80575
0.8231
0.84479
0.86076
0.87103
0.88898
0.90633
0.92074
0.93239
0.934
0.93621
0.93664
0.93137
0.9194
0.91177
0.91024
0.90457
0.90599
0.90367
0.90548
0.90571
0.90654
0.90501
0.90032
0.89524
0.88386
0.87013
0.85364
0.82514
0.79999
0.76579
0.73158
0.69836
0.66789
0.63663
0.61423
0.59813
0.58419
0.57104
0.5634
0.55654
0.56169
0.57393
0.58951
0.60981
0.6368
0.66222
0.68527
0.71089
0.73886
0.77254
0.80248
0.83024
0.85329
0.86984
0.88009
0.88798
0.89154
0.89569
0.89511
0.89965
0.89651
0.90007
0.89438
0.88968
0.89245
0.8909
0.88856
0.88877
0.88525
0.8766
0.85655
0.83649
0.80463
0.77906
0.75703
0.72201
0.69722
0.67598
0.65218
0.63468
0.62583
0.62289
0.6233
0.6365
0.65226
0.66211
0.68456
0.70288
0.71923
0.73735
0.74564
0.75392
0.76871
0.78231
0.78942
0.7922
0.80108
0.80721
0.81236
0.81357
0.81261
0.82445
0.82665
0.82353
0.81451
0.80549
0.79569
0.77506
0.74833
0.7159
0.68425
0.64651
0.59302
0.54662
0.48998
0.43492
0.38005
0.32499
0.27288
0.22254
0.17712
0.12934
0.09277
0.0686
0.04266
0.03029
0.02343
0.01638
0.00598
0.00286
5.31227E-4
-0.00141
0.00393
0.00613
0.00793
0.00619
-0.00893
-0.02326
-0.04173
-0.0474
-0.06173
-0.07232
-0.07779
-0.0858
-0.09608
-0.11296
-0.12247
-0.11712
-0.11423
-0.10219
-0.09714
-0.08453
-0.07281
-0.06493
-0.0609
-0.0494
-0.02846
-0.00615
0.00495
0.01408
0.02064
0.03172
0.04143
0.04682
0.05358
0.06171
0.06021
0.05302
0.03993
0.03176
0.0295
0.02902
0.02422
0.02
0.02464
0.02475
0.03332
0.04444
0.05261
0.06488
0.08148
0.09296
0.09243
0.0862
0.07604
0.05446
0.03624
0.00837
-0.01831
-0.04126
-0.06735
-0.09935
-0.1274
-0.14207
-0.14907
-0.15214
-0.14298
-0.13382
-0.12151
-0.10959
-0.09649
-0.08182
-0.06852
-0.06231
-0.05886
-0.05522
-0.05374
-0.06134
-0.06304
-0.06298
-0.05583
-0.05261
-0.0492
-0.03752
-0.01856
3.98472E-4
0.00991
0.0194
0.03104
0.03164
0.02906
0.01741
0.01086
0.00134
-0.01529
-0.03155
-0.05079
-0.05843
-0.06372
-0.07
-0.06938
-0.0668
-0.06187
-0.06402
-0.06401
-0.06065
-0.0626
-0.06121
-0.06021
-0.05607
-0.04562
-0.04147
-0.0389
-0.03672
-0.03571
-0.03216
-0.03174
-0.02858
-0.02737
-0.03385
-0.04681
-0.06155
-0.07117
-0.07528
-0.07822
-0.06561
-0.05555
-0.03979
-0.02187
-0.00533
0.01731
0.03699
0.05077
0.0682
0.07944
0.09315
0.09537
0.09514
0.08872
0.07336
0.06402
0.05459
0.05274
0.05042
0.03669
0.02374
0.00646
-0.00747
-0.01884
-0.03061
-0.03509
-0.04764
-0.06728
-0.08927
-0.10536
-0.11102
-0.1157
-0.11663
-0.11816
-0.1252
-0.12653
-0.12629
-0.11916
-0.10908
-0.09467
-0.08046
-0.07215
-0.06462
-0.06064
-0.0606
-0.04933
-0.03925
-0.03133
-0.02754
-0.01784
-0.01622
-0.01066
-1.76204E-4
0.01699
0.03947
0.06176
0.07893
0.09295
0.11091
0.12533
0.13365
0.14629
0.14614
0.14128
0.1248
0.09731
0.07771
0.0593
0.04542
0.02763
0.01732
0.00978
-0.00267
-0.01156
-0.01984
-0.0167
-0.00745
-0.00274
-0.0047
-0.01553
-0.03265
-0.05488
-0.07535
-0.09228
-0.10074
-0.1031
-0.11295
-0.11787
-0.1283
-0.12673
-0.11433
-0.09151
-0.06633
-0.04431
-0.02031
-0.0028
0.00821
0.02021
0.02709
0.04086
0.04577
0.03967
0.03042
0.01979
0.00798
-0.0052
-0.01327
-0.02035
-0.02882
-0.03334
-0.0422
-0.05204
-0.0489
-0.04891
-0.0497
-0.04774
-0.04696
-0.05838
-0.06901
-0.0765
-0.09146
-0.09304
-0.09245
-0.10269
-0.11647
-0.12907
-0.14403
-0.15545
-0.15486
-0.15486
-0.15663
-0.15387
-0.16351
-0.16843
-0.17236
-0.16902
-0.16114
-0.14913
-0.1387
-0.12905
-0.11252
-0.0954
-0.07592
-0.06194
-0.05998
-0.05191
-0.04403
-0.0464
-0.04915
-0.0521
-0.0584
-0.07965
-0.09973
-0.1202
-0.13043
-0.12965
-0.1328
-0.13379
-0.12317
-0.10999
-0.10193
-0.09367
-0.07262
-0.04723
-0.02402
-0.00513
0.01337
0.03304
0.04504
0.0537
0.05055
0.05331
0.05763
0.06905
0.07908
0.09817
0.12572
0.16015
0.20207
0.25696
0.316
0.39293
0.47558
0.56393
0.64244
0.71406
0.77899
0.83999
0.88937
0.92833
0.96021
0.98618
1.00093
1.01391
1.01883
1.02059
1.03574
1.05108
1.06249
1.07488
1.09199
1.10359
1.11559
1.12483
1.12582
1.13034
1.13703
1.13014
1.1203
1.11125
1.10495
1.0957
1.09649
1.09393
1.0957
1.10061
1.10356
1.1069
1.11575
1.12086
1.12872
1.13364
1.13993
1.13973
1.14208
1.14641
1.14955
1.15289
1.15505
1.15249
1.1582
1.16115
1.16744
1.17039
1.16743
1.17077
1.17175
1.1747
1.17607
1.17921
1.18511
1.18707
1.1853
1.18254
1.18588
1.20024
1.20575
1.20988
1.21204
1.21794
1.22542
1.22955
1.23328
1.23879
1.2378
1.23406
1.22382
1.22027
1.21553
1.21159
1.20469
1.19524
1.19366
1.19129
1.19521
1.20564
1.2076
1.21154
1.20661
1.20563
1.20661
1.20208
1.1946
1.17807
1.16488
1.14619
1.13261
1.12907
1.12553
1.13105
1.1346
1.13657
1.14346
1.15134
1.16591
1.17635
1.18738
1.18798
1.18523
1.18249
1.1703
1.16066
1.14788
1.14159
1.13609
1.13177
1.13375
1.1373
1.14439
1.16093
1.17373
1.19145
1.20405
1.21646
1.21549
1.21806
1.21374
1.20352
1.1927
1.18465
1.16557
1.15377
1.15004
1.14356
1.14475
1.15755
1.17094
1.19101
1.21207
1.23058
1.24338
1.25794
1.26248
1.25382
1.25245
1.24203
1.23279
1.2143
1.19483
1.17221
1.15156
1.13917
1.12639
1.11912
1.1152
1.11029
1.11109
1.10244
1.0995
1.08868
1.08456
1.07729
1.06097
1.04306
1.02674
1.01396
0.99783
0.98367
0.9764
0.9705
0.97228
0.97071
0.97662
0.98962
1.01088
1.03292
1.0528
1.07642
1.10082
1.12168
1.14254
1.16006
1.17541
1.18111
1.18524
1.18268
1.17954
1.1813
1.1809
1.1685
1.15531
1.14429
1.13208
1.1244
1.12794
1.13089
1.13758
1.14014
1.13365
1.1309
1.13681
1.14567
1.15079
1.15769
1.16301
1.16026
1.15023
1.13371
1.12192
1.11504
1.10324
1.08927
1.07078
1.05308
1.03872
1.02574
1.01374
1.01434
1.02301
1.02419
1.02774
1.03346
1.04173
1.06102
1.08188
1.09507
1.10983
1.12479
1.13208
1.13247
1.14153
1.1433
1.14252
1.14233
1.13387
1.12404
1.12266
1.11872
1.11873
1.11912
1.12109
1.12208
1.13231
1.1449
1.15375
1.15749
1.15868
1.1573
1.15514
1.14925
1.14531
1.14217
1.13922
1.13568
1.13313
1.13707
1.14809
1.16049
1.17388
1.18765
1.20005
1.21285
1.22328
1.22604
1.22211
1.21798
1.20854
1.19989
1.18632
1.16645
1.14619
1.1338
1.12318
1.11709
1.1169
1.12085
1.12203
1.11929
1.11615
1.1252
1.14056
1.15552
1.1571
1.15042
1.14157
1.13154
1.11778
1.10539
1.10245
1.09419
1.07964
1.06233
1.03774
1.02338
1.01474
1.01041
1.00432
1.00531
1.00808
1.00612
1.0079
1.01145
1.01697
1.03311
1.05398
1.0772
1.09866
1.12937
1.14649
1.15851
1.16776
1.17839
1.18135
1.18411
1.18412
1.16838
1.15107
1.12824
1.09952
1.08771
1.07944
1.07649
1.07158
1.07355
1.0647
1.04876
1.03204
1.00332
0.97125
0.92797
0.86856
0.80639
0.7328
0.64898
0.55552
0.47288
0.3932
0.32768
0.27278
0.22123
0.17657
0.13919
0.09984
0.0721
0.05282
0.04318
0.03531
0.04062
0.04003
0.04318
0.0542
0.06621
0.07703
0.09809
0.11265
0.1339
0.14768
0.15732
0.15437
0.1532
0.14572
0.12684
0.11011
0.09181
0.06604
0.04439
0.01724
0.00485
-0.01089
-0.02742
-0.04887
-0.06756
-0.08231
-0.09628
-0.10296
-0.1063
-0.10885
-0.11141
-0.12478
-0.12773
-0.12457
-0.11256
-0.098
-0.07516
-0.05174
-0.03048
-0.00923
0.00987
0.03447
0.05927
0.06892
0.0766
0.07463
0.0709
0.0595
0.04573
0.03097
0.0123
-0.00811
-0.03736
-0.06559
-0.07332
-0.08359
-0.08478
-0.09105
-0.08805
-0.08522
-0.08216
-0.07535
-0.06362
-0.05012
-0.03032
-0.02724
-0.01472
-0.00613
0.0056
0.00199
0.00191
-0.00308
-0.00846
-0.0166
-0.02002
-0.03249
-0.03572
-0.04976
-0.06794
-0.07727
-0.07439
-0.07447
-0.06844
-0.06773
-0.06584
-0.06493
-0.06048
-0.06232
-0.05964
-0.05145
-0.05015
-0.05081
-0.05089
-0.05037
-0.04022
-0.03341
-0.02777
-0.019
-0.00844
0.00722
0.0225
0.03403
0.04124
0.04943
0.05408
0.05106
0.05158
0.0521
0.04651
0.04034
0.02335
0.00163
-0.01497
-0.02724
-0.03951
-0.04844
-0.05343
-0.05507
-0.05612
-0.05364
-0.04898
-0.03547
-0.01665
-0.00669
0.00368
0.00853
0.01082
0.01291
0.00635
-0.00198
-0.00618
-0.00625
-0.01183
-0.02016
-0.02082
-0.02404
-0.01644
-0.01021
-0.00496
0.00363
0.01439
0.01806
0.01032
0.00475
0.00586
0.00816
0.00966
0.00743
0.00874
0.00277
0.00309
0.00184
0.00314
0.01271
0.02326
0.02595
0.03079
0.03367
0.03065
0.02664
0.03621
0.03968
0.04276
0.04878
0.05816
0.06281
0.06963
0.06837
0.06889
0.07276
0.07584
0.06357
0.04598
0.03194
0.01317
-0.01051
-0.02908
-0.0504
-0.07219
-0.08831
-0.09957
-0.11502
-0.11063
-0.10196
-0.09471
-0.08397
-0.0776
-0.0703
-0.06146
-0.04236
-0.02737
-0.0228
-0.00957
-0.00461
0.00883
0.0199
0.03018
0.04793
0.06116
0.07378
0.07776
0.07855
0.08859
0.0933
0.09231
0.08226
0.07575
0.06569
0.0519
0.03791
0.02884
0.02213
0.02093
0.01599
0.00476
-0.00391
-0.00334
-0.01436
-0.02125
-0.03168
-0.03719
-0.04388
-0.04605
-0.05196
-0.06061
-0.05841
-0.05368
-0.06368
-0.06051
-0.05892
-0.05516
-0.05946
-0.06789
-0.08263
-0.09403
-0.1021
-0.11224
-0.12492
-0.12343
-0.12133
-0.12138
-0.11277
-0.09352
-0.07406
-0.04886
-0.02483
0.00157
0.02374
0.04533
0.06141
0.07257
0.0918
0.10197
0.10348
0.11189
0.11301
0.11177
0.11191
0.11579
0.11927
0.11449
0.10636
0.08623
0.06315
0.04262
0.02013
0.00137
-0.02427
-0.05739
-0.08932
-0.12165
-0.13922
-0.14912
-0.14819
-0.1386
-0.12468
-0.11844
-0.11377
-0.09532
-0.07097
-0.0478
-0.01913
0.00167
0.01934
0.02778
0.03487
0.04139
0.05266
0.06927
0.08099
0.08899
0.09427
0.09544
0.10116
0.10198
0.10968
0.11699
0.1186
0.11882
0.11236
0.10531
0.09746
0.09415
0.09634
0.09677
0.11116
0.13185
0.15982
0.19389
0.23603
0.2888
0.35061
0.41932
0.49156
0.564
0.63192
0.68508
0.7286
0.75755
0.78435
0.80759
0.82179
0.82753
0.83012
0.82346
0.81227
0.80423
0.80545
0.80744
0.82263
0.83741
0.84886
0.86443
0.87824
0.88732
0.90132
0.90942
0.91772
0.92031
0.92663
0.92175
0.91902
0.91708
0.91377
0.90967
0.90812
0.90658
0.91114
0.92218
0.93323
0.9372
0.94333
0.94493
0.94437
0.94342
0.95171
0.96296
0.96693
0.97011
0.95932
0.95089
0.94384
0.93777
0.93308
0.93193
0.92881
0.9133
0.89267
0.87814
0.86203
0.8536
0.84517
0.84284
0.84424
0.84801
0.84568
0.84532
0.84968
0.86132
0.86883
0.8781
0.8923
0.90689
0.9205
0.93293
0.94417
0.95739
0.96942
0.98283
0.99152
1.00454
1.0209
1.02368
1.02273
1.01784
1.00803
0.99803
0.99038
0.9788
0.96683
0.95191
0.93718
0.91773
0.90674
0.89536
0.88201
0.87436
0.86101
0.85317
0.84848
0.84222
0.83929
0.84051
0.84191
0.84804
0.86244
0.88274
0.89576
0.91428
0.92966
0.95094
0.97439
0.99665
1.00711
1.01816
1.01918
1.01508
1.00802
1.01041
1.01418
1.01087
1.00244
0.99263
0.98459
0.98108
0.98071
0.98428
0.98274
0.97883
0.96725
0.95056
0.94075
0.93074
0.91582
0.89795
0.89089
0.88246
0.8762
0.8719
0.86485
0.86094
0.86727
0.86966
0.86733
0.87346
0.88372
0.88218
0.87276
0.85646
0.84527
0.84629
0.84573
0.83159
0.81824
0.81768
0.81791
0.81498
0.81442
0.82665
0.84439
0.85977
0.86964
0.88089
0.90059
0.91912
0.92899
0.93079
0.93259
0.93164
0.92045
0.91576
0.90851
0.90047
0.89164
0.8777
0.86907
0.85513
0.84395
0.83689
0.83338
0.8338
0.82577
0.8252
0.82189
0.82113
0.82175
0.81686
0.8224
0.82716
0.8262
0.82506
0.82587
0.83063
0.8348
0.84073
0.84313
0.85359
0.86307
0.87078
0.88085
0.89623
0.91437
0.93801
0.9591
0.97094
0.98219
0.99087
0.99405
1.00648
1.01379
1.02484
1.03451
1.03552
1.02178
1.00351
0.99036
0.97642
0.97448
0.96605
0.95092
0.93718
0.92048
0.89926
0.88355
0.87295
0.87161
0.86947
0.87403
0.86697
0.87173
0.87078
0.87218
0.87202
0.87185
0.87188
0.87624
0.87824
0.87886
0.87358
0.86712
0.8516
0.84356
0.83552
0.83103
0.83047
0.82912
0.826
0.82111
0.818
0.81763
0.82199
0.82655
0.83602
0.8453
0.84789
0.8493
0.85385
0.85625
0.85529
0.86024
0.86204
0.8664
0.87922
0.88103
0.88322
0.88915
0.89646
0.90102
0.90538
0.91347
0.91016
0.90409
0.89762
0.88034
0.87132
0.85994
0.84619
0.83284
0.81989
0.8146
0.80932
0.80955
0.81686
0.82949
0.84939
0.86871
0.8892
0.91049
0.93433
0.9564
0.96391
0.97279
0.98817
1.00296
1.00476
1.0046
0.9999
0.99816
1.00016
1.00216
1.00672
1.03272
1.05203
1.0621
1.06823
1.07967
1.08954
1.09941
1.10692
1.11226
1.10717
1.10091
1.07398
1.05295
1.03409
1.01405
0.99264
0.97082
0.94763
0.91461
0.87016
0.82415
0.77282
0.72858
0.67626
0.61647
0.55531
0.48981
0.42137
0.35075
0.28801
0.24456
0.20995
0.18145
0.14803
0.11697
0.09693
0.07689
0.06039
0.04704
0.03585
0.02113
-0.0058
-0.0343
-0.0634
-0.08599
-0.09738
-0.11151
-0.12152
-0.12503
-0.12205
-0.10903
-0.08519
-0.05584
-0.02708
0.00109
0.02847
0.04778
0.06336
0.07835
0.08959
0.09139
0.08218
0.06647
0.04406
0.02579
0.01166
-0.00584
-0.02473
-0.04266
-0.0612
-0.08291
-0.09834
-0.10946
-0.12315
-0.12841
-0.13409
-0.14411
-0.14371
-0.13741
-0.12874
-0.11221
-0.09194
-0.07521
-0.05808
-0.0386
-0.02481
-0.01437
-0.00295
0.00297
0.00101
4.61004E-5
-0.01037
-0.01645
-0.01781
-0.01819
-0.01227
-0.00182
0.00449
0.0108
0.01259
0.01771
0.0317
0.04784
0.05769
0.06321
0.06892
0.06657
0.06362
0.06304
0.05577
0.04889
0.0428
0.01448
-0.0107
-0.04118
-0.06951
-0.10314
-0.13501
-0.16905
-0.19246
-0.20111
-0.20622
-0.20641
-0.1881
-0.16999
-0.14125
-0.1137
-0.0822
-0.05425
-0.02551
-0.00799
-3.01458E-4
0.0064
0.01527
0.01665
0.00781
-0.00694
-0.01971
-0.03367
-0.03878
-0.04369
-0.04072
-0.03599
-0.03145
-0.04344
-0.04913
-0.04027
-0.02905
-0.0192
-0.00306
0.00994
0.0192
0.02235
0.02354
0.02493
0.04304
0.05446
0.05211
0.0474
0.03895
0.0242
0.00808
0.00317
-0.00331
-0.00447
-0.00209
-0.0068
-0.01013
7.05029E-4
0.01646
0.03674
0.05624
0.07298
0.07693
0.08504
0.08647
0.08379
0.08486
0.08752
0.08194
0.07263
0.05941
0.04521
0.03615
0.03241
0.02828
0.03025
0.03182
0.02848
0.0273
0.02631
0.02769
0.03635
0.0456
0.0513
0.05937
0.06567
0.06685
0.06685
0.06823
0.06173
0.05445
0.04422
0.02631
0.01234
7.33492E-4
-0.01934
-0.03724
-0.05476
-0.07089
-0.09037
-0.10119
-0.10828
-0.11497
-0.11831
-0.12146
-0.1311
-0.13307
-0.1374
-0.13957
-0.13799
-0.13091
-0.12776
-0.13091
-0.13484
-0.13681
-0.14311
-0.14035
-0.14134
-0.14055
-0.13583
-0.13307
-0.13189
-0.12835
-0.11733
-0.10789
-0.101
-0.09214
-0.08722
-0.07876
-0.07502
-0.0762
-0.08053
-0.09077
-0.10218
-0.11595
-0.12304
-0.12933
-0.13504
-0.13681
-0.1374
-0.12914
-0.12225
-0.10966
-0.08801
-0.06932
-0.04866
-0.03311
-0.01757
9.30265E-4
0.01195
0.02494
0.03714
0.05327
0.05799
0.06252
0.07216
0.07295
0.07708
0.08495
0.08633
0.09302
0.09302
0.08554
0.07905
0.08731
0.08869
0.08318
0.08633
0.08987
0.08535
0.08259
0.08043
0.08082
0.08357
0.08102
0.07216
0.06488
0.06016
0.05012
0.03871
0.03576
0.03241
0.01823
0.00188
-0.01211
-0.02512
-0.03912
-0.04742
-0.05277
-0.05222
-0.05778
-0.06924
-0.07716
-0.07426
-0.07038
-0.06315
-0.05533
-0.04751
-0.0454
-0.04328
-0.04353
-0.03316
-0.0212
-0.00925
0.00506
0.01623
0.02129
0.02832
0.0385
0.05045
0.05375
0.05369
0.04774
0.04041
0.0315
0.01452
0.00306
-0.00506
-0.01043
-0.01776
-0.02411
-0.01275
0.00353
0.02335
0.04966
0.07715
0.11113
0.14748
0.18343
0.21997
0.25493
0.29265
0.3162
0.33936
0.35956
0.37307
0.38482
0.39833
0.40771
0.41847
0.42293
0.43232
0.43639
0.4438
0.44944
0.45783
0.46781
0.48486
0.49877
0.51405
0.52107
0.52848
0.53393
0.54193
0.55229
0.56266
0.57244
0.58301
0.58413
0.58112
0.5728
0.57334
0.57899
0.57736
0.57357
0.56329
0.55694
0.54292
0.5289
0.5194
0.50892
0.5067
0.50508
0.5003
0.50438
0.5122
0.53124
0.54988
0.5817
0.60959
0.63551
0.67226
0.7029
0.72508
0.74333
0.75745
0.77235
0.77427
0.76418
0.7356
0.71095
0.68315
0.64414
0.60828
0.57477
0.5458
0.5178
0.48824
0.46457
0.45153
0.45089
0.4473
0.45059
0.4588
0.46879
0.48487
0.50096
0.51861
0.52978
0.54527
0.56175
0.57744
0.59588
0.60862
0.62057
0.6221
0.62303
0.62494
0.6243
0.62858
0.62774
0.61922
0.61209
0.6083
0.6049
0.59678
0.59574
0.5892
0.5799
0.57198
0.56641
0.56243
0.56592
0.56744
0.56325
0.56084
0.5661
0.57746
0.5904
0.60491
0.61804
0.62448
0.62797
0.62752
0.62668
0.63194
0.63425
0.63381
0.62686
0.62229
0.61377
0.61037
0.61543
0.62601
0.63776
0.64518
0.64297
0.64705
0.64857
0.64675
0.6404
0.63936
0.63046
0.61053
0.58155
0.54608
0.5177
0.496
0.47312
0.45418
0.4374
0.42535
0.40365
0.38392
0.37797
0.37969
0.38948
0.3973
0.40374
0.40959
0.41092
0.41598
0.42341
0.44795
0.47604
0.49724
0.51903
0.54003
0.563
0.58578
0.60619
0.63054
0.65332
0.67235
0.6784
0.67874
0.67594
0.66683
0.65989
0.64292
0.62359
0.6013
0.57449
0.55259
0.52893
0.50841
0.49124
0.4786
0.4754
0.46629
0.47569
0.49295
0.51455
0.54637
0.56954
0.5931
0.61371
0.63275
0.64706
0.65114
0.65483
0.64317
0.62482
0.6045
0.57847
0.55796
0.53429
0.51751
0.50802
0.50875
0.51421
0.52931
0.54933
0.56758
0.5878
0.6031
0.61151
0.62542
0.63344
0.63063
0.617
0.60061
0.57124
0.54147
0.51386
0.48724
0.4673
0.45662
0.4479
0.44607
0.44935
0.46208
0.48091
0.50879
0.53471
0.56712
0.59697
0.61875
0.6301
0.63299
0.62466
0.62126
0.60487
0.5869
0.5646
0.54467
0.51352
0.49044
0.47464
0.46947
0.47375
0.48727
0.49076
0.50173
0.50915
0.52032
0.52853
0.54835
0.5605
0.57639
0.58854
0.59164
0.5908
0.59567
0.60388
0.61701
0.62621
0.6421
0.6511
0.65616
0.64804
0.63835
0.63279
0.62742
0.62659
0.62122
0.60877
0.60203
0.59076
0.58067
0.57137
0.57034
0.5691
0.5724
0.58041
0.58016
0.58247
0.58616
0.58315
0.57582
0.56691
0.56312
0.56071
0.55672
0.54782
0.53576
0.53079
0.52424
0.52321
0.52984
0.54179
0.55571
0.56648
0.57528
0.58802
0.60252
0.61585
0.61953
0.62164
0.61549
0.59654
0.57622
0.55019
0.52594
0.50089
0.47486
0.44687
0.41474
0.39068
0.36643
0.34552
0.32973
0.31314
0.30266
0.291
0.27697
0.25764
0.2324
0.21109
0.18506
0.15687
0.13084
0.1115
0.10004
0.08524
0.07183
0.05959
0.0517
0.05876
0.06346
0.06778
0.07564
0.08076
0.07997
0.06068
0.04278
0.02802
0.0172
0.00697
-0.01566
-0.02845
-0.04282
-0.05699
-0.06545
-0.0741
-0.06387
-0.05207
-0.04793
-0.04951
-0.05167
-0.04715
-0.04911
-0.03987
-0.02904
-0.02294
-0.01074
-0.00209
0.00756
0.02448
0.04534
0.06777
0.08528
0.09807
0.09886
0.10457
0.11499
0.1148
0.10397
0.08723
0.06773
0.04705
0.03049
0.0159
0.00111
-0.00307
-0.01532
-0.03111
-0.03117
-0.02315
-0.00196
0.01786
0.03551
0.04392
0.05193
0.06722
0.07641
0.0858
0.09657
0.0908
0.08327
0.06216
0.03829
0.02131
0.00453
-0.00674
-0.01722
-0.02594
-0.03327
-0.0471
-0.0507
-0.05272
-0.0512
-0.03926
-0.03262
-0.01438
-7.00762E-5
0.0103
0.02225
0.034
0.05165
0.06675
0.07968
0.09399
0.09728
0.09408
0.07729
0.05854
0.04235
0.02282
0.00505
-0.01134
-0.0293
-0.04589
-0.06287
-0.07552
-0.07282
-0.06225
-0.0503
-0.04426
-0.0394
-0.03788
-0.03656
-0.038
-0.03687
-0.03378
-0.02892
-0.03075
-0.03591
-0.04223
-0.04244
-0.04222
-0.03825
-0.04114
-0.03851
-0.03664
-0.03869
-0.04307
-0.05019
-0.05593
-0.05615
-0.0613
-0.06192
-0.05939
-0.05352
-0.04371
-0.03627
-0.0304
-0.02177
-0.00803
0.00709
0.0163
0.02926
0.03552
0.0345
0.03664
0.03306
0.02751
0.03378
0.03748
0.03469
0.02639
0.01671
0.00959
0.00464
2.72554E-4
-7.48737E-4
-0.00216
0.0037
-0.00283
-0.00778
-0.01018
-0.00727
-0.00179
1.37725E-4
0.00738
0.01699
0.01617
0.01358
0.00371
-0.00223
-0.01052
-0.02157
-0.03715
-0.05253
-0.07303
-0.09648
-0.11875
-0.13827
-0.15818
-0.17592
-0.18776
-0.19469
-0.19433
-0.18591
-0.17729
-0.1608
-0.14431
-0.13057
-0.10699
-0.07515
-0.0435
-0.02189
-0.00992
0.00422
0.00714
0.01281
0.01987
0.01984
0.02395
0.01801
0.00382
-0.009
-0.01494
-0.01221
-0.01992
-0.01818
-0.0186
-0.02316
-0.01316
-0.00808
-0.00536
0.00602
0.02055
0.0337
0.04649
0.06427
0.0825
0.09628
0.10677
0.10611
0.10965
0.12368
0.12833
0.12675
0.12366
0.11431
0.10495
0.09087
0.08347
0.08177
0.07849
0.07245
0.067
0.06608
0.06947
0.07129
0.07842
0.08024
0.08206
0.08427
0.07429
0.07375
0.07206
0.06367
0.05567
0.04099
0.02573
0.00742
-0.00508
-0.01572
-0.0345
-0.03803
-0.04501
-0.04854
-0.04923
-0.05315
-0.04694
-0.03709
-0.02782
-0.02112
-0.01972
-0.00475
0.00353
0.00945
0.0073
-9.41228E-4
-0.00801
-0.02274
-0.0365
-0.04592
-0.05004
-0.0451
-0.05157
-0.05746
-0.06649
-0.06489
-0.05779
-0.0434
-0.02882
-0.01915
-0.0091
-0.0077
-0.01102
-0.01021
-0.00389
0.0103
0.02174
0.03475
0.0456
0.06392
0.0907
0.11571
0.14997
0.18325
0.20826
0.22796
0.24471
0.26402
0.28175
0.29023
0.29281
0.28752
0.28538
0.28068
0.27873
0.29292
0.31262
0.33074
0.33882
0.34729
0.35872
0.36877
0.38748
0.40244
0.4182
0.43376
0.43928
0.43634
0.43655
0.44935
0.46137
0.47614
0.49209
0.50155
0.51297
0.5238
0.53542
0.54764
0.56733
0.58408
0.5904
0.59022
0.59044
0.59203
0.59048
0.58755
0.57872
0.56437
0.54786
0.52427
0.49949
0.47511
0.46647
0.45744
0.45018
0.44469
0.43487
0.42899
0.43137
0.43906
0.45286
0.46606
0.48497
0.48735
0.48639
0.48522
0.48308
0.48349
0.48449
0.47526
0.45993
0.43496
0.41511
0.39486
0.37914
0.3644
0.34887
0.34043
0.33336
0.32058
0.31646
0.31745
0.32533
0.33263
0.33205
0.33875
0.34998
0.35235
0.34922
0.35297
0.36323
0.36521
0.36563
0.36821
0.36468
0.36805
0.36728
0.36219
0.3691
0.37935
0.37465
0.36562
0.36072
0.35445
0.34542
0.33777
0.33504
0.32719
0.32446
0.31957
0.31271
0.31648
0.32103
0.32794
0.33407
0.3398
0.34908
0.34772
0.34991
0.34954
0.34248
0.33346
0.31439
0.30241
0.29044
0.28318
0.2777
0.26828
0.26261
0.25437
0.242
0.23416
0.23026
0.23757
0.2439
0.25181
0.25755
0.26034
0.26785
0.27891
0.29252
0.30259
0.31325
0.31623
0.31449
0.3035
0.28917
0.27326
0.25675
0.23947
0.2206
0.20587
0.20492
0.20474
0.21441
0.22781
0.24928
0.27114
0.2932
0.3192
0.34617
0.37217
0.39423
0.40802
0.42024
0.42322
0.4258
0.41756
0.41031
0.40797
0.40642
0.39798
0.3927
0.38465
0.37346
0.3664
0.36642
0.36507
0.37532
0.38145
0.38383
0.3811
0.38664
0.38548
0.38767
0.39321
0.39244
0.3899
0.38028
0.36948
0.35947
0.3469
0.33413
0.31979
0.30623
0.29523
0.28658
0.27676
0.26458
0.26144
0.24787
0.24197
0.24059
0.24688
0.25376
0.27264
0.29133
0.3106
0.33224
0.35781
0.37787
0.40915
0.43197
0.45008
0.4613
0.46524
0.4499
0.42865
0.40899
0.39483
0.37477
0.35845
0.33761
0.31716
0.29789
0.28019
0.26526
0.2635
0.26333
0.25115
0.22755
0.21124
0.19591
0.19002
0.1867
0.1816
0.1828
0.18675
0.18834
0.1919
0.20864
0.23601
0.25866
0.27698
0.2831
0.29217
0.3099
0.32074
0.33099
0.33908
0.35071
0.35762
0.3598
0.35746
0.35984
0.36399
0.35968
0.34907
0.33434
0.31744
0.29936
0.27006
0.23683
0.20163
0.181
0.15898
0.13815
0.13542
0.13407
0.14276
0.16089
0.18453
0.22155
0.26251
0.30956
0.34423
0.37299
0.4043
0.41456
0.42227
0.42368
0.41033
0.3954
0.37103
0.34922
0.32308
0.30205
0.28733
0.27339
0.27047
0.26715
0.26286
0.27253
0.28004
0.29208
0.30195
0.31379
0.32129
0.32427
0.3245
0.31862
0.31589
0.31749
0.30925
0.30121
0.28726
0.27272
0.25818
0.25053
0.2541
0.25412
0.25887
0.26086
0.25853
0.2558
0.25346
0.24857
0.24112
0.23111
0.21835
0.19102
0.16586
0.13618
0.10865
0.08526
0.06639
0.04713
0.04321
0.03831
0.03498
0.02674
0.02203
0.02264
0.02738
0.03035
0.02958
0.02743
0.02785
0.02216
0.01706
0.00961
0.00195
-0.0057
-0.02005
-0.03873
-0.05445
-0.07076
-0.08904
-0.11598
-0.14626
-0.16631
-0.18419
-0.20049
-0.2109
-0.21697
-0.21656
-0.2185
-0.211
-0.20271
-0.1899
-0.17414
-0.16507
-0.15265
-0.1363
-0.12565
-0.11186
-0.10081
-0.08249
-0.07616
-0.06591
-0.04876
-0.03418
-0.01979
-0.00855
0.00407
0.01412
0.01906
0.02498
0.02028
0.02738
0.03113
0.03174
0.02999
0.02449
0.01999
0.01095
0.01314
0.01416
0.01068
0.00919
-0.0031
-0.00946
-0.02171
-0.029
-0.03588
-0.04746
-0.06118
-0.08137
-0.09801
-0.10638
-0.11613
-0.12273
-0.137
-0.14282
-0.15237
-0.15523
-0.15376
-0.14186
-0.13154
-0.1222
-0.11955
-0.11277
-0.10579
-0.09468
-0.08869
-0.07561
-0.06549
-0.05379
-0.05449
-0.04811
-0.0431
-0.03612
-0.02836
-0.01469
-0.00654
0.00595
0.01194
0.01616
0.01644
0.0246
0.02056
0.01868
0.01365
0.00606
-0.01097
-0.01678
-0.03066
-0.04573
-0.06394
-0.07526
-0.09091
-0.09968
-0.10648
-0.11111
-0.11299
-0.11211
-0.12599
-0.13633
-0.14155
-0.13694
-0.13921
-0.13735
-0.13353
-0.13639
-0.13532
-0.13543
-0.12609
-0.10672
-0.08538
-0.06286
-0.04683
-0.02903
-0.01419
-0.00288
0.01235
0.01972
0.02198
0.01656
0.00642
-0.00373
-0.02095
-0.03975
-0.05481
-0.07144
-0.08257
-0.09959
-0.10621
-0.10286
-0.10054
-0.09277
-0.08722
-0.0774
-0.0629
-0.05437
-0.03703
-0.02507
-0.00607
0.00877
0.0183
0.02822
0.03617
0.0461
0.05387
0.06203
0.06901
0.06988
0.07254
0.07302
0.07035
0.0667
0.06186
0.05644
0.04964
0.04302
0.03385
0.03608
0.03753
0.04331
0.04771
0.05211
0.0571
0.06602
0.07317
0.08386
0.0979
0.1098
0.10896
0.10798
0.09484
0.08233
0.07085
0.06061
0.04707
0.03475
0.0217
0.00654
-0.01098
-0.02515
-0.03794
-0.04089
-0.03971
-0.04049
-0.04246
-0.04738
-0.05604
-0.06785
-0.08201
-0.08929
-0.09657
-0.10936
-0.13062
-0.15344
-0.16859
-0.18237
-0.19043
-0.19122
-0.19142
-0.18571
-0.18237
-0.17351
-0.15875
-0.13632
-0.11369
-0.09716
-0.07985
-0.06037
-0.04502
-0.02967
-0.02023
-0.01019
-0.00468
-0.00271
0.00594
0.00988
0.01264
0.01067
0.00378
-0.00586
-0.01275
-0.01747
-0.02337
-0.02672
-0.02593
-0.03794
-0.04856
-0.05565
-0.05761
-0.05801
-0.0521
-0.05309
-0.0523
-0.05033
-0.05584
-0.06214
-0.06155
-0.05604
-0.05132
-0.05171
-0.05643
-0.06489
-0.06706
-0.07158
-0.07572
-0.07788
-0.07945
-0.08555
-0.09539
-0.10877
-0.11409
-0.11389
-0.11251
-0.11015
-0.1074
-0.10641
-0.09224
-0.08516
-0.0765
-0.06903
-0.05742
-0.05033
-0.04384
-0.034
-0.02436
-0.01806
-0.0094
-0.01314
-0.01058
-0.0094
-0.00704
4.35194E-4
0.00811
0.01755
0.01972
0.0207
0.027
0.03015
0.03822
0.05415
0.07816
0.10984
0.13149
0.15372
0.17182
0.19544
0.21669
0.23617
0.2588
0.28162
0.29048
0.28831
0.27474
0.26549
0.24837
0.23046
0.21334
0.19622
0.18166
0.1612
0.13641
0.1124
0.09843
0.09056
0.08387
0.08564
0.09056
0.08485
0.0817
0.07973
0.08308
0.08583
0.09252
0.09469
0.0939
0.088
0.08485
0.08328
0.0939
0.10177
0.10158
0.10433
0.10945
0.1187
0.12421
0.13109
0.13916
0.13641
0.12952
0.1187
0.10689
0.10453
0.09371
0.08229
0.07049
0.06222
0.05593
0.05553
0.06222
0.07363
0.08269
0.09941
0.10748
0.12047
0.13503
0.14388
0.15333
0.15569
0.1553
0.15156
0.14428
0.13916
0.12735
0.12086
0.11319
0.11004
0.10945
0.10433
0.10787
0.1126
0.12302
0.1309
0.14172
0.14959
0.15569
0.16258
0.16454
0.1673
0.17419
0.17379
0.1734
0.17045
0.17005
0.16691
0.17182
0.18048
0.18698
0.18225
0.17891
0.17379
0.17792
0.17615
0.1734
0.17241
0.17182
0.16651
0.15313
0.14428
0.15943
0.17281
0.18698
0.19563
0.20154
0.20508
0.20764
0.20803
0.20842
0.21452
0.22023
0.20783
0.19012
0.1797
0.1671
0.16494
0.17104
0.17458
0.17773
0.17576
0.1736
0.16533
0.15392
0.14861
0.13365
0.11968
0.10099
0.07442
0.04884
0.02602
0.01204
-0.00271
-0.01432
-0.01511
-0.01609
-0.01786
-0.02082
-0.02062
-0.0218
-0.01983
-0.02003
-0.0216
-0.02082
-0.01747
-0.01373
-0.00842
0.00358
0.02287
0.03782
0.05888
0.07541
0.09371
0.11142
0.12401
0.13306
0.13463
0.13345
0.12873
0.1122
0.09902
0.0819
0.07108
0.05966
0.04668
0.03408
0.02739
0.027
0.02582
0.0268
0.03802
0.05101
0.06498
0.07777
0.0943
0.11476
0.13955
0.15589
0.17104
0.18402
0.18757
0.18658
0.17182
0.16061
0.14644
0.12539
0.09784
0.06301
0.03526
0.00693
-0.01216
-0.01373
-0.01491
-0.00153
0.00634
0.01145
0.02169
0.03467
0.06104
0.08662
0.11496
0.13444
0.14014
0.14251
0.14742
0.15726
0.17379
0.18875
0.20626
0.21197
0.21452
0.2098
0.20665
0.20803
0.22023
0.22358
0.21984
0.20764
0.1913
0.1732
0.15766
0.14191
0.13385
0.12539
0.11496
0.0943
0.07442
0.05789
0.04628
0.04176
0.03585
0.03153
0.02877
0.02149
0.01303
0.00594
0.00713
0.00968
0.01677
0.02464
0.03093
0.03881
0.04432
0.04845
0.05455
0.06183
0.0695
0.06931
0.06832
0.05947
0.04825
0.03113
0.01421
0.00516
8.2874E-4
-0.00744
-0.00744
-0.00488
0.00319
0.01145
0.027
0.04648
0.07127
0.09548
0.11043
0.1183
0.12952
0.1307
0.12381
0.11142
0.10099
0.09174
0.08111
0.07127
0.06045
0.05061
0.04864
0.0455
0.04786
0.05907
0.07226
0.08308
0.09036
0.0943
0.09508
0.09784
0.10532
0.10158
0.10374
0.10236
0.09154
0.08072
0.07226
0.05927
0.04825
0.03822
0.03192
0.0207
0.0207
0.0148
0.00772
0.01027
0.02169
0.03349
0.0516
0.07304
0.09193
0.09961
0.1063
0.10374
0.10532
0.11319
0.11417
0.10197
0.08642
0.06616
0.0453
0.02641
0.01264
0.01086
0.01893
0.02188
0.0211
0.0207
0.02621
0.03389
0.04884
0.05907
0.07718
0.09646
0.10453
0.10748
0.10807
0.11338
0.12912
0.14565
0.16277
0.1675
0.17478
0.17104
0.17143
0.16415
0.15589
0.1553
0.14644
0.12558
0.10079
0.07049
0.05238
0.03133
0.01126
-0.01196
-0.01373
-0.01393
-0.01668
-0.0159
-0.00921
-0.00193
0.01244
0.02385
0.03763
0.0577
0.07304
0.07265
0.07108
0.06439
0.06006
0.05042
0.04432
0.03703
0.02385
0.0146
4.16483E-5
-0.00626
-0.01157
-0.01078
-7.45443E-4
0.00181
0.01264
0.02169
0.02641
0.0333
0.03546
0.0394
0.039
0.05042
0.05199
0.04648
0.04333
0.03034
0.01913
0.01421
0.01696
0.02346
0.03074
0.03507
0.03133
0.03271
0.03349
0.03664
0.04786
0.0575
0.06222
0.0575
0.04412
0.03034
0.02464
0.01677
0.00594
-0.0033
-0.00429
-0.00448
-0.00685
-0.01157
-0.01019
-0.00685
-0.00173
-0.00468
-0.00901
-0.00586
0.0028
-7.45443E-4
-0.01058
-0.01688
-0.01393
-0.01117
-9.42216E-4
-5.48671E-4
0.00299
0.01224
0.015
0.01342
0.01323
0.01421
0.01716
0.01126
0.00181
-0.00803
-0.00172
0.00402
0.00744
0.01227
0.01517
0.02714
0.0427
0.0512
0.06643
0.08248
0.09837
0.1005
0.10006
0.0939
0.08262
0.07643
0.06079
0.0412
0.02356
0.00611
-0.00958
-0.0306
-0.0416
-0.04925
-0.04529
-0.03405
-0.02557
-0.01649
-0.00978
0.00244
0.00994
0.01902
0.03025
0.03362
0.03758
0.03465
0.03231
0.02938
0.03216
0.04851
0.05896
0.07335
0.08813
0.10429
0.12458
0.1435
0.16674
0.1831
0.19966
0.21661
0.2186
0.22178
0.21885
0.20727
0.19923
0.19001
0.18315
0.17236
0.16432
0.15608
0.14411
0.13685
0.13353
0.13513
0.13771
0.13204
0.12995
0.12357
0.11585
0.10817
0.0968
0.08388
0.07022
0.05462
0.03809
0.02808
0.02027
0.01422
0.01172
0.00587
0.00553
0.0105
0.01528
0.02439
0.03174
0.03338
0.03502
0.03372
0.01785
0.0012
-0.00896
-0.02364
-0.03754
-0.04277
-0.05136
-0.0627
-0.06538
-0.06885
-0.0668
-0.05473
-0.04639
-0.0351
-0.0236
-0.01388
-0.01261
-0.01155
-0.00792
-0.00921
-0.01424
-0.0177
-0.02037
-0.02304
-0.03044
-0.03765
-0.04816
-0.05978
-0.07192
-0.08046
-0.08422
-0.08437
-0.08722
-0.0894
-0.08581
-0.08846
-0.09418
-0.09399
-0.09144
-0.08554
-0.08041
-0.08237
-0.08728
-0.09238
-0.09927
-0.10951
-0.10617
-0.09496
-0.08592
-0.07491
-0.06587
-0.06491
-0.0612
-0.04923
-0.03804
-0.02743
-0.00992
-6.83531E-4
0.0041
0.0034
0.00294
-4.48803E-4
0.00503
0.01506
0.01725
0.02419
0.03291
0.03418
0.0394
0.04182
0.05231
0.06001
0.07696
0.09096
0.10102
0.10891
0.10696
0.10127
0.09558
0.08556
0.08045
0.07043
0.05983
0.03662
0.01165
-0.01727
-0.03379
-0.03889
-0.03927
-0.03985
-0.04085
-0.04102
-0.0441
-0.04556
-0.03792
-0.02434
-0.00166
0.01005
0.01649
0.01313
0.01532
0.02212
0.01927
0.02449
0.02932
0.02825
0.02403
0.01154
0.00142
-0.01087
-0.00762
-0.01105
-0.01567
-0.01163
-0.01014
-0.00846
6.96136E-4
0.00828
0.01822
0.02679
0.03418
0.03094
0.03163
0.03154
0.02909
0.01759
0.01022
-0.00423
-0.0179
-0.02547
-0.03008
-0.02525
-0.01747
-0.01579
-0.01273
-0.00731
0.01483
0.02911
0.04436
0.06179
0.06977
0.07263
0.06663
0.06104
0.06842
0.07168
0.07277
0.06048
0.05724
0.05853
0.05686
0.05756
0.06121
0.068
0.07283
0.06881
0.06635
0.0639
0.06637
0.06451
0.05773
0.05291
0.054
0.0604
0.06622
0.06711
0.06977
0.07598
0.081
0.08918
0.0944
0.10297
0.1076
0.10889
0.10269
0.09887
0.10173
0.10065
0.0923
0.08374
0.06909
0.06074
0.0512
0.0397
0.02957
0.01964
0.00617
-4.15347E-4
-3.09155E-4
0.00314
0.00699
0.01201
0.01035
0.0073
0.01253
0.01303
0.01648
0.01993
0.01118
-0.00721
-0.02088
-0.03711
-0.05196
-0.06877
-0.08539
-0.10752
-0.12591
-0.14804
-0.16564
-0.17656
-0.18078
-0.18737
-0.18037
-0.17358
-0.1597
-0.14228
-0.11817
-0.09288
-0.05638
-0.02264
0.01032
0.04367
0.07111
0.08459
0.10062
0.10976
0.11517
0.11506
0.11161
0.09577
0.07678
0.05739
0.03368
0.02118
0.00809
-0.00834
-0.01572
-0.01917
-0.02419
-0.02763
-0.02458
-0.01405
-0.00175
0.01369
0.01793
0.02728
0.04056
0.05188
0.05848
0.07314
0.08367
0.09302
0.09313
0.08438
0.07799
0.08006
0.07446
0.05922
0.0363
0.01299
-0.01898
-0.0474
-0.07406
-0.09403
-0.10454
-0.11821
-0.13641
-0.13925
-0.13226
-0.11602
-0.09683
-0.07763
-0.05214
-0.03472
-0.02655
-0.02467
-0.01748
-0.0097
-0.01451
-0.01933
-0.02808
-0.0382
-0.04557
-0.06081
-0.06759
-0.05627
-0.03845
-0.02772
-0.02033
-0.00645
0.00271
0.01265
0.02594
0.04199
0.06512
0.08411
0.09229
0.09829
0.10903
0.12763
0.14013
0.155
0.16907
0.17941
0.1864
0.17923
0.17127
0.16173
0.15042
0.13301
0.11186
0.09563
0.07567
0.0557
0.0379
0.02147
0.01764
0.0201
0.02335
0.02326
0.02946
0.03055
0.03459
0.04414
0.05212
0.06245
0.07023
0.07723
0.07871
0.07783
0.08404
0.09123
0.10373
0.11131
0.1189
0.12884
0.13013
0.13495
0.13309
0.13162
0.1333
0.13262
0.12249
0.11256
0.09888
0.08265
0.06406
0.05275
0.04164
0.03801
0.03535
0.03074
0.02848
0.0337
0.03971
0.05575
0.06943
0.08862
0.11175
0.13173
0.14935
0.16814
0.19166
0.21125
0.23005
0.25002
0.26508
0.27798
0.28477
0.28074
0.27671
0.26737
0.25587
0.23964
0.2236
0.21505
0.20571
0.19578
0.19253
0.18674
0.18625
0.18596
0.18921
0.19542
0.20576
0.21471
0.20655
0.18462
0.15502
0.12522
0.10408
0.08491
0.06515
0.04736
0.02151
-0.01064
-0.04082
-0.05939
-0.06044
-0.04949
-0.03697
-0.03291
-0.03612
-0.03403
-0.02898
-0.02118
-0.00924
0.00171
0.0103
0.00787
-2.67719E-4
-0.01883
-0.03189
-0.03865
-0.04718
-0.05945
-0.06817
-0.07454
-0.08189
-0.08825
-0.08498
-0.08072
-0.06741
-0.04977
-0.03291
-0.01566
-0.00609
0.00899
0.02211
0.03857
0.05287
0.06146
0.07241
0.08455
0.08822
0.09169
0.08769
0.09333
0.09464
0.09418
0.09352
0.09207
0.09437
0.09508
0.09108
0.09081
0.08976
0.09461
0.09198
0.08621
0.07709
0.06659
0.05708
0.04206
0.02585
0.00946
-0.00911
-0.03102
-0.05608
-0.07385
-0.09281
-0.10134
-0.1142
-0.12509
-0.13322
-0.14332
-0.14929
-0.15369
-0.15061
-0.13572
-0.12084
-0.09985
-0.08772
-0.06477
-0.04575
-0.02496
0.00567
0.03119
0.05552
0.07788
0.0851
0.08995
0.08929
0.09591
0.09644
0.10148
0.10535
0.09879
0.09912
0.09964
0.09583
0.09813
0.09924
0.10232
0.09871
0.09313
0.08676
0.07941
0.07718
0.06944
0.06268
0.05691
0.05428
0.05165
0.05139
0.05151
0.05499
0.05669
0.06036
0.06226
0.06455
0.06763
0.07541
0.07827
0.08958
0.09812
0.11256
0.12324
0.13391
0.14064
0.14125
0.14048
0.134
0.12515
0.11709
0.09821
0.07933
0.05081
0.0274
0.00675
-0.00977
-0.01644
-0.02017
-0.01681
-0.01228
-0.00479
0.00644
0.01924
0.04089
0.05527
0.0659
0.07182
0.07714
0.08089
0.07992
0.07698
0.06577
0.0524
0.04101
0.02449
0.01368
0.00483
0.0013
-0.0103
-0.0205
-0.02912
-0.0442
-0.04864
-0.05031
-0.06159
-0.07305
-0.08587
-0.09689
-0.10888
-0.11179
-0.11785
-0.11642
-0.10221
-0.09429
-0.08519
-0.06901
-0.04968
-0.02917
-0.01121
0.00773
0.01938
0.03379
0.03778
0.02818
0.02134
0.01312
0.00431
-0.00449
-0.01862
-0.0292
-0.04646
-0.06
-0.07667
-0.08824
-0.08622
-0.08736
-0.09302
-0.09946
-0.1067
-0.10508
-0.1131
-0.12033
-0.12658
-0.12299
-0.1196
-0.1227
-0.12266
-0.12123
-0.1141
-0.10343
-0.10378
-0.09232
-0.0726
-0.05543
-0.04771
-0.04059
-0.03444
-0.02573
-0.00641
0.00781
0.01336
0.03269
0.04986
0.06565
0.08399
0.10116
0.11754
0.12919
0.13514
0.1283
0.12264
0.1221
0.11211
0.09307
0.06812
0.04023
0.02001
-0.00435
-0.0167
-0.02944
-0.03255
-0.03801
-0.03973
-0.04599
-0.04437
-0.04344
-0.04191
-0.04197
-0.0326
-0.03089
-0.02466
-0.02038
-0.01492
-0.01772
-0.00988
-0.00675
-7.32927E-4
0.00508
0.00402
-0.0039
-0.00552
-0.01088
-0.0245
-0.03438
-0.0358
-0.04175
-0.04001
-0.03162
-0.0207
-1.50836E-4
0.02155
0.03437
0.04698
0.06388
0.07624
0.08248
0.08929
0.0994
0.10302
0.10427
0.09785
0.09084
0.08954
0.09158
0.09835
0.10571
0.11031
0.11432
0.09944
0.09145
0.08975
0.09435
0.10289
0.10847
0.1176
0.11905
0.12346
0.13947
0.16178
0.19432
0.20856
0.21179
0.20714
0.1956
0.18073
0.1627
0.15038
0.13451
0.11353
0.08035
0.04816
0.03328
0.0243
0.0232
0.03587
0.05896
0.07596
0.08922
0.1013
0.10865
0.12447
0.14028
0.15137
0.1605
0.16411
0.151
0.12844
0.10923
0.09159
0.0775
0.06754
0.0562
0.04269
0.02742
0.01391
0.00218
9.3092E-5
0.00587
0.00811
0.01075
0.00767
-0.00131
-0.01048
-0.01552
-0.02175
-0.02305
-0.02868
-0.03726
-0.0429
-0.04066
-0.03743
-0.02575
-0.00639
0.01021
0.02347
0.04145
0.05412
0.07348
0.08949
0.08917
0.09279
0.0972
0.10062
0.10561
0.11257
0.11796
0.12571
0.13247
0.13786
0.14935
0.17284
0.18413
0.19129
0.1949
0.19084
0.18679
0.18824
0.17552
0.16045
0.14557
0.12891
0.10813
0.08715
0.07207
0.05739
0.0427
0.02763
0.01177
0.00751
0.01074
0.01298
0.01837
0.02553
0.04273
0.05737
0.07221
0.09491
0.11585
0.12911
0.14296
0.15198
0.15476
0.14725
0.11827
0.13273
0.12387
0.09887
0.07692
0.04379
0.32099