0
0.633
1.183
1.864
2.966
4.144
5.414
6.565
7.68
8.93
10.045
11.198
12.461
13.615
14.757
16.004
17.136
18.317
19.526
20.671
21.791
23.077
24.243
25.584
26.764
27.989
29.141
30.432
31.611
32.906
34.006
35.385
36.594
37.815
38.987
40.266
41.386
42.518
43.798
45.003
46.256
47.452
48.567
49.805
50.966
52.246
53.383
54.549
55.87
56.982
58.252
59.363
60.495
61.783
63.023
64.233
65.401
66.51
67.78
68.876
70.01
71.309
72.408
73.517
74.662
75.92
77.047
78.183
79.458
80.574
81.723
82.977
84.127
85.43
86.574
87.705
88.977
90.086
91.423
92.56
93.711
94.961
96.159
97.251
98.495
99.645
100.765
102.032
103.197
104.338
105.546
106.655
107.79
108.898
110.028
111.247
112.378
113.527
114.777
115.869
117.016
118.148
119.379
120.529
121.831
123.048
124.291
125.435
126.557
127.845
128.995
130.114
131.358
132.451
133.588
134.736
135.976
137.119
138.269
139.502
140.888
142.271
143.467
144.735
145.935
147.201
148.349
149.646
150.778
151.915
153.167
154.316
155.48
156.713
157.84
158.997
160.245
161.365
162.484
163.779
164.884
166.018
167.144
168.394
169.526
170.659
171.925
173.061
174.374
175.526
176.64
177.906
179.022
180.188
181.438
182.555
183.722
184.969
186.092
187.239
188.506
189.62
190.757
191.884
193.127
194.296
195.415
196.654
197.782
198.893
200.006
201.28
202.42
203.714
204.821
205.956
207.064
208.315
209.431
210.582
211.679
212.936
214.143
215.392
216.526
217.66
218.925
220.076
221.18
222.458
223.606
224.93
226.073
227.208
228.44
229.541
230.673
231.976
233.343
234.546
235.821
236.98
238.121
239.352
240.451
241.586
242.882
244.269
245.454
246.737
247.884
249.001
250.259
251.365
252.512
253.783
254.881
256.232
257.381
258.503
259.777
260.88
262.028
263.32
264.41
265.528
266.635
267.768
269
270.133
271.275
272.54
273.644
274.807
276.073
277.222
278.372
279.588
280.686
281.803
282.941
284.187
285.27
286.442
287.535
288.796
289.952
291.118
292.395
293.55
294.813
295.965
297.068
298.332
299.45
300.585
301.867
302.982
304.312
305.48
306.62
307.862
308.968
310.112
311.395
312.585
313.861
314.974
316.316
317.476
318.777
319.909
321.042
322.308
323.407
324.528
325.641
326.912
328.029
329.133
330.29
331.515
332.654
333.743
334.879
336.111
337.231
338.371
339.643
340.77
341.887
343.186
344.323
345.435
346.734
347.85
349.015
350.261
351.45
352.716
353.848
354.963
356.24
357.419
358.718
359.831
360.961
362.244
363.344
364.711
365.861
366.976
368.208
369.333
370.477
371.581
372.834
373.984
375.122
376.376
377.5
378.59
379.721
381.014
382.179
383.44
384.588
385.72
386.953
388.069
389.212
390.501
391.676
392.952
394.067
395.178
396.482
397.651
398.79
400.017
401.159
402.479
403.849
404.982
406.119
407.379
408.496
409.595
410.914
412.061
413.398
414.512
415.643
416.915
418.303
419.442
420.605
421.835
422.992
424.294
425.422
426.74
427.895
429.065
430.273
431.418
432.767
434.105
435.22
436.369
437.654
438.819
439.953
441.184
442.302
443.429
444.734
445.869
447.165
448.349
449.46
450.715
451.897
452.997
454.231
455.374
456.513
457.794
458.942
460.222
461.363
462.51
463.76
464.883
466.053
467.301
468.46
469.753
470.962
472.224
473.397
474.657
475.856
477.152
478.338
479.581
480.704
481.838
483.12
484.253
485.571
486.736
488.021
489.191
490.335
491.56
492.702
493.833
495.108
496.32
497.552
498.727
499.848
501.105
502.23
503.381
504.63
505.796
507.079
508.246
509.362
510.609
511.762
513.079
514.266
515.537
516.711
517.993
519.093
520.264
521.525
522.899
524.293
525.655
527.039
528.437
529.82
531.197
532.618
534.04
535.42
536.792
538.179
539.519
540.89
542.313
543.693
545.034
546.464
547.867
549.209
550.647
552.041
553.446
554.76
556.091
557.49
558.841
560.217
561.608
562.986
564.398
565.782
567.245
568.523
569.908
571.288
572.457
573.736
574.941
576.189
577.363
578.489
579.732
580.919
582.18
583.321
584.641
585.816
587.12
588.27
589.568
590.734
592.033
593.2
594.47
595.631
596.933
598.366
599.699
601.095
602.282
603.53
604.762
606.012
607.162
608.453
609.628
610.927
612.111
613.367
614.517
615.648
616.897
618.061
619.366
620.516
621.818
622.991
624.29
625.426
626.739
627.905
629.185
630.359
631.677
632.863
634.106
635.502
636.671
637.97
639.135
640.401
641.535
642.683
643.95
645.099
646.397
647.573
648.681
649.927
651.08
652.19
653.48
654.615
655.736
657.012
658.141
659.461
660.595
661.711
662.994
664.146
665.269
666.509
667.634
668.773
670.064
671.209
672.359
673.578
674.712
675.862
677.139
678.285
679.567
680.726
682.038
683.18
684.338
685.561
686.737
687.87
689.253
690.476
691.604
692.748
694.006
695.135
696.298
697.537
698.675
699.798
701.079
702.231
703.396
704.726
705.843
707.125
708.245
709.527
710.663
711.799
713.053
714.177
715.309
716.43
717.691
719.049
720.183
721.306
722.593
723.723
724.888
726.13
727.304
728.573
729.704
730.87
732.103
733.252
734.365
735.652
736.794
738.118
739.279
740.387
741.65
742.77
743.904
745.17
746.322
747.615
749.008
750.171
751.291
752.545
753.661
754.812
756.073
757.211
758.335
759.61
760.734
761.91
763.142
764.259
765.446
766.659
767.841
769.126
770.267
771.408
772.682
773.815
774.941
776.199
777.285
778.638
779.773
780.913
782.174
783.34
784.474
785.707
786.88
788.175
789.294
790.431
791.701
792.816
793.949
795.255
796.435
797.703
798.886
800.173
801.296
802.415
803.701
804.804
805.961
807.241
808.596
809.752
810.898
812.131
813.374
814.596
815.775
817.041
818.196
819.348
820.608
821.732
822.884
824.108
825.28
826.422
827.649
828.826
830.121
831.269
832.587
833.742
835.02
836.186
837.502
838.878
839.978
841.171
842.392
843.541
844.684
845.922
847.064
848.214
849.464
850.596
851.763
853.012
854.145
855.444
856.647
857.919
859.079
860.359
861.467
862.643
863.89
865.01
866.141
867.425
868.63
869.908
871.041
872.207
873.435
874.538
875.687
876.971
878.154
879.432
880.586
881.719
882.935
884.069
885.486
886.804
888.183
889.566
890.943
892.336
893.715
895.084
896.48
897.848
899.227
900.611
901.999
903.384
904.769
906.143
907.534
908.925
910.294
911.692
913.066
914.227
915.529
916.733
917.991
919.131
920.266
921.507
922.631
923.763
925.027
926.134
927.3
928.588
929.786
931.045
932.419
933.601
934.886
936.251
937.45
938.695
939.871
941.183
942.398
943.613
944.815
946.09
947.468
948.884
950.244
951.596
952.988
954.388
955.781
957.175
958.534
959.907
961.283
962.741
964.669
966.351
968.034
969.738
971.414
972.813
974.263
975.67
977.068
978.424
979.777
981.158
982.551
983.912
985.312
986.672
988.048
989.474
990.881
992.464
993.854
995.231
996.616
998.299
999.752
1001.102
1002.749
1004.137
1005.545
1006.939
1008.28
1009.665
1011.048
1012.221
1013.327
1014.597
1015.961
1017.355
1018.746
1020.108
1021.505
1022.883
1024.266
1025.65
1027.02
1028.407
1029.598
1030.894
1032.244
1033.444
1034.717
1036.104
1037.272
1038.566
1039.716
1040.998
1042.18
1043.46
1044.637
1045.914
1047.053
1048.386
1049.573
1050.839
1052.002
1053.285
1054.452
1055.753
1056.958
1058.217
1059.365
1060.669
1061.872
1063.127
1064.324
1065.573
1066.968
1068.147
1069.413
1070.559
1071.895
1073.077
1074.352
1075.518
1076.806
1077.959
1079.252
1080.429
1081.699
1083.104
1084.233
1085.547
1086.936
1088.104
1089.48
1090.834
1092.145
1093.559
1094.703
1096.013
1097.181
1098.48
1099.645
1100.901
1102.091
1103.374
1104.548
1105.823
1106.96
1108.138
1109.356
1110.527
1111.808
1112.974
1114.124
1115.353
1116.474
1117.606
1118.901
1120.041
1121.34
1122.515
1123.811
1124.977
1126.273
1127.443
1128.737
1129.882
1131.168
1132.367
1133.619
1134.786
1136.112
1137.288
1138.543
1139.74
1141.015
1142.181
1143.465
1144.63
1145.93
1147.129
1148.379
1149.767
1150.974
1152.228
1153.389
1154.677
1155.829
1156.98
1158.197
1159.603
1160.758
1162.043
1163.227
1164.498
1165.667
1166.96
1168.176
1169.492
1170.82
1172.237
1173.588
1174.959
1176.189
1177.457
1178.785
1180.202
1181.563
1182.718
1184.003
1185.221
1186.582
1187.849
1189.292
1190.614
1192.009
1193.208
1194.564
1195.854
1197.259
1198.619
1199.795
1201.08
1202.254
1203.522
1204.721
1205.975
1207.128
1208.455
1209.659
1210.909
1212.109
1213.341
1214.54
1215.829
1217.008
1218.275
1219.637
1220.854
1222.105
1223.617
1224.905
1226.247
1227.625
1229.037
1230.469
1231.895
1233.224
1234.55
1235.697
1237.018
1238.243
1239.483
1240.678
1241.915
1243.05
1244.181
1245.454
1246.618
1247.922
1249.125
1250.363
1251.544
1252.845
1254.211
1255.582
1256.778
1258.059
1259.242
1260.498
1261.674
1262.963
1264.168
1265.431
1266.616
1267.872
1269.046
1270.357
1271.545
1272.804
1273.971
1275.254
1276.436
1277.709
1278.932
1280.168
1281.338
1282.643
1283.798
1284.935
1286.173
1287.35
1288.635
1289.799
1291.065
1292.231
1293.549
1294.731
1295.979
1297.114
1298.441
1299.599
1300.728
1301.995
1303.178
1304.429
1305.628
1306.892
1308.055
1309.367
1310.551
1311.809
1312.96
1314.275
1315.426
1316.74
1317.94
1319.173
1320.322
1321.641
1323.028
1324.394
1325.587
1326.878
1328.047
1329.331
1330.534
1331.776
1332.919
1334.251
1335.45
1336.683
1337.866
1339.173
1340.315
1341.62
1342.811
1344.081
1345.248
1346.516
1347.897
1349.109
1350.362
1351.513
1352.678
1353.891
1355.06
1356.194
1357.426
1358.61
1359.881
1361.086
1362.36
1363.574
1364.808
1365.959
1367.28
1368.482
1369.726
1370.889
1372.038
1373.272
1374.489
1375.727
1376.908
1378.203
1379.385
1380.62
1381.82
1383.085
1384.251
1385.558
1386.737
1388.017
1389.177
1390.468
1391.865
1393.021
1394.291
1395.467
1396.755
1397.959
1399.229
1400.397
1401.68
1402.879
1404.127
1405.344
1406.595
1407.76
1409.059
1410.249
1411.491
1412.636
1413.958
1415.125
1416.274
1417.481
1418.639
1419.956
1421.142
1422.406
1423.587
1424.854
1426.037
1427.336
1428.503
1429.79
1430.994
1432.235
1433.38
1434.704
1436.085
1437.266
1438.543
1439.922
1441.119
1442.382
1443.588
1444.831
1445.99
1447.297
1448.498
1449.74
1450.894
1452.209
1453.37
1454.673
1455.847
1457.115
1458.326
1459.576
1460.777
1462.043
1463.225
1464.509
1465.68
1466.95
1468.138
1469.402
1470.805
1471.971
1473.267
1474.428
1475.712
1476.898
1478.153
1479.296
1480.463
1481.691
1482.858
1484.176
1485.334
1486.602
1487.753
1488.908
1490.14
1491.311
1492.594
1493.75
1495.066
1496.232
1497.513
1498.713
1499.965
1501.348
1502.735
1503.937
1505.215
1506.399
1507.654
1508.836
1510.121
1511.317
1512.561
1513.778
1515.025
1516.204
1517.507
1518.714
1519.939
1521.134
1522.404
1523.588
1524.883
1526.069
1527.319
1528.516
1529.786
1530.954
1532.235
1533.417
1534.713
1535.914
1537.167
1538.333
1539.601
1540.826
1542.083
1543.277
1544.517
1545.664
1546.98
1548.196
1549.446
1550.596
1551.925
1553.065
1554.357
1555.555
1556.814
1557.993
1559.26
1560.483
1561.742
1563.11
1564.278
1565.569
1566.751
1568.023
1569.213
1570.49
1571.654
1572.938
1574.088
1575.386
1576.778
1577.978
1579.248
1580.609
1581.735
1582.901
1584.151
1585.3
1586.467
1587.699
1588.88
1590.133
1591.332
1592.601
1594.003
1595.174
1596.432
1597.614
1598.912
1600.114
1601.37
1602.545
1603.828
1604.993
1606.26
1607.479
1608.733
1609.942
1611.2
1612.409
1613.654
1615.019
1616.264
1617.798
1618.969
1620.273
1621.449
1622.72
1623.861
1625.254
1626.551
1627.77
1629.003
1630.209
1631.484
1632.846
1634.017
1635.317
1636.68
1637.85
1638.972
1640.221
1641.408
1642.676
1643.831
1645.147
1646.314
1647.614
1648.816
1650.065
1651.245
1652.498
1653.666
1654.962
1656.343
1657.576
1658.81
1660.005
1661.276
1662.447
1663.742
1664.94
1666.182
1667.377
1668.657
1669.873
1671.105
1672.288
1673.556
1674.74
1676.011
1677.198
1678.453
1679.709
1680.925
1682.105
1683.389
1684.555
1685.85
1687.21
1688.413
1689.678
1690.88
1692.151
1693.516
1694.701
1695.985
1697.214
1698.448
1699.651
1700.907
1702.098
1703.359
1704.54
1705.812
1706.978
1708.259
1709.442
1710.742
1711.925
1713.182
1714.369
1715.64
1716.783
1718.109
1719.311
1720.574
1721.771
1723.004
1724.187
1725.473
1726.845
1728.059
1729.315
1730.48
1731.768
1732.951
1734.218
1735.418
1736.672
1737.851
1739.139
1740.31
1741.608
1742.784
1744.044
1745.256
1746.515
1747.698
1749.059
1750.357
1751.564
1752.819
1753.994
1755.262
1756.672
1758.023
1759.199
1760.492
1761.675
1762.959
1764.159
1765.395
1766.575
1767.851
1769.064
1770.323
1771.542
1772.778
1773.915
1775.083
1776.305
1777.502
1778.782
1780.147
1781.284
1782.418
1783.684
1784.897
1786.133
1787.316
1788.587
1789.765
1791.051
1792.259
1793.508
1794.668
1795.963
1797.164
1798.429
1799.612
1800.912
1802.094
1803.348
1804.543
1805.817
1807.008
1808.273
1809.443
1810.731
1811.898
1813.177
1814.391
1815.622
1816.805
1818.084
1819.317
1820.55
1821.738
1823.005
1824.208
1825.455
1826.629
1827.936
1829.318
1830.675
1831.848
1833.134
1834.3
1835.634
1837
1838.188
1839.453
1840.644
1841.897
1843.097
1844.363
1845.581
1846.813
1847.996
1849.281
1850.46
1851.74
1852.874
1854.195
1855.381
1856.665
1857.876
1859.123
1860.326
1861.572
1862.742
1864.007
1865.218
1866.485
1867.597
1868.931
1870.073
1871.399
1872.774
1874.156
1875.31
1876.604
1877.785
1879.085
1880.251
1881.519
1882.684
1884.002
1885.212
1886.453
1887.67
1888.906
1890.097
1891.35
1892.549
1893.83
1895.029
1896.279
1897.445
1898.738
1899.901
1901.204
1902.358
1903.676
1905.034
1906.209
1907.484
1908.659
1909.941
1911.097
1912.409
1913.595
1914.85
1916.03
1917.339
1918.539
1919.771
1920.954
1922.237
1923.388
1924.69
1925.849
1927.003
1928.237
1929.625
1930.815
1932.069
1933.239
1934.607
1935.919
1937.099
1938.357
1939.748
1940.946
1942.216
1943.362
1944.657
1945.839
1947.124
1948.339
1949.582
1950.782
1952.028
1953.21
1954.493
1955.676
1956.944
1958.108
1959.417
1960.599
1961.853
1963.041
1964.336
1965.694
1966.869
1968.184
1969.355
1970.626
1971.806
1973.079
1974.266
1975.545
1976.765
1978.002
1979.135
1980.301
1981.524
1982.696
1984
1985.387
1986.565
1987.815
1989.023
1990.304
1991.461
1992.732
1993.929
1995.196
1996.57
1997.773
1999.029
2000.216
2001.494
2002.66
2003.943
2005.126
2006.409
2007.63
2008.859
2010.024
2011.325
2012.498
2013.796
2014.973
2016.25
2017.42
2018.705
2019.906
2021.173
2022.336
2023.613
2024.764
2026.088
2027.469
2028.635
2029.917
2031.101
2032.367
2033.563
2034.844
2036.014
2037.287
2038.528
2039.733
2040.937
2042.231
2043.598
2044.808
2046.043
2047.254
2048.489
2049.647
2050.949
2052.137
2053.41
2054.625
2055.875
2057.092
2058.417
2059.719
2060.89
2062.176
2063.406
2064.622
2065.807
2067.083
2068.238
2069.372
2070.637
2071.82
2073.086
2074.25
2075.535
2076.752
2078
2079.177
2080.445
2081.624
2082.918
2084.114
2085.382
2086.548
2087.815
2089.21
2090.413
2091.667
2092.856
2094.131
2095.345
2096.578
2097.761
2099.032
2100.234
2101.51
2102.662
2103.962
2105.189
2106.4
2107.571
2108.856
2110.058
2111.323
2112.541
2113.782
2114.967
2116.278
2117.639
2118.822
2120.159
2121.464
2122.656
2123.922
2125.069
2126.394
2127.597
2128.838
2130.034
2131.307
2132.483
2133.754
2134.967
2136.202
2137.594
2138.789
2140.047
2141.263
2142.495
2143.701
2144.955
2146.165
2147.43
2148.639
2149.889
2151.259
2152.473
2153.709
2154.896
2156.165
2157.358
2158.641
2159.819
2161.098
2162.274
2163.556
2164.74
2166.005
2167.171
2168.455
2169.639
2170.94
2172.321
2173.53
2174.769
2176.132
2177.316
2178.592
2179.819
2181.05
2182.461
2183.632
2184.909
2186.086
2187.364
2188.581
2189.82
2190.983
2192.281
2193.489
2194.729
2195.928
2197.192
2198.394
2199.66
2200.861
2202.103
2203.289
2204.56
2205.722
2207.038
2208.394
2209.582
2210.884
2212.087
2213.389
2214.705
2215.905
2217.167
2218.327
2219.615
2220.787
2222.089
2223.453
2224.653
2225.942
2227.084
2228.37
2229.538
2230.825
2232.009
2233.284
2234.485
2235.747
2237.119
2238.329
2239.588
2240.768
2242.029
2243.232
2244.533
2245.735
2246.945
2248.139
2249.427
2250.577
2251.891
2253.06
2254.346
2255.743
2257.084
2258.274
2259.543
2260.761
2261.996
2263.157
2264.486
2265.673
2266.938
2268.294
2269.466
2270.765
2272.137
2273.338
2274.621
2275.975
2277.179
2278.465
2279.655
2280.901
2282.1
2283.368
2284.533
2285.816
2287.033
2288.277
2289.46
2290.749
2291.926
2293.206
2294.38
2295.646
2297.031
2298.402
2299.597
2300.861
2302.094
2303.343
2304.493
2305.803
2307.166
2308.392
2309.641
2310.809
2312.074
2313.273
2314.557
2315.745
2316.989
2318.189
2319.456
2320.654
2321.904
2323.071
2324.387
2325.569
2326.835
2328.035
2329.284
2330.459
2331.733
2332.943
2334.217
2335.418
2336.666
2338.047
2339.247
2340.519
2341.887
2343.063
2344.348
2345.531
2346.795
2347.962
2349.27
2350.478
2351.708
2352.899
2354.19
2355.541
2356.746
2358.922
2360.325
2362.61
2365.227
2367.525
2369.338
2370.637
2371.993
2373.37
2374.753
2375.972
2377.203
2378.583
2379.984
2381.391
2382.759
2384.134
2385.5
2386.892
2388.113
2389.348
2390.572
2391.864
2393.222
2394.41
2395.647
2397.046
2398.431
2399.787
2400.953
2402.245
2403.629
2405.01
2406.226
2407.543
2408.873
2410.073
2411.328
2412.529
2413.774
2414.974
2416.276
2417.614
2418.834
2420.088
2421.262
2422.555
2423.737
2425.02
2426.361
2427.536
2428.822
2430.201
2431.436
2432.695
2434.036
2435.417
2436.803
2438.011
2439.294
2440.644
2441.864
2443.122
2444.283
2445.57
2446.773
2448.02
2449.23
2450.496
2451.855
2453.047
2454.328
2455.71
2456.91
2458.159
2459.325
2460.701
2462.013
2463.374
2464.554
2465.857
2467.228
2468.425
2469.69
2471.059
2472.437
2473.655
2474.903
2476.103
2477.365
2478.571
2479.819
2481.036
2482.275
2483.484
2484.743
2485.967
2487.198
2488.401
2489.649
2490.858
2492.105
2493.335
2494.558
2495.747
2497.037
2498.273
2499.47
2500.708
2502.028
2503.314
2504.516
2505.787
2506.998
2508.255
2509.625
2510.825
2512.067
2513.277
2514.54
2515.757
2516.992
2518.389
2519.555
2520.85
2522.071
2523.304
2524.492
2525.762
2526.938
2528.204
2529.373
2530.659
2531.828
2533.13
2534.35
2535.599
2536.819
2538.056
2539.249
2540.516
2541.884
2543.05
2544.347
2545.546
2546.798
2548.163
2549.37
2550.633
2551.833
2553.094
2554.327
2555.544
2556.709
2558.01
2559.381
2560.577
2561.843
2563.03
2564.326
2565.676
2566.892
2568.154
2569.316
2570.596
2571.797
2573.054
2574.27
2575.504
2576.904
2578.129
2579.352
2580.518
2581.818
2583.034
2584.277
2585.643
2586.83
2588.1
2589.282
2590.581
2591.748
2593.031
2594.214
2595.556
2596.882
2598.105
2599.321
2600.531
2601.778
2602.978
2604.244
2605.426
2606.694
2608.112
2609.457
2610.644
2611.929
2613.298
2614.467
2615.757
2616.973
2618.222
2619.406
2620.701
2621.891
2623.132
2624.342
2625.587
2626.987
2628.168
2629.419
2630.636
2631.885
2633.129
2634.361
2635.733
2636.916
2638.199
2639.427
2640.657
2641.875
2643.097
2644.299
2645.573
2646.727
2648.018
2649.23
2650.478
2651.695
2652.947
2654.332
2655.687
2656.875
2658.207
2659.542
2660.778
2661.991
2663.174
2664.457
2665.673
2666.906
2668.297
2669.672
2670.901
2672.154
2673.363
2674.612
2675.794
2677.04
2678.23
2679.533
2680.718
2681.969
2683.339
2684.724
2685.897
2687.182
2688.384
2689.799
2691.019
2692.26
2693.479
2694.682
2695.949
2697.336
2698.533
2699.771
2700.989
2702.253
2703.444
2704.686
2705.908
2707.159
2708.568
2709.925
2711.142
2712.39
2713.589
2714.843
2716.206
2717.44
2718.674
2720.071
2721.442
2722.811
2724.013
2725.281
2726.654
2727.869
2729.118
2730.318
2731.575
2732.803
2734.036
2735.255
2736.811
2738.201
2739.399
2740.648
2742.029
2743.266
2744.48
2745.68
2746.954
2748.166
2749.396
2750.567
2751.846
2753.245
2754.627
2755.827
2757.081
2758.317
2759.528
2760.751
2762.01
2763.209
2764.44
2765.66
2766.925
2768.115
2769.372
2770.775
2771.969
2773.217
2774.369
2775.674
2776.875
2778.136
2779.32
2780.585
2781.953
2783.141
2784.456
2785.805
2787.003
2788.266
2789.471
2790.705
2791.897
2793.188
2794.563
2795.78
2797.01
2798.229
2799.481
2800.697
2801.928
2803.124
2804.381
2805.588
2806.86
2808.054
2809.308
2810.508
2811.755
2812.992
2814.212
2815.619
2816.799
2818.056
2819.272
2820.504
2821.709
2822.965
2824.212
2825.455
2826.802
2827.987
2829.285
2830.484
2831.754
2833.099
2834.28
2835.58
2836.95
2838.333
2839.502
2840.8
2841.998
2843.264
2844.635
2845.866
2847.18
2848.48
2849.673
2850.927
2852.13
2853.402
2854.634
2855.86
2857.061
2858.295
2859.492
2860.774
2861.975
2863.223
2864.427
2865.667
2866.856
2868.156
2869.522
2870.909
2872.132
2873.381
2874.603
2875.819
2876.98
2878.273
2879.466
2880.735
2881.951
2883.202
2884.56
2885.776
2887.054
2888.42
2889.64
2890.864
2892.079
2893.315
2894.701
2896.096
2897.297
2898.557
2899.761
2901.03
2902.378
2903.584
2904.838
2906.043
2907.309
2908.675
2910.08
2911.441
2912.657
2913.91
2915.126
2916.359
2917.744
2919.138
2920.357
2921.61
2922.971
2924.165
2925.42
2926.813
2928.188
2929.595
2930.792
2932.023
2933.212
2934.505
2935.731
2936.949
2938.166
2939.398
2940.597
2941.92
2943.264
2944.455
2945.708
2946.896
2948.179
2949.564
2950.915
2952.128
2953.376
2954.558
2955.849
2957.217
2958.452
2959.691
2961.078
2962.462
2963.649
2964.89
2966.082
2967.372
2968.756
2970.121
2971.324
2972.587
2973.982
2975.153
2976.424
2977.818
2979.043
2980.279
2981.501
2982.729
2984.117
2985.475
2986.699
2987.943
2989.333
2990.716
2991.921
2993.188
2994.546
2995.932
2997.33
2998.696
2999.894
3001.161
3002.387
3003.628
3004.999
3006.364
3007.593
3008.841
3010.026
3011.293
3012.492
3013.758
3014.956
3016.289
3017.589
3018.968
3020.151
3021.445
3022.597
3023.892
3025.261
3026.452
3027.741
3029.119
3030.331
3031.584
3032.783
3034.033
3035.43
3036.798
3038.175
3039.564
3040.797
3042.047
3043.384
3044.796
3046.148
3047.394
3048.611
3049.813
3051.083
3052.283
3053.543
3054.93
3056.142
3057.366
3058.614
3059.842
3061.022
3062.29
3063.506
3064.739
3065.988
3067.225
3068.597
3069.961
3071.172
3072.437
3073.822
3075.195
3076.577
3077.785
3079.036
3080.418
3081.802
3083.033
3084.266
3085.661
3087.016
3088.422
3089.614
3090.864
3092.055
3093.321
3094.502
3095.778
3096.966
3098.244
3099.46
3100.683
3102.086
3103.459
3104.659
3105.938
3107.133
3108.441
3109.774
3111.123
3112.316
3113.598
3114.824
3116.037
3117.239
3118.524
3119.891
3121.118
3122.411
3123.732
3125.103
3126.321
3127.569
3128.743
3130.052
3131.398
3132.646
3133.982
3135.239
3136.643
3138.023
3139.415
3140.776
3142.163
3143.379
3144.623
3146.002
3147.178
3148.462
3149.693
3150.927
3152.315
3153.692
3154.892
3156.147
3157.518
3158.924
3160.31
3161.69
3163.068
3164.275
3165.51
3166.905
3168.264
3169.481
3170.748
3171.953
3173.188
3174.593
3175.796
3177.051
3178.419
3179.65
3180.883
3182.244
3183.469
3184.715
3186.091
3187.487
3188.864
3190.257
3191.635
3193.01
3194.396
3195.77
3197.162
3198.539
3200.36
3201.938
3203.608
3205.115
3206.791
3208.357
3210.058
3211.744
3213.446
3215.148
3216.823
3218.571
3220.194
3221.904
3223.59
3225.261
3226.947
3228.655
3230.35
3232.011
3233.699
3235.403
3237.098
3238.614
3240.182
3241.965
3243.546
3245.238
3246.92
3248.628
3250.293
3252.096
3253.674
3255.178
3256.794
3258.445
3259.956
3261.519
3263.04
3264.924
3266.591
3268.366
3269.955
3271.484
3272.857
3274.413
3276.106
3277.802
3279.478
3281.167
3282.9
3284.552
3286.011
3287.614
3289.334
3291.119
3292.707
3294.377
3295.879
3297.455
3299.143
3300.692
3302.225
3303.903
3305.593
3307.309
3308.974
3310.665
3312.207
3313.805
3315.451
3316.906
3318.501
3320.187
3321.72
3323.56
3325.263
3326.97
3328.627
3330.348
3331.813
3333.7
3335.412
3336.871
3338.481
3340.148
3341.855
3343.631
3345.289
3346.945
3348.611
3350.294
3351.981
3353.694
3355.37
3357.064
3358.742
3360.44
3362.131
3363.806
3365.672
3367.205
3368.892
3370.583
3372.284
3373.971
3375.632
3377.051
3378.218
3379.496
3380.862
3382.052
3383.316
3384.517
3385.875
3387.183
3388.382
3389.699
3390.994
3392.381
3393.759
3394.962
3396.227
3397.612
3398.843
3400.193
3401.447
3402.825
3404.22
3405.611
3407.056
3408.375
3409.763
3411.14
3412.518
3413.907
3415.276
3416.5
3417.74
3418.97
3420.209
3421.574
3422.976
3424.353
3425.726
3426.935
3428.178
3429.579
3430.767
3432.002
3433.401
3434.796
3436.169
3437.55
3438.917
3440.302
3441.534
3442.784
3444.153
3445.533
3446.914
3448.146
3449.364
3450.596
3451.843
3453.043
3454.286
3455.509
3456.737
3457.932
3459.195
3460.591
3461.957
3463.208
3464.461
3465.806
3467.207
3468.577
3469.959
3471.355
3472.72
3473.935
3475.169
3476.553
3477.94
3479.16
3480.412
3481.784
3483.17
3484.567
3485.936
3487.138
3488.393
3489.606
3490.837
3492.016
3493.298
3494.706
3496.065
3497.263
3498.58
3499.921
3501.308
3502.51
3503.752
3504.998
3506.209
3507.402
3508.656
3509.876
3511.125
3512.523
3513.723
3514.961
3516.359
3517.722
3518.938
3520.252
3521.583
3522.942
3524.323
3525.721
3527.088
3528.29
3529.566
3530.952
3532.317
3533.7
3534.922
3536.174
3537.36
3538.618
3539.83
3541.064
3542.297
3543.584
3544.922
3546.142
3547.378
3548.603
3549.837
3551.227
3552.616
3553.977
3555.192
3556.444
3557.825
3559.208
3560.591
3561.974
3563.348
3564.74
3566.099
3567.305
3568.591
3569.971
3571.34
3572.553
3573.886
3576.083
3577.469
3579.218
3581.199
3582.864
3584.562
3586.042
3587.394
3588.991
3590.783
3592.404
3594.104
3595.562
3597.172
3598.887
3600.534
3602.238
3603.89
3605.581
3607.292
3608.963
3610.657
3612.187
3613.731
3615.427
3617.109
3618.816
3620.486
3622.209
3623.983
3625.549
3627.248
3628.951
3630.629
3632.38
3634.009
3635.693
3637.393
3639.086
3640.762
3642.28
3644.154
3645.656
3647.223
3648.908
3650.585
3652.289
3653.981
3655.669
3657.345
3659.033
3660.74
3662.429
3664.104
3665.629
3667.172
3668.879
3670.375
3671.939
3673.643
3675.316
3677.012
3678.721
3680.395
3682.075
3683.768
3685.518
3687.156
3688.843
3690.534
3692.237
3693.919
3695.611
3697.291
3698.998
3700.66
3702.361
3703.807
3705.422
3706.907
3708.497
3710.04
3711.591
3713.276
3714.971
3716.66
3718.327
3720.021
3721.534
3723.162
3724.787
3726.544
3728.189
3729.87
3731.552
3733.25
3734.918
3736.384
3738.002
3739.513
3741.064
3742.539
3744.147
3745.829
3747.525
3749.217
3750.691
3752.293
3753.798
3755.656
3757.175
3758.741
3760.424
3762.11
3763.807
3765.506
3767.291
3768.894
3770.38
3772.057
3773.629
3775.33
3777.002
3778.701
3780.224
3781.826
3783.481
3785.15
3786.849
3788.548
3790.232
3791.936
3793.596
3795.291
3796.977
3798.678
3800.38
3802.063
3803.749
3805.475
3807.11
3808.795
3810.51
3812.18
3813.575
3815.26
3816.948
3818.665
3820.354
3822.02
3823.724
3825.402
3827.1
3828.763
3830.311
3831.907
3833.571
3835.245
3836.918
3838.614
3840.307
3841.979
3843.668
3845.401
3847.068
3848.545
3850.439
3852.112
3853.594
3855.209
3856.875
3858.587
3860.257
3861.942
3863.639
3865.335
3866.77
3868.425
3870.102
3871.599
3873.206
3874.936
3876.569
3878.241
3879.927
3881.62
3883.3
3885.024
3886.706
3888.384
3890.064
3891.867
3893.503
3894.97
3896.512
3898.211
3899.883
3901.578
3903.277
3904.958
3906.649
3908.408
3910.041
3911.711
3913.407
3915.238
3916.788
3918.471
3920.174
3921.87
3923.552
3925.302
3926.939
3928.624
3930.318
3932.017
3934.001
3935.698
3937.454
3939.064
3940.747
3942.238
3943.847
3945.579
3947.244
3948.895
3950.577
3952.261
3953.977
3955.65
3957.142
3958.724
3960.472
3961.961
3963.489
3965.19
3966.868
3968.554
3970.238
3971.946
3973.636
3975.343
3977.019
3978.701
3980.389
3981.929
3983.536
3985.161
3986.848
3988.52
3990.281
3991.915
3993.58
3995.302
3996.979
3998.677
4000.344
4002.049
4003.743
4005.408
4007.108
4008.791
4010.606
4012.273
4013.862
4015.589
4017.305
4018.937
4020.639
4022.319
4023.829
4025.408
4027.095
4028.774
4030.458
4032.166
4033.827
4035.365
4036.898
4038.61
4040.283
4042.002
4043.664
4045.378
4046.895
4048.546
4050.43
4052.148
4053.796
4055.483
4057.012
4058.669
4060.356
4061.959
4063.624
4065.321
4067.019
4068.714
4070.398
4072.085
4073.773
4075.455
4076.851
4078.05
4079.317
4080.685
4082.083
4083.282
4084.514
4085.733
4086.993
4088.381
4089.747
4091.136
4092.536
4093.893
4095.284
4096.684
4098.068
4099.446
4100.81
4102.188
4103.409
4104.659
4106.044
4107.402
4108.818
4110.172
4111.573
4112.945
4114.322
4115.718
4117.088
4118.488
4119.687
4120.944
4122.303
4123.687
4124.918
4126.17
4127.534
4128.915
4130.111
4131.38
4132.765
4134.135
4135.515
4136.931
4138.281
4139.496
4140.76
4142.121
4143.529
4144.907
4146.109
4147.371
4148.74
4150.112
4151.507
4152.875
4154.259
4155.66
4157.041
4158.407
4159.636
4160.89
4162.256
4163.648
4165.028
4166.243
4167.493
4168.864
4170.239
4171.614
4172.838
4174.102
4175.47
4176.69
4177.968
4179.305
4180.716
4182.055
4183.264
4184.549
4185.899
4187.111
4188.381
4189.747
4190.962
4192.195
4193.579
4194.976
4196.211
4197.463
4198.801
4200.032
4201.292
4202.513
4203.758
4205.125
4206.352
4207.595
4208.94
4210.156
4211.405
4212.795
4214.188
4215.555
4216.792
4218.032
4219.407
4220.769
4221.953
4223.249
4224.601
4225.996
4227.384
4228.762
4230.132
4231.348
4232.601
4233.974
4235.218
4236.489
4237.83
4239.202
4240.611
4241.98
4243.379
4244.728
4246.128
4247.334
4248.572
4249.949
4251.169
4252.425
4253.641
4254.874
4256.276
4257.656
4259.027
4260.422
4261.806
4263.172
4264.546
4265.925
4267.327
4268.695
4269.932
4271.169
4272.544
4273.927
4275.306
4276.695
4278.061
4279.444
4280.651
4281.904
4283.305
4284.69
4286.048
4287.274
4288.514
4289.914
4291.265
4292.647
4294.044
4295.45
4296.829
4298.196
4299.576
4300.958
4302.189
4303.49
4304.792
4306.172
4307.575
4308.939
4310.339
4311.707
4313.104
4314.487
4315.848
4317.238
4318.62
4319.846
4321.102
4322.474
4323.852
4325.228
4326.605
4328
4329.203
4330.463
4331.833
4333.049
4334.281
4335.664
4337.047
4338.433
4339.829
4341.218
4342.572
4343.967
4345.359
4346.736
4348.131
4349.482
4350.884
4352.258
4353.47
4354.755
4356.091
4357.31
4358.573
4359.958
4361.33
4362.722
4364.09
4365.471
4366.847
4368.236
4369.637
4370.985
4372.218
4373.487
4374.867
4376.223
4377.591
4378.999
4380.232
4381.476
4382.83
4384.216
4385.58
4386.99
4388.366
4389.568
4390.827
4392.196
4393.411
4394.73
4396.075
4397.42
4398.817
4400.176
4401.588
4402.958
4404.353
4405.706
4407.117
4408.489
4409.886
4411.255
4412.621
4414.006
4415.404
4416.772
4418.159
4419.564
4420.919
4422.293
4423.701
4425.056
4426.466
4427.842
4429.215
4430.599
4431.997
4433.376
4434.751
4435.955
4437.195
4438.38
4439.679
4441.048
4442.427
4443.644
4444.906
4446.269
4447.642
4448.875
4450.115
4451.485
4452.858
4454.24
4455.639
4457.024
4458.406
4459.783
4461.171
4462.573
4463.921
4465.153
4466.386
4467.603
4468.863
4470.238
4471.601
4473.01
4474.367
4475.754
4477.133
4478.509
4479.915
4481.292
4482.681
4484.066
4485.441
4486.836
4488.221
4489.589
4490.98
4492.344
4493.735
4495.126
4496.5
4497.892
4499.279
4500.642
4502.019
4503.408
4504.792
4506.186
4507.558
4508.951
4510.305
4511.705
4513.087
4514.286
4515.538
4516.928
4518.304
4519.697
4521.067
4522.3
4523.534
4524.915
4526.28
4527.668
4528.903
4530.282
4531.609
4532.893
4534.096
4535.359
4536.563
4537.828
4539.195
4540.578
4541.953
4543.36
4544.712
4546.114
4547.499
4548.865
4550.28
4551.657
4553.007
4554.399
4555.772
4557.173
4558.555
4559.931
4561.322
4562.687
4564.089
4565.462
4566.865
4568.221
4569.609
4570.979
4572.376
4573.767
4575.126
4576.532
4577.928
4579.281
4580.663
4582.064
4583.44
4584.81
4586.195
4587.406
4588.697
4590.045
4591.422
4592.793
4594.202
4595.571
4596.939
4598.341
4599.727
4601.108
4602.491
4603.856
4605.079
4606.333
4607.695
4609.095
4610.47
4611.841
4613.22
4614.614
4616.002
4617.37
4618.61
4619.841
4621.234
4622.61
4624
4625.361
4626.587
4627.856
4629.198
4630.582
4631.964
4633.352
4634.74
4636.131
4637.518
4638.873
4640.138
4641.378
4642.727
4644.114
4645.509
4646.89
4648.271
4649.625
4651.016
4652.39
4653.794
4655.172
4656.555
4657.938
4659.302
4660.688
4661.914
4663.176
4664.529
4665.919
4667.287
4668.691
4670.077
4671.435
4672.835
4674.218
4675.598
4676.977
4678.366
4679.734
4681.131
4682.522
4683.896
4685.273
4686.645
4687.878
4689.146
4690.486
4691.893
4693.247
4694.659
4696.027
4697.41
4698.787
4700.169
4701.561
4702.928
4704.306
4705.691
4707.077
4708.482
4709.687
4710.911
4712.319
4713.691
4715.069
4716.441
4717.851
4719.212
4720.617
4721.997
4723.366
4724.751
4726.133
4727.54
4728.916
4730.293
4731.651
4733.03
4734.442
4735.795
4737.178
4738.435
4739.712
4741.045
4742.253
4743.493
4744.878
4746.243
4747.624
4748.857
4750.123
4751.468
4752.876
4754.239
4755.612
4757.023
4758.384
4759.772
4761.164
4762.553
4763.919
4765.318
4766.689
4768.084
4769.456
4770.833
4772.218
4773.601
4774.988
4776.374
4777.744
4779.148
4780.496
4781.879
4783.279
4784.645
4785.895
4787.144
4788.494
4789.868
4791.26
4792.644
4794.027
4795.416
4796.808
4798.161
4799.547
4800.932
4802.336
4803.707
4805.095
4806.455
4807.837
4809.22
4810.453
4811.698
4813.075
4814.448
4815.824
4817.217
4818.623
4819.983
4821.361
4822.601
4823.832
4825.198
4826.614
4827.964
4829.367
4830.748
4832.159
4833.808
4835.194
4836.58
4837.943
4839.355
4840.726
4842.11
4843.494
4844.725
4845.958
4847.334
4848.723
4850.097
4851.475
4852.856
4854.256
4855.625
4856.992
4858.39
4859.753
4860.978
4862.23
4863.603
4864.984
4866.388
4867.746
4869.134
4870.518
4871.892
4873.292
4874.664
4876.07
4877.43
4878.663
4879.947
4881.275
4882.645
4884.062
4885.428
4886.818
4888.173
4889.561
4890.955
4892.192
4893.459
4894.784
4896.16
4897.54
4898.943
4900.327
4901.694
4903.094
4904.483
4905.838
4907.24
4908.603
4909.839
4911.119
4912.453
4913.852
4915.205
4916.618
4917.986
4919.366
4920.758
4922.116
4923.519
4924.897
4926.114
4927.413
4928.746
4930.114
4931.496
4932.869
4934.29
4935.651
4937.024
4938.401
4939.813
4941.163
4942.567
4943.929
4945.34
4946.693
4948.09
4949.466
4950.692
4951.943
4953.299
4954.692
4956.07
4957.466
4958.839
4960.214
4961.594
4962.997
4964.367
4965.768
4967.134
4968.538
4969.906
4971.282
4972.655
4973.905
4975.165
4976.497
4977.904
4979.262
4980.518
4981.762
4983.108
4984.511
4985.867
4987.278
4988.633
4990.009
4991.418
4992.791
4994.165
4995.557
4996.935
4998.315
4999.7
5001.074
5002.471
5003.839
5005.233
5006.657
5007.986
5009.372
5010.753
5012.139
5013.611
5014.904
5016.285
5017.668
5019.068
5020.451
5021.821
5023.192
5024.571
5025.964
5027.367
5028.746
5030.115
5031.512
5032.876
5034.278
5035.655
5037.013
5038.399
5039.803
5041.166
5042.567
5043.94
5045.314
5046.689
5048.077
5049.457
5050.855
5052.222
5053.629
5055.005
5056.387
5057.777
5059.156
5060.536
5061.92
5063.284
5064.667
5066.072
5067.433
5068.817
5070.216
5071.6
5072.966
5074.35
5075.751
5077.119
5078.51
5079.872
5081.295
5082.654
5084.016
5085.441
5086.792
5088.192
5089.571
5090.942
5092.325
5093.716
5095.078
5096.307
5097.678
5099.238
5100.922
5102.365
5103.786
5105.384
5106.904
5108.462
5109.947
5111.68
5113.227
5114.587
5116.033
5117.995
5119.365
5120.749
5122.212
5123.522
5125.025
5126.423
5127.962
5129.452
5131.04
5132.479
5134.105
5135.826
5137.474
5138.961
5140.569
5142.25
5143.938
5145.64
5147.304
5148.839
5150.415
5152.087
5153.472
5154.838
5156.241
5157.604
5158.98
5160.363
5161.766
5163.15
5164.521
5166.05
5167.632
5169.282
5170.968
5172.653
5174.364
5176.046
5177.731
5179.413
5181.112
5182.81
5184.533
5186.249
5187.92
5189.608
5191.265
5192.922
5194.939
5196.629
5198.297
5199.99
5201.688
5203.371
5205.125
5206.909
5208.542
5210.26
5211.826
5213.517
5215.214
5216.987
5218.715
5220.348
5221.98
5223.667
5225.329
5227.064
5228.728
5230.428
5232.261
5233.893
5235.492
5237.175
5238.862
5240.555
5242.041
5243.707
5245.404
5246.994
5248.995
5250.434
5252.107
5253.774
5255.438
5256.896
5258.529
5260.218
5261.918
5263.59
5265.301
5266.999
5268.647
5270.348
5272.065
5273.764
5275.46
5277.121
5278.818
5280.504
5282.171
5283.711
5285.576
5287.547
5289.296
5290.926
5292.642
5294.323
5296.054
5297.706
5299.372
5300.882
5302.442
5303.881
5305.341
5306.911
5308.406
5309.977
5311.38
5313.048
5314.542
5315.947
5317.518
5318.981
5320.57
5322.065
5323.649
5325.355
5327.035
5328.428
5329.899
5331.475
5332.936
5334.574
5336.007
5337.643
5339.315
5341.012
5342.704
5344.391
5345.918
5347.457
5348.965
5350.524
5352.024
5353.655
5355.301
5356.986
5358.451
5360.055
5361.738
5363.438
5365.139
5366.808
5368.499
5370.182
5371.898
5373.582
5375.266
5376.972
5378.636
5380.33
5382.02
5383.719
5385.397
5387.096
5388.793
5390.304
5391.942
5393.541
5395.225
5396.916
5398.602
5400.323
5401.996
5403.699
5405.363
5407.051
5408.77
5410.446
5412.122
5413.869
5415.556
5417.199
5418.614
5419.958
5421.333
5422.733
5424.1
5425.498
5426.872
5428.264
5429.65
5431.016
5432.415
5433.795
5435.188
5436.546
5438.052
5439.474
5440.789
5442.095
5443.477
5444.848
5446.225
5447.623
5448.991
5450.373
5451.758
5453.136
5454.522
5455.932
5457.288
5458.672
5460.051
5461.462
5462.82
5464.202
5465.603
5466.959
5468.362
5469.719
5471.117
5472.51
5473.885
5475.249
5476.649
5478.035
5479.398
5480.797
5482.18
5483.564
5484.929
5486.331
5487.695
5489.105
5490.462
5491.863
5493.238
5494.626
5496.017
5497.402
5498.782
5500.148
5501.515
5502.898
5504.292
5505.69
5507.057
5508.559
5510.206
5511.93
5513.585
5515.202
5516.692
5518.283
5519.959
5521.684
5523.349
5525.037
5526.71
5528.415
5529.931
5531.473
5532.863
5534.286
5535.943
5537.624
5539.163
5541.019
5542.811
5544.425
5546.079
5547.758
5549.456
5551.29
5552.959
5554.519
5556.223
5558.044
5559.679
5561.267
5562.981
5564.656
5566.353
5568.064
5569.72
5571.102
5572.488
5573.734
5574.981
5576.349
5577.714
5579.101
5580.486
5581.913
5583.265
5584.628
5585.846
5587.096
5588.469
5589.645
5590.928
5592.161
5593.395
5594.761
5595.976
5597.223
5598.624
5600.076
5601.515
5603.07
5604.49
5605.838
5607.273
5608.886
5610.587
5612.304
5613.958
5615.5
5617.069
5618.736
5620.445
5622.102
5623.807
5625.483
5627
5628.884
5630.682
5632.265
5633.934
5635.459
5637.013
5638.716
5640.397
5642.086
5643.811
5645.444
5647.164
5648.852
5650.537
5652.208
5653.893
5655.603
5657.342
5659.069
5660.71
5662.66
5664.171
5665.721
5667.428
5669.123
5670.798
5672.481
5674.184
5675.879
5677.548
5679.259
5680.932
5682.617
5684.308
5686.014
5687.495
5689.089
5690.793
5692.183
5693.545
5694.911
5696.294
5697.671
5699.105
5700.456
5701.828
5703.225
5704.66
5706.07
5707.458
5709.04
5710.428
5711.923
5713.508
5715.03
5716.689
5718.089
5719.658
5721.059
5722.555
5724.096
5725.498
5726.875
5728.31
5729.934
5731.439
5733.016
5734.449
5736.081
5737.487
5738.89
5740.29
5741.922
5743.438
5744.995
5746.365
5747.897
5749.304
5750.832
5752.33
5753.906
5755.272
5756.822
5758.354
5759.851
5761.424
5762.95
5764.498
5765.982
5767.569
5769.252
5770.743
5772.632
5774.634
5776.936
5778.644
5780.315
5782.016
5783.772
5785.398
5787.079
5788.761
5790.756
5792.76
5794.753
5796.771
5798.452
5800.582
5802.173
5803.832
5805.526
5807.189
5808.723
5810.288
5811.968
5813.66
5815.654
5817.662
5819.639
5821.452
5823.084
5824.734
5826.399
5828.1
5829.8
5831.469
5833.17
5834.546
5836.547
5837.988
5839.601
5841.295
5843.418
5845.742
5848.022
5850.056
5852.223
5853.978
5855.911
5857.739
5859.317
5861.258
5863.269
5865.005
5866.658
5868.336
5870.027
5872.044
5874.008
5876.107
5878.625
5880.925
5882.685
5884.614
5886.308
5888
5889.676
5891.74
5893.699
5895.427
5897.684
5899.487
5901.37
5903.064
5904.73
5906.435
5908.212
5910.132
5911.816
5913.485
5915.176
5916.704
5918.272
5919.936
5921.646
5923.115
5924.706
5926.407
5928.08
5929.768
5931.465
5933.163
5934.672
5936.219
5937.914
5939.446
5941.009
5942.675
5944.065
5945.744
5947.262
5948.831
5950.328
5951.915
5953.579
5955.045
5956.673
5958.363
5960.026
5961.721
5963.408
5964.79
5966.171
5967.578
5968.959
5970.341
5971.708
5973.101
5974.486
5975.868
5977.252
5978.618
5980.011
5981.398
5982.781
5984.211
5985.586
5986.914
5988.365
5989.693
5991.062
5992.487
5994.127
5995.511
5996.976
5998.402
5999.989
6001.66
6003.356
6005.185
6006.776
6008.438
6009.844
6011.522
6013.205
6014.888
6016.57
6018.255
6019.935
6021.938
6023.643
6025.319
6027.018
6028.767
6030.516
6032.182
6033.916
6035.59
6037.277
6038.98
6040.848
6042.527
6044.22
6045.893
6047.677
6049.292
6050.976
6052.49
6053.795
6055.139
6056.49
6058.211
6059.888
6061.564
6063.27
6064.954
6066.694
6068.322
6070.035
6071.719
6073.386
6075.124
6076.816
6078.512
6080.234
6081.901
6083.628
6085.263
6086.925
6088.695
6090.315
6091.986
6093.488
6095.377
6097.047
6098.735
6100.456
6102.451
6104.123
6105.94
6107.822
6109.5
6111.205
6113.172
6114.895
6116.551
6118.239
6119.952
6121.618
6123.336
6125.117
6126.731
6128.409
6130.397
6132.089
6133.841
6135.456
6137.163
6138.834
6140.525
6142.224
6143.895
6145.595
6147.292
6148.992
6150.708
6152.463
6154.13
6156.036
6157.751
6159.407
6161.11
6162.787
6164.482
6166.174
6167.869
6169.603
6171.26
6173.072
6174.769
6176.386
6178.002
6179.714
6181.382
6183.09
6184.749
6186.469
6188.148
6189.828
6191.661
6193.283
6194.898
6196.593
6198.592
6200.296
6202.007
6203.725
6205.39
6207.053
6208.713
6210.418
6212.124
6213.892
6215.563
6217.18
6218.868
6220.636
6222.282
6224.051
6225.609
6227.328
6229.017
6230.695
6232.377
6234.064
6235.782
6237.467
6239.147
6240.86
6242.264
6243.897
6245.361
6246.792
6248.363
6250.03
6251.459
6252.895
6254.503
6255.938
6257.558
6259.058
6260.632
6262.128
6263.73
6265.097
6266.559
6268.008
6269.594
6271.023
6272.457
6274.022
6275.548
6277.087
6278.814
6280.276
6281.866
6283.352
6284.898
6286.377
6287.986
6289.444
6291.068
6292.733
6294.236
6295.806
6297.502
6299.204
6300.875
6302.404
6304.023
6305.656
6307.335
6309.025
6310.744
6312.409
6313.93
6315.548
6317.175
6318.892
6320.559
6321.99
6323.63
6325.304
6326.752
6328.39
6329.844
6331.458
6332.838
6334.214
6335.612
6337.112
6338.429
6339.82
6341.573
6343.277
6345.112
6346.61
6348.189
6349.88
6351.69
6353.255
6354.723
6356.341
6358.122
6359.736
6361.152
6362.473
6363.869
6365.26
6366.646
6368.083
6369.691
6371.432
6373.069
6374.561
6376.275
6378.166
6379.846
6381.531
6383.229
6384.898
6386.739
6388.588
6390.305
6392.043
6393.789
6395.66
6397.51
6399.335
6400.827
6402.534
6404.414
6406.242
6408.096
6410.099
6411.778
6413.505
6415.284
6416.902
6418.548
6420.235
6422.002
6423.915
6425.922
6427.713
6429.376
6430.991
6432.681
6434.372
6436.058
6437.863
6439.762
6441.432
6443.44
6445.186
6446.8
6448.851
6450.808
6453.172
6455.506
6457.417
6459.13
6460.866
6462.803
6464.779
6466.553
6468.476
6470.478
6472.454
6474.321
6476.159
6477.845
6479.545
6481.223
6482.902
6484.608
6486.292
6487.801
6489.406
6491.043
6492.742
6494.745
6496.493
6498.438
6500.124
6501.808
6503.508
6505.172
6506.915
6508.691
6510.27
6512.038
6513.768
6515.341
6517.012
6518.703
6520.402
6522.142
6523.783
6525.451
6526.977
6528.659
6530.693
6532.526
6534.215
6535.731
6537.355
6539.044
6540.658
6542.354
6544.044
6545.865
6547.432
6549.112
6550.801
6552.511
6554.194
6555.872
6557.557
6559.569
6561.559
6563.341
6564.938
6566.634
6568.32
6570.319
6572.043
6573.712
6575.679
6577.384
6578.777
6580.132
6581.532
6582.899
6584.287
6585.683
6587.063
6588.453
6589.832
6591.192
6592.596
6593.972
6595.361
6596.72
6598.126
6599.492
6600.892
6602.248
6603.658
6605.015
6606.421
6607.808
6609.178
6610.655
6612.352
6614.005
6615.622
6617.322
6619.003
6620.716
6622.451
6624.17
6625.824
6627.442
6629.293
6630.918
6632.52
6634.218
6635.966
6637.597
6639.102
6641.062
6642.727
6644.411
6646.361
6648.156
6649.833
6651.425
6653.427
6655.107
6656.806
6658.789
6660.49
6662.154
6663.874
6665.848
6667.855
6669.536
6671.551
6673.212
6675.219
6677.234
6679.308
6681.067
6682.683
6684.393
6685.985
6687.68
6689.379
6691.03
6692.748
6694.498
6696.108
6698.533
6700.109
6701.594
6703.209
6704.875
6706.581
6708.546
6710.286
6712.237
6714.252
6716.842
6719.163
6721.137
6723.231
6725.223
6726.909
6728.561
6730.199
6731.914
6733.581
6735.3
6736.978
6738.676
6740.447
6742.127
6743.88
6745.739
6747.41
6749.111
6750.794
6752.541
6754.19
6755.863
6757.638
6759.339
6760.971
6762.61
6764.315
6766.01
6767.84
6769.71
6771.446
6773.137
6774.899
6776.467
6778.448
6780.146
6781.819
6783.54
6785.201
6787.037
6788.68
6790.312
6791.951
6793.451
6795.094
6796.733
6798.411
6800.408
6801.916
6803.508
6805.188
6806.854
6808.331
6809.936
6811.609
6813.322
6815.037
6816.817
6818.432
6820.128
6821.764
6823.463
6824.988
6826.527
6828.211
6829.905
6831.602
6833.27
6834.789
6836.361
6837.826
6839.427
6840.943
6842.576
6844.267
6845.977
6847.637
6849.31
6850.975
6852.638
6854.159
6855.776
6857.408
6859.105
6860.789
6862.473
6864.157
6865.838
6867.524
6869.536
6871.23
6872.902
6874.607
6876.102
6877.661
6879.182
6880.797
6882.567
6884.426
6886.109
6887.807
6889.278
6890.878
6892.895
6894.913
6896.872
6898.574
6900.263
6901.939
6903.645
6905.316
6907.056
6908.704
6910.392
6912.091
6913.776
6915.576
6917.175
6918.847
6920.568
6922.312
6924.219
6925.987
6927.714
6929.58
6931.317
6933.046
6934.778
6936.412
6938.179
6939.866
6941.728
6943.528
6945.445
6948.372
6950.359
6952.007
6953.707
6955.425
6957.71
6959.738
6961.399
6963.144
6964.891
6966.75
6968.486
6970.159
6971.838
6973.544
6975.201
6976.904
6978.62
6980.289
6981.977
6983.664
6985.646
6987.436
6989.154
6990.86
6992.859
6994.729
6996.41
6998.109
6999.78
7001.776
7003.473
7005.189
7006.955
7009.771
7011.803
7013.494
7015.138
7016.835
7018.536
7020.219
7021.917
7023.601
7025.317
7026.982
7028.655
7030.382
7032.053
7033.722
7035.425
7037.113
7038.862
7040.809
7042.503
7043.995
7045.581
7046.945
7048.422
7050.028
7051.741
7053.49
7055.195
7056.84
7058.59
7060.216
7061.854
7063.527
7065.222
7066.902
7068.611
7070.595
7072.301
7073.983
7075.707
7077.365
7079.375
7081.122
7082.798
7084.459
7086.113
7087.96
7089.796
7091.496
7093.189
7094.875
7096.566
7098.236
7099.928
7101.659
7103.341
7105.097
7107.005
7108.715
7110.455
7112.167
7113.77
7115.503
7117.135
7118.671
7120.342
7122.217
7124.009
7125.681
7127.352
7128.962
7131.713
7133.579
7135.264
7136.988
7138.661
7140.394
7142.34
7144.493
7146.436
7148.067
7149.706
7151.398
7153.075
7154.857
7156.524
7158.228
7159.922
7161.595
7163.27
7164.99
7166.669
7168.37
7169.985
7171.704
7173.416
7175.364
7177.134
7178.724
7180.489
7182.121
7183.818
7185.512
7187.179
7188.881
7190.605
7192.334
7193.942
7195.34
7196.853
7198.247
7199.853
7201.173
7202.555
7203.939
7205.323
7206.704
7208.062
7209.463
7210.839
7212.22
7213.919
7215.289
7216.668
7218.076
7219.439
7220.821
7222.225
7223.595
7224.981
7226.348
7227.755
7229.13
7230.492
7231.88
7233.262
7234.647
7236.047
7237.428
7238.784
7240.19
7241.561
7242.962
7244.342
7245.712
7247.091
7248.479
7249.857
7251.252
7252.655
7254.005
7255.372
7256.778
7258.161
7259.523
7260.925
7262.284
7263.698
7265.106
7266.49
7267.851
7269.21
7270.584
7271.987
7273.348
7274.748
7276.124
7277.502
7278.961
7280.411
7281.985
7283.395
7285.028
7286.528
7288.103
7289.521
7290.928
7292.308
7293.728
7295.179
7296.693
7298.121
7299.508
7300.939
7302.556
7303.999
7305.441
7307.006
7308.373
7309.873
7311.442
7313.146
7314.569
7315.995
7317.404
7318.967
7321.059
7322.691
7324.213
7325.75
7327.249
7328.818
7330.22
7331.663
7333.279
7334.697
7336.33
7337.87
7339.406
7340.811
7342.259
7343.871
7345.294
7346.675
7348.149
7349.717
7351.171
7352.772
7354.156
7355.588
7357.22
7358.932
7360.296
7361.787
7363.369
7364.768
7366.186
7367.824
7369.293
7370.75
7372.295
7373.767
7375.165
7376.748
7378.167
7379.651
7381.197
7382.64
7384.086
7385.645
7387.012
7388.447
7389.894
7391.276
7392.87
7394.256
7395.93
7397.39
7398.841
7400.384
7401.756
7403.138
7404.53
7405.921
7407.315
7408.686
7410.06
7411.453
7412.818
7414.284
7415.653
7417.019
7418.37
7419.75
7421.134
7422.495
7423.898
7425.268
7426.664
7428.057
7429.414
7430.802
7432.199
7433.579
7434.935
7436.34
7437.727
7439.095
7440.468
7441.851
7443.408
7444.925
7446.307
7447.79
7449.683
7451.385
7453.087
7454.772
7456.766
7458.453
7460.137
7461.835
7463.817
7465.51
7467.203
7468.891
7470.634
7472.299
7473.979
7475.647
7477.363
7479.345
7481.038
7482.749
7484.511
7486.213
7487.843
7489.477
7491.175
7493.165
7494.874
7496.541
7498.334
7499.923
7501.618
7503.391
7505.09
7506.752
7508.4
7510.053
7511.742
7513.537
7515.269
7517.12
7518.833
7520.647
7522.359
7524.031
7525.883
7527.597
7529.555
7531.246
7533.002
7534.776
7536.94
7539.543
7541.386
7544.153
7545.991
7547.841
7549.571
7552.169
7554.143
7556.138
7557.835
7559.521
7561.636
7563.508
7565.063
7566.933
7568.718
7570.569
7572.585
7574.281
7576.025
7577.73
7579.633
7581.443
7583.079
7584.727
7586.409
7588.108
7589.789
7591.576
7593.458
7595.153
7596.955
7598.582
7600.52
7603.152
7605.456
7608.357
7610.122
7611.884
7613.551
7615.426
7617.129
7618.816
7621.131
7622.854
7624.596
7626.479
7628.3
7629.996
7632.178
7633.884
7635.682
7637.54
7639.659
7641.343
7642.967
7644.94
7647.22
7649.334
7651.313
7653.207
7655.294
7657.351
7659.251
7661.351
7663.623
7665.622
7667.271
7668.949
7670.631
7672.381
7674.047
7675.941
7677.646
7679.329
7681.328
7683.012
7684.721
7686.421
7688.386
7690.15
7691.839
7693.774
7695.817
7697.755
7699.52
7702.395
7704.371
7706.204
7707.893
7709.491
7711.251
7713.113
7714.817
7716.501
7718.367
7720.19
7721.965
7723.63
7725.388
7727.263
7728.96
7730.961
7732.961
7734.76
7736.412
7738.106
7739.769
7742.024
7744.007
7745.983
7747.987
7749.996
7751.74
7753.681
7755.45
7757.368
7759.061
7760.838
7762.753
7764.422
7766.439
7768.106
7769.943
7771.793
7773.537
7775.481
7777.181
7779.192
7780.975
7782.674
7784.551
7786.284
7788.062
7789.927
7791.62
7793.466
7795.618
7797.657
7799.387
7801.384
7803.588
7805.671
7807.59
7809.907
7811.688
7813.35
7815.082
7816.663
7818.415
7820.115
7821.731
7823.125
7824.563
7825.974
7827.567
7829.011
7830.645
7832.088
7833.712
7835.095
7836.796
7838.209
7839.593
7840.94
7842.292
7843.692
7845.162
7846.493
7847.879
7849.247
7850.601
7851.986
7853.353
7854.756
7856.135
7857.501
7858.901
7860.289
7861.668
7863.029
7864.423
7865.8
7867.199
7868.573
7869.974
7871.714
7873.08
7874.398
7875.794
7877.164
7878.565
7879.938
7881.311
7882.699
7884.092
7885.464
7886.858
7888.225
7889.608
7891.023
7892.392
7893.771
7895.174
7896.648
7897.989
7899.588
7901.603
7903.342
7905.037
7906.96
7908.7
7910.365
7912.035
7913.733
7915.422
7917.175
7918.791
7920.486
7922.183
7923.896
7925.574
7927.259
7928.952
7930.633
7932.305
7933.997
7935.71
7937.426
7939.087
7941.069
7943.079
7944.746
7946.555
7948.436
7950.172
7952.133
7953.971
7955.644
7957.54
7959.28
7961.19
7962.918
7964.618
7966.265
7968.056
7969.651
7971.385
7973.029
7974.73
7976.417
7978.394
7980.078
7981.893
7983.62
7985.172
7986.84
7988.852
7991.29
7993.461
7996.667
7999.103
8001.068
8003.289
8005.121
8006.976
8008.773
8010.654
8012.492
8014.348
8016.637
8019.298
8021.257
8023.063
8024.786
8026.649
8028.927
8030.646
8032.617
8034.31
8036.023
8037.995
8039.674
8041.371
8043.179
8045.073
8047.104
8048.746
8050.573
8052.437
8054.114
8055.838
8057.604
8059.252
8060.92
8062.594
8064.589
8066.571
8068.266
8070.012
8071.74
8073.629
8075.394
8077.055
8078.716
8080.426
8082.159
8084.075
8085.856
8087.507
8089.158
8091.135
8092.822
8094.54
8096.211
8097.89
8099.586
8101.586
8103.341
8105.019
8106.784
8108.406
8110.025
8111.714
8113.469
8115.182
8116.853
8118.482
8120.196
8121.912
8123.663
8125.543
8127.311
8129.251
8131.008
8132.642
8134.392
8136.042
8137.765
8139.537
8141.37
8143.056
8144.771
8146.455
8148.149
8150.116
8151.869
8153.501
8155.189
8156.903
8158.593
8160.283
8162.015
8163.725
8165.651
8167.659
8169.394
8171.045
8172.716
8174.532
8176.216
8177.861
8179.476
8181.48
8183.16
8184.846
8186.826
8188.573
8190.358
8192.222
8193.909
8195.586
8197.386
8199.276
8200.985
8202.785
8204.656
8206.355
8208.133
8209.851
8211.743
8213.504
8215.185
8216.86
8218.78
8220.612
8222.463
8224.183
8225.907
8227.619
8229.53
8231.219
8232.908
8234.717
8236.388
8238.306
8240.073
8241.823
8243.688
8245.67
8247.401
8249.044
8250.797
8252.525
8254.256
8256.121
8257.932
8259.599
8261.181
8262.864
8264.634
8266.349
8268.046
8269.712
8271.361
8273.326
8275.07
8276.776
8278.409
8280.407
8282.072
8283.571
8285.167
8286.825
8288.581
8290.28
8291.892
8293.92
8295.586
8297.279
8299.055
8300.822
8302.67
8304.493
8306.349
8308.051
8309.852
8311.445
8313.114
8314.833
8316.537
8318.329
8320.179
8321.949
8323.623
8325.298
8326.925
8328.609
8330.325
8332.289
8333.993
8335.683
8337.492
8339.109
8341.085
8342.802
8344.457
8346.19
8348.111
8349.819
8351.545
8353.308
8355.195
8356.876
8358.65
8360.567
8362.366
8364.1
8365.932
8367.646
8369.013
8370.395
8371.879
8373.291
8374.629
8375.931
8377.305
8378.72
8380.075
8381.444
8382.848
8384.226
8385.618
8386.99
8388.39
8389.84
8391.451
8392.89
8394.372
8395.898
8397.387
8398.986
8400.659
8402.152
8403.719
8405.23
8406.792
8408.229
8409.651
8411.267
8412.946
8414.641
8416.024
8417.714
8419.13
8420.597
8422.167
8423.646
8425.245
8426.606
8428.301
8429.779
8431.396
8432.843
8434.293
8435.827
8437.241
8438.691
8440.3
8441.709
8443.174
8444.748
8446.438
8447.926
8449.512
8450.963
8452.37
8453.954
8455.402
8456.857
8458.401
8459.826
8461.5
8462.961
8464.382
8465.933
8467.65
8469.115
8470.51
8472.088
8473.456
8474.924
8476.572
8478.248
8479.73
8481.304
8482.795
8484.203
8485.755
8487.192
8488.831
8490.275
8491.907
8493.343
8494.75
8496.175
8497.746
8499.138
8500.571
8501.954
8503.329
8504.977
8506.388
8507.865
8509.187
8510.53
8511.964
8513.317
8514.635
8516.034
8517.4
8518.771
8520.181
8521.576
8522.944
8524.326
8525.684
8527.063
8528.446
8529.845
8531.241
8532.594
8533.977
8535.361
8536.76
8538.151
8539.542
8540.899
8542.297
8543.659
8545.056
8546.425
8547.822
8549.182
8550.899
8552.256
8553.653
8555.054
8556.416
8557.786
8559.177
8560.568
8561.953
8563.351
8564.757
8566.101
8567.481
8568.862
8570.248
8571.621
8573.003
8574.497
8575.873
8577.234
8578.612
8579.931
8581.366
8582.716
8584.095
8585.459
8586.829
8588.214
8589.596
8590.993
8592.359
8593.732
8595.125
8596.524
8597.899
8599.272
8600.659
8602.072
8603.467
8604.821
8606.173
8607.562
8609.12
8610.643
8612.099
8613.737
8615.405
8617.233
8618.866
8620.508
8622.165
8623.984
8625.535
8627.224
8628.925
8630.914
8632.761
8634.605
8636.41
8638.049
8639.779
8641.653
8643.365
8645.133
8646.842
8648.74
8650.718
8652.738
8654.457
8656.142
8657.887
8659.792
8661.586
8663.289
8664.997
8667.165
8668.898
8670.861
8672.299
8673.931
8675.437
8677.002
8678.45
8680.088
8681.457
8683.128
8684.609
8686.229
8687.7
8689.128
8690.675
8692.151
8693.781
8695.441
8696.873
8698.492
8700.005
8701.564
8703.306
8704.949
8706.472
8708.012
8709.496
8711.103
8712.586
8714.186
8715.629
8717.05
8718.616
8720.065
8721.701
8723.193
8724.76
8726.197
8727.647
8729.234
8730.701
8732.298
8733.989
8735.47
8737.052
8738.544
8740.129
8741.808
8743.557
8745.182
8746.607
8748.259
8749.681
8751.338
8752.825
8754.409
8755.83
8757.24
8758.872
8760.34
8761.939
8763.643
8765.158
8766.701
8768.197
8769.766
8771.465
8772.931
8774.531
8775.936
8777.431
8779.004
8780.495
8782.079
8783.543
8784.946
8786.51
8787.997
8789.589
8791.069
8792.491
8794.043
8795.425
8796.89
8798.489
8799.893
8801.272
8802.638
8804.021
8805.405
8806.788
8808.22
8809.573
8810.94
8812.335
8813.701
8815.102
8816.474
8817.907
8819.249
8820.621
8821.998
8823.4
8824.781
8826.147
8827.548
8828.905
8830.304
8831.663
8833.053
8834.447
8835.813
8837.193
8838.592
8839.959
8841.343
8842.775
8844.191
8845.49
8846.888
8848.275
8849.723
8851.099
8852.474
8853.821
8855.206
8856.555
8857.936
8859.328
8860.735
8862.082
8863.467
8864.852
8866.239
8867.65
8869.005
8870.394
8871.759
8873.166
8874.533
8875.916
8877.417
8878.775
8880.146
8881.528
8882.863
8884.354
8885.732
8887.077
8888.46
8889.794
8891.133
8892.504
8893.874
8895.274
8896.726
8898.097
8899.422
8900.818
8902.188
8903.558
8904.955
8906.324
8907.703
8909.088
8910.535
8912.151
8913.584
8914.952
8916.301
8917.706
8919.124
8921.101
8922.766
8924.148
8925.83
8927.535
8928.915
8930.62
8932.278
8933.761
8935.36
8936.845
8938.428
8940.126
8941.551
8942.974
8944.573
8946.058
8947.648
8949.103
8950.743
8952.251
8953.818
8955.249
8956.871
8958.32
8959.77
8961.334
8963.03
8964.484
8966.067
8967.539
8968.966
8970.533
8972.032
8973.597
8975.314
8976.785
8978.374
8979.829
8981.53
8983.118
8984.64
8986.191
8987.692
8989.292
8990.767
8992.349
8993.731
8995.229
8996.791
8998.332
8999.888
9001.342
9002.722
9004.324
9006.005
9007.474
9009.076
9010.549
9012.161
9013.584
9015.069
9016.67
9018.316
9019.982
9021.375
9022.903
9024.451
9025.915
9027.508
9029.012
9030.596
9032.086
9033.655
9035.111
9036.582
9038.119
9039.558
9040.978
9042.593
9044.007
9045.475
9047.075
9048.543
9050.118
9051.596
9053.19
9054.647
9056.089
9057.636
9059.007
9060.444
9062.07
9063.491
9065.151
9066.845
9068.234
9069.65
9071.014
9072.376
9073.763
9075.143
9076.575
9078.064
9079.413
9080.751
9082.119
9083.505
9084.856
9086.194
9087.566
9088.951
9090.358
9091.725
9093.129
9094.49
9095.891
9097.286
9098.656
9100.129
9101.455
9102.786
9104.171
9105.549
9106.954
9108.319
9109.7
9111.068
9112.451
9113.85
9115.239
9116.637
9117.987
9119.381
9120.754
9122.149
9123.539
9124.947
9126.353
9127.713
9129.14
9130.512
9131.886
9133.247
9134.688
9136.261
9137.649
9139.136
9140.476
9141.814
9143.207
9144.564
9145.942
9147.339
9148.733
9150.121
9151.524
9152.904
9154.239
9155.624
9157.006
9158.418
9159.773
9161.163
9162.542
9163.918
9165.316
9166.702
9168.083
9169.485
9170.865
9172.278
9173.616
9174.997
9176.371
9177.796
9179.228
9180.596
9181.96
9183.283
9184.664
9186.026
9187.41
9188.792
9190.182
9191.575
9192.954
9194.333
9195.756
9197.158
9198.505
9199.895
9201.256
9202.645
9204.077
9205.403
9206.768
9208.237
9209.856
9211.551
9213.026
9214.713
9216.318
9217.787
9219.391
9220.784
9222.437
9223.929
9225.513
9227.019
9228.604
9230.128
9231.671
9233.158
9234.726
9236.221
9237.809
9239.269
9240.87
9242.573
9244.09
9245.701
9247.643
9249.105
9250.704
9252.208
9253.789
9255.215
9256.838
9258.319
9259.751
9261.314
9262.991
9264.527
9266.088
9267.579
9269.152
9270.567
9272.039
9273.584
9275.089
9276.663
9278.136
9279.763
9281.427
9282.934
9284.503
9285.976
9287.393
9288.959
9290.374
9292.045
9293.542
9295.096
9296.556
9297.974
9299.556
9301.264
9302.937
9304.389
9305.998
9307.785
9309.416
9311.08
9312.752
9314.466
9316.132
9317.651
9319.203
9320.914
9322.425
9324.021
9325.672
9327.129
9328.745
9330.207
9331.83
9333.514
9334.982
9336.564
9338.039
9339.489
9341.025
9342.507
9344.09
9345.594
9347.181
9348.705
9350.246
9351.622
9353.091
9354.705
9356.373
9357.874
9359.477
9361.151
9362.546
9363.922
9365.317
9366.682
9368.219
9369.876
9371.246
9372.583
9374.013
9375.396
9376.978
9378.362
9379.778
9381.144
9382.486
9383.897
9385.279
9386.641
9388.043
9389.402
9390.805
9392.18
9393.571
9395.022
9396.405
9397.778
9399.122
9400.52
9401.848
9403.253
9404.637
9406.008
9407.392
9408.825
9410.167
9411.534
9412.917
9414.299
9415.69
9417.048
9418.437
9419.844
9421.203
9422.624
9423.979
9425.382
9426.746
9428.184
9429.811
9431.196
9432.584
9433.945
9435.343
9436.777
9438.169
9439.558
9440.949
9442.306
9443.721
9445.105
9446.456
9447.822
9449.225
9450.605
9452.007
9453.404
9454.753
9456.101
9457.502
9458.879
9460.267
9461.667
9463.082
9464.666
9466.073
9467.499
9468.832
9470.196
9471.581
9472.98
9474.387
9475.763
9477.12
9478.511
9479.894
9481.378
9482.944
9484.644
9486.143
9487.742
9489.426
9491.113
9492.629
9494.265
9495.992
9497.705
9499.322
9500.92
9502.611
9504.103
9505.702
9507.158
9508.761
9510.265
9511.843
9513.364
9514.915
9516.607
9518.04
9519.499
9521.052
9522.443
9524.431
9526.112
9527.635
9529.201
9530.723
9532.291
9533.795
9535.335
9537.034
9538.474
9539.945
9541.64
9543.19
9544.847
9546.539
9548.005
9549.654
9551.304
9552.771
9554.387
9555.894
9557.538
9559.164
9560.626
9562.208
9563.649
9565.299
9566.664
9568.348
9569.889
9571.527
9573.146
9574.626
9576.197
9577.89
9579.348
9580.95
9582.443
9584.043
9585.5
9587.103
9588.557
9590.178
9591.607
9593.261
9594.755
9596.322
9598.02
9599.488
9601.087
9602.769
9604.318
9605.968
9607.534
9609.223
9610.924
9612.311
9613.983
9615.487
9617.067
9618.597
9620.151
9621.647
9623.192
9624.588
9626.001
9627.392
9628.794
9630.161
9631.628
9633.168
9634.64
9636.057
9637.425
9638.857
9640.224
9641.558
9642.897
9644.272
9645.633
9647.054
9648.488
9649.913
9651.261
9652.652
9654.027
9655.596
9656.985
9658.39
9659.768
9661.166
9662.582
9663.963
9665.306
9666.705
9668.108
9669.503
9671.112
9672.515
9673.896
9675.273
9676.708
9678.129
9679.459
9680.834
9682.225
9683.626
9685.008
9686.36
9687.74
9689.118
9690.606
9691.956
9693.384
9694.748
9696.103
9697.471
9698.854
9700.215
9701.569
9702.935
9704.338
9705.734
9707.188
9708.59
9709.967
9711.332
9712.692
9714.065
9715.447
9716.849
9718.247
9719.608
9720.993
9722.399
9723.802
9725.346
9726.812
9728.177
9729.597
9731.182
9732.586
9733.972
9735.447
9737.331
9738.857
9740.406
9741.939
9743.513
9745.15
9746.837
9748.388
9749.919
9751.637
9753.618
9755.125
9756.702
9758.178
9759.761
9761.2
9762.65
9764.313
9765.918
9767.393
9768.957
9770.498
9772.029
9773.515
9775.118
9776.544
9778.196
9779.698
9781.255
9782.759
9784.33
9786.032
9787.509
9789.077
9790.773
9792.472
9793.986
9795.554
9797.235
9798.916
9800.609
9802.115
9803.735
9805.389
9806.769
9808.446
9810.162
9811.642
9813.235
9814.904
9816.606
9817.991
9819.655
9821.164
9822.732
9824.215
9825.825
9827.329
9828.879
9830.58
9832.342
9833.943
9835.645
9837.164
9838.713
9840.392
9841.922
9843.762
9845.3
9846.875
9848.399
9849.936
9851.64
9853.306
9854.687
9856.379
9857.884
9859.433
9860.95
9862.583
9864.23
9865.899
9867.38
9868.979
9870.467
9872.039
9873.473
9874.927
9876.48
9877.981
9879.569
9881.094
9882.727
9884.386
9886.019
9887.691
9889.14
9890.782
9892.22
9893.565
9895.004
9896.629
9898.088
9899.471
9900.869
9902.239
9903.597
9904.989
9906.385
9907.783
9909.145
9910.498
9911.962
9913.333
9914.713
9916.096
9917.664
9919.07
9920.429
9921.815
9923.178
9924.583
9925.988
9927.381
9928.829
9930.17
9931.555
9932.98
9934.367
9935.693
9937.04
9938.44
9939.798
9941.172
9942.561
9943.972
9945.376
9946.72
9948.152
9949.526
9950.946
9952.292
9953.897
9955.299
9956.667
9958.124
9959.517
9960.869
9962.216
9963.611
9964.981
9966.363
9967.729
9969.13
9970.522
9971.91
9973.286
9974.687
9976.13
9977.717
9979.111
9980.527
9981.908
9983.39
9984.74
9986.109
9987.54
9989.088
9990.489
9991.963
9993.343
9994.921
9996.353
9997.752
9999.119
10000.554
10001.935
10003.517
10004.966
10006.605
10008.282
10009.992
10011.448
10013.033
10014.731
10016.136
10017.801
10019.331
10020.888
10022.56
10024.126
10025.672
10027.394
10029.025
10030.464
10032.104
10033.857
10035.473
10037.148
10038.655
10040.238
10041.711
10043.291
10044.796
10046.37
10048.068
10049.579
10051.227
10053.151
10055.142
10057.245
10058.853
10060.5
10062.031
10063.569
10065.278
10066.765
10068.45
10070.049
10071.727
10073.434
10074.833
10076.476
10078.009
10079.543
10081.233
10082.923
10084.448
10086.012
10087.706
10089.205
10090.761
10092.446
10094.155
10095.659
10097.532
10099.235
10100.901
10102.585
10104.013
10105.666
10107.178
10108.828
10110.447
10111.924
10113.491
10115.188
10116.899
10118.38
10119.945
10121.659
10123.347
10124.826
10126.409
10128.11
10129.512
10131.175
10132.862
10134.358
10135.935
10137.606
10139.156
10140.711
10142.153
10143.748
10145.453
10146.909
10148.571
10150.204
10151.919
10153.43
10155.002
10156.717
10158.349
10159.764
10161.241
10162.797
10164.187
10165.579
10166.943
10168.362
10169.778
10171.152
10172.505
10173.891
10175.295
10176.726
10178.132
10179.508
10180.885
10182.221
10183.598
10185.033
10186.406
10187.805
10189.177
10190.541
10191.92
10193.262
10194.629
10195.994
10197.407
10198.779
10200.201
10201.66
10203.034
10204.423
10205.787
10207.15
10208.531
10209.923
10211.294
10212.725
10214.278
10215.712
10217.112
10218.512
10220.091
10221.494
10222.898
10224.277
10225.659
10227.025
10228.411
10229.874
10231.282
10232.675
10234.223
10235.642
10237.066
10238.482
10239.904
10241.302
10242.832
10244.269
10245.652
10247.055
10248.49
10249.859
10251.242
10252.6
10254
10255.601
10256.999
10258.388
10259.73
10261.132
10262.53
10263.935
10265.562
10267.254
10268.944
10270.628
10272.335
10273.815
10275.53
10277.391
10279.24
10281.081
10282.6
10284.17
10285.672
10287.248
10288.904
10290.598
10292.308
10293.988
10295.685
10297.184
10298.786
10300.433
10302.117
10303.83
10305.265
10306.882
10308.398
10309.949
10311.663
10313.158
10314.74
10316.428
10317.862
10319.499
10321.177
10322.63
10324.25
10325.945
10327.401
10329.032
10330.482
10332.092
10333.789
10335.571
10337.253
10338.872
10340.524
10342.054
10343.627
10345.31
10346.991
10348.818
10350.417
10352.058
10353.725
10355.248
10356.931
10358.535
10360.203
10361.711
10363.249
10364.779
10366.344
10367.822
10369.429
10370.822
10372.467
10373.981
10375.61
10377.258
10378.938
10380.422
10381.996
10383.506
10385.089
10386.783
10388.445
10390.159
10391.678
10393.215
10394.912
10396.652
10398.286
10399.785
10401.385
10403.033
10404.566
10406.127
10407.806
10409.236
10410.876
10412.36
10414.246
10415.964
10417.451
10419.026
10420.561
10422.098
10423.525
10425.178
10426.629
10428.034
10429.615
10431.108
10432.71
10434.139
10435.545
10436.955
10438.349
10439.703
10441.087
10442.456
10443.887
10445.437
10446.894
10448.269
10449.673
10451.03
10452.485
10453.883
10455.226
10456.808
10458.242
10459.645
10461.021
10462.424
10463.795
10465.196
10466.591
10468.016
10469.563
10471.028
10472.637
10474.076
10475.496
10476.925
10478.458
10479.93
10481.379
10482.907
10484.306
10485.672
10487.14
10488.751
10490.155
10491.547
10492.986
10494.403
10495.986
10497.435
10499.054
10500.53
10501.951
10503.507
10504.916
10506.315
10507.673
10509.108
10510.557
10512.112
10513.525
10514.933
10516.553
10518.256
10519.694
10521.128
10522.492
10523.913
10525.484
10526.884
10528.374
10529.93
10531.609
10533.089
10534.69
10536.372
10538.205
10540.055
10542.08
10544.067
10545.818
10547.524
10549.429
10551.214
10554.465
10556.794
10558.65
10560.464
10562.339
10564.358
10566.007
10567.462
10569.105
10570.794
10572.506
10574.159
10575.63
10577.546
10579.364
10581.221
10583.839
10585.648
10587.584
10589.338
10591.275
10593.259
10595.053
10596.97
10598.893
10600.713
10602.668
10604.583
10606.304
10608.275
10610.261
10611.963
10613.934
10615.947
10617.939
10619.927
10621.729
10623.627
10625.343
10627.111
10628.997
10630.741
10632.697
10634.687
10636.398
10638.201
10639.899
10641.754
10643.44
10645.222
10647.123
10649.127
10651.127
10652.901
10654.811
10656.566
10658.484
10660.265
10662.168
10664.226
10665.9
10667.63
10669.545
10671.535
10673.543
10675.528
10677.267
10678.926
10680.719
10682.599
10684.423
10686.29
10688.072
10689.974
10691.988
10693.973
10695.693
10697.658
10699.347
10701.17
10703.045
10705.036
10706.83
10708.526
10710.563
10712.397
10714.204
10716.094
10718.104
10719.893
10721.595
10723.277
10725.143
10727.143
10729.158
10730.891
10732.638
10734.522
10736.24
10738.07
10739.905
10741.887
10743.576
10745.317
10747.083
10748.977
10751.276
10753.094
10754.942
10756.957
10758.779
10760.756
10762.931
10764.737
10766.63
10768.423
10770.313
10772.309
10774.015
10775.993
10777.731
10779.458
10781.364
10783.362
10785.094
10787.054
10788.752
10790.919
10792.839
10794.753
10796.747
10798.721
10800.532
10802.437
10804.446
10806.234
10808.114
10810.115
10811.847
10813.606
10815.466
10817.263
10819.475
10821.494
10823.773
10826.812
10829.055
10831.31
10833.333
10835.282
10837.289
10839.101
10840.783
10843.395
10845.585
10847.696
10849.889
10851.9
10854.011
10856.495
10858.475
10860.278
10862.174
10864.469
10866.525
10868.775
10870.573
10872.759
10874.882
10877.752
10880.734
10883.225
10885.511
10887.534
10889.511
10891.837
10894.437
10896.486
10898.422
10900.201
10902.101
10904.101
10906.829
10908.702
10910.7
10912.716
10914.692
10916.835
10918.828
10921.143
10923.404
10926.24
10928.574
10930.538
10932.525
10934.355
10936.206
10938.521
10942.043
10944.106
10946.354
10948.468
10950.354
10952.354
10954.385
10956.939
10958.931
10960.732
10962.617
10964.615
10966.375
10968.304
10970.155
10972.322
10974.403
10976.618
10978.676
10980.902
10982.91
10984.712
10986.582
10988.574
10990.365
10992.286
10994.284
10996.34
10998.638
11000.891
11002.865
11004.868
11006.951
11008.851
11010.654
11012.651
11014.857
11016.686
11018.55
11020.232
11022.235
11024.212
11026.034
11027.727
11029.607
11031.308
11033.307
11035.293
11037.289
11039.574
11041.58
11043.59
11045.893
11048.005
11050.176
11052.29
11054.495
11056.78
11058.867
11060.855
11063.095
11065.394
11067.435
11069.431
11071.456
11073.392
11075.41
11077.375
11080.295
11082.322
11084.294
11086.288
11088.057
11089.956
11091.96
11094.734
11097.486
11100.107
11103.04
11105.774
11108.561
11111.466
11114.085
11116.704
11119.303
11121.909
11124.55
11127.145
11129.541
11132.045
11134.36
11136.369
11138.345
11140.183
11142.139
11144.127
11146.034
11148.355
11151.555
11153.867
11155.673
11157.549
11159.849
11163.095
11165.081
11167.097
11169.066
11170.867
11172.755
11174.769
11178.025
11180.302
11182.016
11184.011
11185.974
11187.955
11189.971
11192.339
11194.591
11197.785
11199.785
11201.786
11203.8
11205.551
11207.461
11209.559
11211.482
11213.513
11215.786
11217.756
11220.165
11222.16
11224.762
11227.291
11229.915
11232.225
11234.276
11236.231
11238.191
11240.241
11242.039
11244.502
11246.829
11249.186
11251.413
11254.032
11256.723
11258.959
11261.392
11263.23
11265.062
11267.215
11269.229
11271.211
11272.966
11274.893
11276.729
11278.699
11281.2
11283.519
11285.608
11287.854
11289.807
11291.817
11294.098
11296.182
11298.404
11300.515
11302.54
11305.012
11307.02
11309.005
11311.326
11313.302
11315.608
11317.615
11319.904
11321.93
11324.351
11326.831
11328.836
11330.834
11333.418
11335.766
11338.053
11340.195
11342.441
11344.643
11346.636
11348.652
11350.793
11352.953
11355.258
11357.535
11359.649
11361.847
11363.854
11365.909
11367.829
11369.629
11372.146
11375.444
11377.375
11379.392
11382.637
11386.257
11388.731
11390.717
11392.714
11394.57
11396.418
11398.702
11400.743
11404.316
11406.93
11408.848
11410.847
11412.835
11414.997
11416.883
11419.136
11420.92
11422.979
11425.426
11429.035
11430.975
11432.959
11434.754
11436.639
11438.364
11440.704
11442.661
11444.348
11446.081
11447.841
11449.728