0.25106
0.21908
0.11263
0.01792
0.00921
-0.02053
-0.03545
-0.04299
-0.05567
-0.07457
-0.11041
-0.10412
-0.09812
-0.07289
-0.05562
-0.04409
-0.03563
-0.02783
-0.00828
0
-0.01333
-0.02121
-0.03501
-0.02818
-0.00588
0.0214
0.01761
0.00114
-0.00764
9.25545E-4
-0.00691
-0.01139
-0.02899
-0.05128
-0.02855
-0.00195
0.02475
0.04889
0.02458
0.03701
0.00922
0.0115
0.03398
0.04833
0.0226
0.03655
0.02355
0.04563
0.04064
0.02688
0.04748
0.05481
0.0443
0.05951
0.04076
0.05518
0.06498
0.05743
0.05595
0.09118
0.06643
0.06723
0.08439
0.093
0.09545
0.06474
0.06388
0.07342
0.06132
0.05615
0.03982
0.03357
0.02498
0.0197
0.0068
0.03141
0.03243
0.03044
0.0338
0.0307
0.04357
0.02817
0.01408
0.01615
0.00495
0.00564
-0.00419
-0.01593
-0.02648
-0.03591
-0.04451
-0.03952
-0.05065
-0.07587
-0.09978
-0.11651
-0.12077
-0.1405
-0.12106
-0.10617
-0.09106
-0.10219
-0.09662
-0.1067
-0.10544
-0.0955
-0.09929
-0.10807
-0.0582
-0.03312
-0.00324
-0.00331
0.00876
-0.00944
0.00335
0.0036
0.0164
0.03728
0.03823
0.00719
-0.00582
0.01984
0.0416
0.00221
0.00767
-0.00346
0.014
0.00793
-0.01516
-0.04533
-0.06675
-0.04109
-0.05446
-0.03094
-0.00777
-0.01941
-0.03006
-0.02959
-0.01344
-0.02236
-0.04639
-0.06781
-0.03337
6.65535E-4
0.01816
0.0454
0.01599
0.02387
0.00429
-0.00698
-0.00326
-0.01384
-0.01514
-0.00733
-0.02045
4.02163E-4
0.01717
0.00745
0.00702
0.0046
-0.02029
-0.00808
0.01765
0.017
0.04515
0.05542
0.06135
0.06052
0.04412
0.03891
0.03805
0.04951
0.02418
0.0292
0.0279
0.0489
0.04822
0.02827
0.04088
0.02365
-0.01039
-0.01494
-0.0119
-0.021
-0.01272
-0.01659
-0.03906
-0.03476
-0.03541
-0.02717
-0.04025
-0.04107
-0.04855
-0.06954
-0.05982
-0.00421
0.00193
-0.01859
0.00783
-0.00445
0.03461
0.04794
0.06453
0.04582
0.04268
0.05373
0.05059
0.05056
0.07903
0.09273
0.05591
0.04699
0.05469
0.03977
0.0501
0.00216
0.00747
0.00563
0.01412
0.01973
0.01243
0.00929
0.00983
-0.02655
-0.02879
-0.04747
-0.05527
-0.05784
-0.04038
-0.03575
-0.03629
-0.04514
-0.04695
-0.03148
-0.01981
-0.00506
0.01301
0.00817
0.037
0.04355
0.07892
0.095
0.09616
0.07662
0.08547
0.09964
0.12594
0.13722
0.10037
0.0947
0.07222
0.02612
0.03071
0.01272
-0.00159
-0.01225
-0.01868
-0.01958
-0.01676
0.01027
0.00789
-0.02437
-0.05115
3.80697E-4
-0.00876
-0.00572
0.04537
0.05719
0.06796
0.06757
0.08997
0.10211
0.10309
0.10017
0.06599
0.05291
0.06838
0.08366
0.05176
0.04157
0.0122
-0.00421
-0.00467
-0.0253
-0.05648
-0.0782
-0.0928
-0.09344
-0.11635
-0.12076
-0.12758
-0.14167
-0.14351
-0.14864
-0.16664
-0.13285
-0.13238
-0.13772
-0.10527
-0.08283
-0.08666
-0.0666
-0.05912
-0.02219
-0.0211
-0.01246
-0.02786
-0.03208
-0.01488
0.03665
0.02877
0.02477
3.05452E-4
-0.01476
-0.00847
-0.02885
-0.04818
-0.04586
-0.04199
-0.05988
-0.04958
-0.03805
-0.00784
-0.02872
-0.03353
-0.03649
-0.0401
-0.02738
-0.01917
-0.02195
-1.98438E-4
0.00902
-0.01248
-0.02917
-0.01992
-0.03011
0.0078
-0.03046
-0.01315
-0.01593
0.00344
0.02425
0.01717
0.03069
0.01934
0.01862
0.02564
0.04728
0.04237
0.06582
0.07493
0.04754
0.06503
0.06811
0.05875
0.05503
0.04795
0.0593
0.0304
0.0455
0.05244
0.0433
0.06014
0.05892
0.06513
0.06987
0.0728
0.07139
0.05257
0.04729
0.0374
0.03068
0.02501
0.04832
0.0416
0.04499
0.06133
0.0308
0.04179
0.01805
0.02734
0.00924
0.00974
0.0212
0.02814
0.05044
0.04672
0.07328
0.07353
0.06465
0.06757
0.05005
0.06032
0.05486
0.08066
0.05729
0.06
0.03959
0.03565
0.02384
0.00668
0.016
0.00961
0.03078
0.04025
0.03184
0.0339
0.04322
0.05529
0.02458
0.04525
0.05985
0.07973
0.07196
0.08114
0.08237
0.0573
0.06789
0.02706
0.05709
0.05116
0.05409
0.04
0.03538
0.01768
0.00568
5.5301E-4
-0.01907
-0.01473
-0.03348
-0.04508
-0.03633
-0.06184
-0.04597
-0.06013
-0.08311
-0.09066
-0.1019
-0.11527
-0.08018
-0.08668
-0.10193
-0.09882
-0.07786
-0.05494
-0.02354
-0.01414
-0.03546
-0.03004
-0.02776
-0.0163
0.00285
0.02696
0.03303
0.01883
0.01421
0.03213
0.04214
0.00225
-0.00179
-0.02975
-0.02907
-0.00496
-0.01291
-0.02526
-0.00615
-0.02949
-0.03436
-0.03057
-0.02782
-0.02044
-0.032
-0.03554
0.00591
0.00761
0.02886
0.03865
0.03721
0.02178
0.02066
0.0216
0.02905
0.02753
0.0112
0.01077
0.01041
5.51271E-4
0.00565
-0.00671
-0.01184
-0.0278
-0.04594
-0.04428
-0.03972
-0.04171
-0.04525
-0.04257
-0.06082
-0.00332
0.09753
0.1845
0.30635
0.4287
0.52475
0.62198
0.71998
0.84399
0.95608
1.0858
1.19164
1.29679
1.3885
1.49271
1.55198
1.5626
1.59093
1.5522
1.5294
1.49891
1.52167
1.51557
1.47658
1.48251
1.45791
1.47645
1.4608
1.47446
1.47645
1.4796
1.46742
1.43794
1.45081
1.4421
1.46927
1.4279
1.44807
1.47185
1.42195
1.42094
1.40009
1.39861
1.40627
1.42799
1.44671
1.45886
1.47024
1.51729
1.53095
1.52297
1.54732
1.53887
1.55744
1.57219
1.57598
1.58545
1.61729
1.58452
1.55261
1.54246
1.53827
1.54944
1.53907
1.55479
1.57987
1.58226
1.58432
1.55823
1.54342
1.5315
1.51643
1.50784
1.51658
1.52865
1.51431
1.50774
1.48638
1.47851
1.46402
1.43743
1.42374
1.40249
1.41594
1.45551
1.46317
1.48622
1.48774
1.513
1.52786
1.5404
1.53454
1.54737
1.54011
1.54145
1.54659
1.58438
1.61445
1.61272
1.61756
1.61753
1.56654
1.55845
1.53688
1.54928
1.55293
1.55803
1.55543
1.56822
1.5619
1.55992
1.5425
1.52863
1.50702
1.48545
1.49322
1.53702
1.54092
1.53742
1.49526
1.48062
1.48691
1.49927
1.50918
1.50506
1.5258
1.50149
1.53292
1.55981
1.58254
1.58738
1.57431
1.55942
1.57156
1.60311
1.60188
1.59853
1.5895
1.55026
1.57302
1.55189
1.54763
1.51048
1.4905
1.46554
1.41123
1.39363
1.39291
1.42074
1.40791
1.41652
1.40998
1.4219
1.43621
1.43351
1.4347
1.45129
1.46108
1.46499
1.48255
1.53036
1.54424
1.55602
1.51804
1.49897
1.47877
1.48257
1.48633
1.52969
1.53078
1.55658
1.58292
1.57819
1.5775
1.54636
1.50987
1.52201
1.51945
1.5098
1.54265
1.56104
1.57676
1.55696
1.51306
1.48405
1.48221
1.46801
1.47054
1.4669
1.47481
1.49812
1.50267
1.49733
1.48541
1.46835
1.45506
1.4345
1.42876
1.45846
1.46959
1.45937
1.45926
1.43874
1.47202
1.48796
1.51629
1.50426
1.53227
1.57661
1.58394
1.58413
1.58012
1.61596
1.57918
1.60787
1.61109
1.59035
1.63162
1.61359
1.59296
1.58989
1.60005
1.59622
1.56421
1.57491
1.60519
1.62196
1.60086
1.59728
1.5541
1.54399
1.53026
1.51834
1.51231
1.51159
1.49182
1.47856
1.48745
1.49841
1.47944
1.48519
1.48934
1.49477
1.50192
1.51508
1.51801
1.56455
1.54298
1.57518
1.57991
1.59722
1.62722
1.59239
1.59759
1.61205
1.58723
1.57158
1.57441
1.5855
1.57181
1.56617
1.55176
1.54146
1.49839
1.50747
1.50436
1.48969
1.49309
1.50448
1.50079
1.51073
1.55005
1.55894
1.53469
1.53932
1.53618
1.53069
1.53344
1.54128
1.58139
1.54718
1.52326
1.54107
1.53363
1.51405
1.48374
1.41783
1.40067
1.447
1.46709
1.4844
1.48166
1.49315
1.48556
1.45348
1.46035
1.45395
1.42747
1.4687
1.46921
1.49498
1.51699
1.54875
1.52993
1.53224
1.55765
1.53705
1.53868
1.5527
1.54299
1.56698
1.56471
1.60113
1.56124
1.58669
1.59937
1.63175
1.62228
1.61857
1.61347
1.5832
1.59585
1.57915
1.58226
1.57182
1.57548
1.596
1.57978
1.56649
1.56616
1.56808
1.56808
1.5429
1.55165
1.56325
1.58378
1.59888
1.61916
1.60315
1.59885
1.58317
1.58762
1.60334
1.60486
1.60074
1.59179
1.58644
1.59396
1.62829
1.61669
1.60267
1.58703
1.62262
1.64066
1.63473
1.63145
1.63785
1.60497
1.59814
1.56873
1.53289
1.52154
1.52472
1.47067
1.45242
1.46186
1.48141
1.45276
1.46721
1.50179
1.52966
1.52073
1.5508
1.53945
1.55821
1.57397
1.58004
1.56526
1.57322
1.57737
1.57358
1.5562
1.57001
1.57637
1.56633
1.55549
1.55282
1.51907
1.5315
1.51694
1.4996
1.4884
1.48385
1.48046
1.50189
1.48072
1.50478
1.4972
1.49247
1.49525
1.51451
1.53656
1.56283
1.56041
1.56908
1.59832
1.5959
1.62242
1.60345
1.55934
1.56277
1.54221
1.53423
1.48939
1.47566
1.44473
1.42989
1.43556
1.47036
1.48005
1.4614
1.45935
1.44139
1.46141
1.50474
1.50496
1.50525
1.48389
1.50279
1.49756
1.48553
1.49565
1.46765
1.48188
1.46667
1.46559
1.47568
1.48388
1.47073
1.45133
1.44808
1.44786
1.47471
1.44837
1.45759
1.4491
1.44068
1.45666
1.42905
1.45019
1.47231
1.46581
1.46357
1.48966
1.50578
1.50643
1.52222
1.51966
1.54705
1.53448
1.55425
1.53767
1.56632
1.56463
1.59115
1.58096
1.59705
1.6252
1.62639
1.62144
1.64721
1.64548
1.64862
1.6397
1.67667
1.69817
1.68372
1.62078
1.56737
1.44362
1.38906
1.29016
1.15188
1.04847
0.95127
0.84233
0.74018
0.6384
0.56255
0.43677
0.33712
0.28621
0.22702
0.17958
0.1811
0.13894
0.14219
0.15625
0.16015
0.14458
0.15944
0.14997
0.15373
0.15182
0.15038
0.13199
0.10128
0.09318
0.09738
0.09839
0.09428
0.06646
0.06396
0.0605
0.07817
0.0575
0.05595
0.04591
0.03568
0.05964
0.05264
0.05697
0.06521
0.0482
0.03519
0.03465
0.05073
0.02841
0.04156
0.03286
0.02787
0.0394
0.03601
0.02921
0.00493
0.01397
0.01856
-0.00749
-0.00947
-0.00553
0.00918
0.00495
0.0314
-0.01098
-0.00473
0.01052
-0.01697
-0.0113
-0.01278
-0.00352
0.00403
2.02816E-4
0.00797
0.02525
0.01849
0.00953
0.01077
9.38884E-4
0.02053
0.0064
0.01135
0.02422
0.00926
0.01927
0.03178
0.02614
0.0299
0.02694
-0.01815
-0.01031
-0.01493
-0.01207
-0.00167
0.00672
0.01218
-0.00932
-0.01676
-0.02189
-0.01824
-0.03731
-0.02293
-0.00302
0.01715
0.05252
0.0591
0.06608
0.03725
0.05618
0.04354
0.0568
0.05973
0.07281
0.11231
0.12149
0.14397
0.1306
0.10896
0.10058
0.08956
0.10701
0.11916
0.13538
0.11121
0.12856
0.12795
0.12022
0.12997
0.11147
0.09225
0.09952
0.09544
0.08587
0.09671
0.11532
0.08313
0.07865
0.08118
0.06991
0.0595
0.04502
0.0551
0.05532
0.0594
0.06981
0.0559
0.0709
0.06566
0.07325
0.08121
0.07142
0.06936
0.07355
0.09003
0.08472
0.12046
0.10294
0.09286
0.10233
0.08524
0.08318
0.06999
0.08929
0.06151
0.02588
0.04034
0.03987
0.03294
0.01223
0.00728
-0.02491
-0.00832
-0.02115
-0.0451
-0.02855
-0.02168
-0.03736
-0.03469
-0.03851
-0.02579
-0.04169
-0.04985
-0.0402
-0.02672
-0.01487
-0.01357
-0.01096
-0.01161
-0.0033
-0.01045
-0.01193
-0.00372
-0.0021
0.01572
0.01038
0.05002
0.05204
0.05288
0.06719
0.04934
0.04912
0.03323
0.04812
0.04985
0.05553
0.04108
0.04191
0.05539
0.04716
0.06045
0.04564
0.03701
0.03809
0.00796
0.01266
-0.01332
0.00623
-0.0123
-0.01259
-0.00753
0.00566
-0.00778
-0.00781
-0.01171
-0.02565
-0.0288
-0.0087
-0.01846
0.01096
0.00586
0.04225
0.04554
0.06466
0.05989
0.03037
0.04194
0.05896
0.04838
0.06312
0.06421
0.06909
0.07137
0.07986
0.07271
0.09096
0.07607
0.08222
0.07445
0.09664
0.11373
0.10745
0.121
0.10481
0.09
0.10312
0.11385
0.10609
0.11942
0.09467
0.08871
0.11231
0.082
0.07907
0.08052
0.08844
0.08081
0.06261
0.05925
0.08295
0.08014
0.05412
0.05842
0.025
0.04831
0.06139
0.04123
0.04991
0.05457
0.0454
0.04189
0.0682
0.08696
0.1043
0.08028
0.06821
0.05098
0.02218
0.04086
0.02442
0.00578
0.00159
0.00113
0.0262
0.01396
-0.00122
-0.03919
-0.07102
-0.08977
-0.05725
-0.04991
-0.03896
-0.02931
-0.0184
-0.01941
0.003
0.01659
0.00235
-0.0332
-0.03804
-0.03685
-0.03999
-0.00931
0.01165
-0.03301
-0.01096
-0.00796
0.01123
0.00834
0.01665
0.0138
0.01875
0.04173
0.0516
0.05413
0.05522
0.06892
0.05204
0.04742
0.07167
0.04938
0.05661
0.04768
0.02001
0.04277
0.01958
0.00191
-0.00347
0
0.01301
0.02435
0.01235
0.01517
0.00686
0.00227
0.01195
0.02272
0.01361
0.02756
0.01651
0.03736
0.03154
0.00917
-0.00593
-0.01468
-0.01656
0.00779
-0.00391
-0.01099
-0.01424
-0.01464
-0.02414
-0.01543
0.00278
-0.01438
-0.02421
-1.05854E-4
0.02226
0.03697
0.03216
0.02339
0.01403
0.02862
0.03451
0.02761
0.03628
0.0361
0.03849
0.01847
0.00651
9.85602E-4
-0.02257
-0.02058
-0.01748
-0.02911
-0.02481
-0.04783
-0.05809
-0.05812
-0.04717
-0.05284
-0.05873
-0.08081
-0.08435
-0.07217
-0.07
-0.04872
-0.06282
-0.08059
-0.06401
-0.05212
-0.04294
-0.0304
-0.03394
-0.03658
-0.03434
-0.0123
-0.00167
0.00678
0.01452
0.01965
0.02366
0.03739
0.06598
0.05716
0.03609
0.06056
0.06825
0.09142
0.09221
0.077
0.07827
0.08719
0.08643
0.08557
0.07957
0.07697
0.09374
0.07278
0.02475
0.03307
0.01619
-0.01011
-0.02254
-0.01614
-0.01112
-0.03851
-0.04772
-0.06019
-0.04078
-0.01415
-0.0169
-0.0312
-0.01736
0.04128
0.06278
0.06221
0.08898
0.07373
0.07022
0.07095
0.07211
0.08641
0.082
0.05996
0.03698
0.01584
-0.00703
-0.01455
-0.01614
-0.03239
-0.04518
-0.05639
-0.0532
-0.03001
-0.01577
-0.03597
-0.05165
-0.03043
-0.02498
-0.01356
-0.01908
0.01192
0.0482
0.04549
0.05181
0.0645
0.06049
0.06981
0.05218
0.03635
0.08163
0.09991
0.09955
0.16239
0.23314
0.32807
0.40969
0.51231
0.58848
0.66711
0.77772
0.87994
0.96142
1.06101
1.15456
1.24002
1.32822
1.41534
1.45664
1.49881
1.50867
1.49939
1.46159
1.47305
1.47818
1.49419
1.5008
1.48259
1.46608
1.47443
1.47371
1.50485
1.52309
1.49878
1.47179
1.49961
1.51674
1.50951
1.51182
1.52129
1.47507
1.46326
1.47089
1.47865
1.48559
1.46048
1.43739
1.44531
1.46945
1.46077
1.45098
1.46334
1.49507
1.49648
1.47628
1.48809
1.48456
1.50566
1.4894
1.4546
1.47946
1.4804
1.49472
1.48257
1.49526
1.47314
1.48687
1.44759
1.45684
1.48058
1.49829
1.50902
1.49883
1.48626
1.48919
1.46071
1.43091
1.37624
1.3844
1.38961
1.39893
1.33787
1.35312
1.38495
1.38983
1.38412
1.38076
1.35915
1.36696
1.367
1.38908
1.39016
1.41491
1.4303
1.3907
1.40487
1.43692
1.42904
1.39403
1.38977
1.39508
1.39443
1.43902
1.44892
1.42749
1.41268
1.42074
1.41062
1.37987
1.4112
1.41511
1.39444
1.40506
1.4296
1.43541
1.45077
1.46334
1.45818
1.4688
1.49142
1.502
1.50714
1.52325
1.55621
1.53637
1.50599
1.52232
1.52029
1.50566
1.48474
1.47047
1.47083
1.47376
1.48185
1.50653
1.50661
1.51658
1.49526
1.4553
1.46885
1.47427
1.48041
1.46101
1.45537
1.47077
1.47022
1.46419
1.457
1.44175
1.43651
1.44689
1.43746
1.44172
1.45481
1.47689
1.50301
1.4938
1.49708
1.51128
1.50323
1.50388
1.5054
1.4886
1.49206
1.47635
1.46847
1.46196
1.46645
1.45857
1.44535
1.44188
1.44766
1.46833
1.42428
1.41785
1.40885
1.39556
1.3995
1.41269
1.40872
1.42216
1.42671
1.40991
1.41837
1.42252
1.41385
1.40474
1.3813
1.39037
1.40399
1.39673
1.38885
1.41165
1.40276
1.42726
1.44103
1.44981
1.44392
1.47482
1.47395
1.45245
1.43207
1.44721
1.4638
1.46108
1.44862
1.45328
1.43785
1.43901
1.44176
1.42391
1.40465
1.4062
1.3876
1.37325
1.37408
1.40653
1.37397
1.36462
1.36714
1.36989
1.36852
1.36708
1.36133
1.34146
1.351
1.34132
1.34634
1.31997
1.31769
1.33005
1.32366
1.33811
1.35968
1.35705
1.39683
1.3913
1.3968
1.38646
1.396
1.39676
1.42541
1.43029
1.42299
1.43734
1.46339
1.47647
1.4729
1.45779
1.43517
1.38083
1.40696
1.40262
1.41194
1.39746
1.38326
1.37842
1.39851
1.40671
1.44646
1.41813
1.38127
1.40039
1.40733
1.42712
1.4479
1.44331
1.43547
1.41592
1.42922
1.4225
1.44216
1.47761
1.47616
1.44621
1.43363
1.46702
1.45629
1.44524
1.42843
1.44541
1.44343
1.4426
1.47385
1.46312
1.46175
1.44228
1.38067
1.42338
1.42678
1.44759
1.4718
1.49088
1.48054
1.47317
1.44987
1.44373
1.42859
1.43712
1.45348
1.47838
1.47144
1.49981
1.45808
1.43398
1.44984
1.40659
1.38083
1.39311
1.42469
1.45316
1.45273
1.45204
1.39849
1.38668
1.37945
1.39347
1.38194
1.40789
1.39784
1.38595
1.4295
1.44717
1.45544
1.43402
1.41682
1.43239
1.45342
1.47901
1.48118
1.46405
1.44013
1.44905
1.43905
1.4763
1.47974
1.45863
1.44414
1.44273
1.44707
1.45581
1.42817
1.45574
1.4436
1.45263
1.47078
1.46225
1.44313
1.43482
1.40309
1.41419
1.39442
1.3962
1.41126
1.41278
1.37101
1.39555
1.34102
1.34334
1.35515
1.35927
1.40372
1.4005
1.40914
1.40831
1.39346
1.41318
1.43949
1.42135
1.43805
1.49601
1.48228
1.50707
1.51859
1.49308
1.46352
1.4353
1.45579
1.47436
1.46262
1.45792
1.47046
1.45897
1.50002
1.54067
1.49724
1.53297
1.54634
1.52961
1.52773
1.52788
1.53597
1.52386
1.50703
1.5359
1.52777
1.48777
1.50092
1.51411
1.47874
1.49182
1.44517
1.44676
1.45114
1.45009
1.44929
1.4442
1.43661
1.43018
1.43086
1.43614
1.45384
1.43957
1.38024
1.36236
1.37406
1.38096
1.3698
1.40669
1.39567
1.41117
1.39983
1.38707
1.35896
1.35466
1.35947
1.34816
1.35105
1.36197
1.35008
1.35019
1.38293
1.39033
1.37668
1.39767
1.4079
1.43247
1.43865
1.45097
1.42976
1.40013
1.40085
1.38915
1.36049
1.38488
1.37256
1.3533
1.35309
1.36288
1.35901
1.36125
1.34492
1.32899
1.36054
1.3829
1.40209
1.40736
1.38425
1.40885
1.39661
1.39906
1.37641
1.34785
1.33303
1.33654
1.30586
1.32844
1.36732
1.34155
1.3607
1.3655
1.37713
1.41619
1.41145
1.40661
1.39302
1.41354
1.44184
1.42117
1.44014
1.39389
1.31775
1.23331
1.17311
1.07677
0.97119
0.89664
0.79988
0.71427
0.65422
0.56489
0.45234
0.34675
0.24731
0.13967
0.14123
0.12446
0.1099
0.11138
0.08746
0.11098
0.07926
0.09556
0.08385
0.04822
0.04699
0.07398
0.10972
0.14455
0.1542
0.12345
0.08652
0.05616
0.03777
0.06382
0.04033
0.04348
0.00582
0.01034
0.01699
0.01605
0.01782
0.00355
-0.00248
-0.00707
-0.01535
0.00265
0.05229
0.04297
0.02841
0.02765
0.0236
0.03687
0.00673
0.01963
0.01175
-0.00249
-0.00881
-0.01322
-0.02515
-0.02121
-0.01391
-0.04134
-0.05879
-0.06884
-0.05511
-0.0555
-0.06551
-0.02605
-0.03389
-6.12598E-4
-0.0022
-0.02749
-0.02616
-0.00574
0.00463
-0.00162
0.00485
0.04648
0.02595
0.03611
0.04052
0.03745
0.04316
0.03727
0.02654
0.02686
0.03112
0.01085
-0.00786
-0.03442
-0.02004
-0.02499
-0.04194
-0.02759
-0.03409
-5.26903E-4
0.01631
0.00735
-0.00935
-0.00313
0.00721
0.01501
0.04536
0.04219
0.05859
0.02727
0.01726
0.01151
0.02018
0.00819
-0.0153
-0.00919
-0.027
-4.61956E-5
0.0053
-0.00301
0.01361
0.00725
0.02778
0.03356
0.05123
0.07334
0.08967
0.07945
0.05264
0.01665
-0.00189
-0.01591
-0.04163
-0.06139
-0.06837
-0.07625
-0.08268
-0.09543
-0.10989
-0.09782
-0.11889
-0.11354
-0.11466
-0.07711
-0.03144
-0.0189
0.01745
0.05901
0.06435
0.05138
0.03064
0.04545
0.05525
0.0675
0.0658
0.08936
0.07508
0.08791
0.07281
0.05142
0.03989
0.03686
0.02165
0.0163
0.03346
0.07411
0.04647
0.03867
0.04221
0.04109
0.0404
0.04662
0.03499
0.05905
0.07809
0.09124
0.07516
0.05709
0.05929
0.05894
0.03953
0.04539
0.05337
0.0352
0.01381
-1.03051E-4
-0.03515
-0.0238
-0.03963
-0.06128
-0.06016
-0.02941
0.00702
0.00709
0.00821
0.01667
0.04221
0.02588
0.02035
0.04051
0.03173
0.05078
0.05132
0.04655
0.05515
0.05263
0.03365
0.00175
-0.00306
-0.02423
-0.04656
-0.06344
-0.05054
-0.04205
-0.03475
-0.0246
-0.01434
-0.00526
0.0029
0.00424
-0.00584
-0.02167
-0.03294
-0.01828
-0.01137
0.01186
0.00767
0.00532
0.00558
-0.00132
-0.00244
-0.02174
-0.02268
-0.04584
-0.05469
-0.05538
-0.05336
-0.05397
-0.06456
-0.04924
-0.07215
-0.07396
-0.10156
-0.09076
-0.10496
-0.09369
-0.08776
-0.12169
-0.11493
-0.1146
-0.12703
-0.11724
-0.10419
-0.09238
-0.08707
-0.07602
-0.0625
-0.03753
-0.06582
-0.06944
-0.07067
-0.06926
-0.0616
-0.04726
-0.04697
-0.01319
-0.00936
-0.01727
-0.03064
-0.03144
-0.031
-0.04737
-0.04188
-0.031
-0.02023
-0.03671
-0.02346
-0.01457
-0.01439
-0.03647
-0.04294
-0.05623
-0.05153
-0.05182
-0.0662
-0.0937
-0.09554
-0.08633
-0.0684
-0.0632
-0.04467
-0.06534
-0.03936
-0.01916
0.01015
0.0263
0.02663
0.01261
0.00834
0.02165
0.02738
0.00416
0.00649
0.00207
-0.01388
-0.0053
0.02294
-6.02153E-4
0.00144
-0.01057
-0.03292
-0.01943
-0.00853
-0.01483
-0.01601
-0.00164
0.02967
0.00458
-0.01138
-0.00261
-0.03562
-0.05035
-0.05
-0.07896
-0.06756
-0.05591
-0.03619
-0.03115
-0.01885
-0.02956
-0.02412
-0.0172
-0.01852
-0.00745
-0.01411
0.01113
0.01874
0.02735
0.01028
0.01254
-0.00482
-0.03006
-0.03293
-0.03129
-0.02267
-0.05387
-0.02491
0.00395
-0.01247
0.00825
-9.07703E-4
-0.00378
-0.0081
0.01621
0.00303
0.02737
0.024
0.02485
0.01713
0.04834
0.08752
0.05921
0.04814
0.08314
0.0669
0.07245
0.0764
0.08271
0.08294
0.09109
0.06427
0.07791
0.07977
0.08958
0.06304
0.04691
0.02745
0.02826
0.00588
6.92981E-4
6.02646E-4
0.00283
-0.01706
-0.03486
-0.03878
-0.04186
-0.05453
-0.06347
-0.0679
-0.06423
-0.06753
-0.05917
-0.07498
-0.07846
-0.08487
-0.08746
-0.07606
-0.06165
-0.0414
-0.05638
-0.06055
-0.05056
-0.02481
-0.02746
-0.04345
-0.03798
-0.02632
-0.01864
-0.02939
-0.01315
-0.00923
-0.04036
-0.05829
-0.06001
-0.05063
-0.04042
-0.04665
-0.06318
-0.04112
-0.05216
-0.05803
-0.07676
-0.09719
-0.07539
-0.09426
-0.10194
-0.0973
-0.10364
-0.10376
-0.08903
-0.08807
-0.09796
-0.10946
-0.11765
-0.10975
-0.12364
-0.11557
-0.09322
-0.07069
-0.06601
-0.07777
-0.09524
-0.07242
-0.07435
-0.09287
-0.12407
-0.10146
-0.09212
-0.09456
-0.07687
-0.06702
-0.05642
-0.08527
-0.11976
-0.12071
-0.11766
-0.10651
-0.09402
-0.09379
-0.08792
-0.05541
-0.05438
-0.05721
-0.06655
-0.07322
-0.05965
-0.08117
-0.05007
-0.03979
-0.00678
0.01318
8.45667E-4
-0.01789
-0.01602
-0.01799
-0.01212
-0.01318
-0.01193
-0.00613
-0.0141
0.00478
0.07913
0.15854
0.22205
0.30196
0.38143
0.48263
0.53728
0.59222
0.68753
0.74756
0.82137
0.92964
1.02871
1.15393
1.24815
1.3162
1.3193
1.351
1.30084
1.26895
1.28187
1.30931
1.32115
1.30928
1.33773
1.34303
1.31082
1.29826
1.2499
1.21346
1.2267
1.21343
1.17384
1.23435
1.24095
1.20874
1.2158
1.22786
1.26047
1.22403
1.24027
1.29128
1.28837
1.30042
1.29578
1.23668
1.18579
1.20622
1.15949
1.19427
1.2298
1.23275
1.21936
1.21559
1.23082
1.20572
1.17492
1.17559
1.14732
1.16934
1.17355
1.20075
1.22075
1.2177
1.22292
1.24643
1.25252
1.26797
1.25321
1.2507
1.21639
1.1951
1.19215
1.21132
1.1712
1.18925
1.23082
1.22029
1.22995
1.21747
1.16502
1.14835
1.15256
1.13422
1.14324
1.17972
1.16228
1.15255
1.15224
1.1644
1.11774
1.11096
1.10318
1.13666
1.11792
1.13452
1.15254
1.18208
1.18676
1.18038
1.19074
1.22274
1.22594
1.22783
1.24046
1.27062
1.24607
1.25208
1.2452
1.26842
1.2829
1.27356
1.25053
1.25109
1.24901
1.23176
1.22329
1.23527
1.24071
1.26183
1.25953
1.27216
1.27186
1.2395
1.23284
1.20789
1.17535
1.14835
1.15523
1.18333
1.18772
1.23428
1.22324
1.21987
1.20634
1.18843
1.20103
1.2043
1.21996
1.21207
1.21267
1.25894
1.2582
1.26765
1.25513
1.24366
1.23006
1.24778
1.28596
1.29032
1.27989
1.27193
1.27885
1.25098
1.23604
1.25037
1.23811
1.24478
1.24206
1.23402
1.25688
1.23714
1.20476
1.19184
1.19332
1.20028
1.20587
1.23256
1.27895
1.28353
1.24012
1.23407
1.27421
1.23449
1.19487
1.19855
1.20103
1.2098
1.17109
1.16429
1.14393
1.14013
1.07554
1.05801
1.07617
1.08411
1.11229
1.06324
1.10045
1.14441
1.1384
1.11382
1.11301
1.14068
1.13185
1.1898
1.22245
1.22952
1.26792
1.28623
1.29399
1.28017
1.28283
1.2473
1.2638
1.25906
1.25609
1.27917
1.29072
1.26379
1.25673
1.21119
1.22708
1.18674
1.15804
1.16865
1.12322
1.16722
1.21248
1.21402
1.22883
1.2342
1.21786
1.20054
1.23323
1.22151
1.2361
1.23113
1.19315
1.21174
1.2333
1.28417
1.26652
1.22348
1.18813
1.16127
1.16495
1.14156
1.13536
1.13485
1.11782
1.11177
1.12361
1.1214
1.0927
1.06985
1.06691
1.05296
1.10205
1.09886
1.09596
1.12522
1.13941
1.1476
1.12118
1.1517
1.14273
1.13397
1.16085
1.17576
1.19656
1.1727
1.15184
1.14012
1.16768
1.17403
1.15392
1.14393
1.10865
1.14827
1.12607
1.14101
1.14027
1.17783
1.1819
1.18152
1.19737
1.23182
1.21717
1.22532
1.227
1.23158
1.21931
1.22385
1.20359
1.20528
1.18951
1.19025
1.18019
1.19759
1.18735
1.17874
1.17197
1.17668
1.13905
1.1364
1.12218
1.13282
1.13056
1.1312
1.13155
1.17261
1.20375
1.16882
1.15388
1.17551
1.21109
1.2003
1.21821
1.24659
1.27697
1.29029
1.30881
1.33911
1.3684
1.36379
1.34343
1.31675
1.33625
1.32452
1.28765
1.23415
1.23984
1.21659
1.21036
1.19842
1.17123
1.18577
1.17491
1.15188
1.15678
1.14679
1.12798
1.11724
1.14176
1.14796
1.18093
1.19122
1.21729
1.22905
1.20923
1.25113
1.2539
1.28044
1.26839
1.25367
1.26457
1.26444
1.28535
1.2514
1.26085
1.22961
1.21807
1.20443
1.19708
1.20736
1.1831
1.15425
1.12471
1.11721
1.12139
1.10627
1.14603
1.1174
1.13783
1.13391
1.14849
1.1733
1.20205
1.2171
1.2225
1.23397
1.26539
1.25714
1.26648
1.27488
1.26688
1.24873
1.26255
1.27775
1.27849
1.28411
1.27983
1.24798
1.22683
1.21525
1.22839
1.19234
1.20692
1.23574
1.22333
1.25298
1.24707
1.24872
1.21734
1.25259
1.24863
1.22834
1.20065
1.19207
1.17424
1.17036
1.20756
1.20237
1.21042
1.23013
1.20836
1.24683
1.25032
1.26346
1.21394
1.19191
1.18586
1.19055
1.18869
1.20934
1.19642
1.17705
1.18072
1.15097
1.15097
1.16053
1.14022
1.16235
1.16653
1.2059
1.21702
1.19081
1.13071
1.07422
1.00458
0.93292
0.86143
0.79534
0.71059
0.6351
0.56857
0.46575
0.3817
0.28676
0.18406
0.12508
0.07072
0.0572
0.0574
0.06162
0.0649
0.07096
0.08547
0.10562
0.09727
0.0776
0.11293
0.13163
0.14687
0.14921
0.15249
0.1601
0.15091
0.13236
0.12794
0.10853
0.12153
0.09257
0.07793
0.08178
0.08922
0.07006
0.04504
0.03798
0.05174
0.03608
0.07538
0.09055
0.08584
0.08261
0.06876
0.06073
0.05627
0.07895
0.08209
0.07969
0.07556
0.09983
0.09462
0.07419
0.06399
0.01994
0.01967
0.02653
-0.00412
0.00671
-0.02814
-0.03841
-0.05418
-0.06066
-0.05196
-0.0394
-0.07164
-0.06732
-0.04905
-0.0358
-0.00679
0.00888
0.00442
0.0279
0.0375
0.06072
0.07188
0.06908
0.0798
0.06223
0.04325
0.04787
0.02841
0.01301
0.02022
-0.02409
-0.04405
-0.02766
-0.04657
-0.03487
-0.02527
-0.0311
-0.05781
-0.06755
-0.08179
-0.08516
-0.09118
-0.06329
-0.05011
-0.05034
-0.04197
-0.02918
-0.0667
-0.05494
-0.08685
-0.10938
-0.11875
-0.08526
-0.09066
-0.07311
-0.08483
-0.08173
-0.09522
-0.10835
-0.10774
-0.09514
-0.10491
-0.06976
-0.06634
-0.0438
-0.03796
-0.01477
-0.04542
-0.05237
-0.03869
0.0021
0.01336
0.01295
0.00189
-0.0106
-0.00334
0.00283
-0.00835
-0.02982
-0.04718
-0.05337
-0.07166
-0.06748
-0.05293
-0.04839
-0.09071
-0.0986
-0.09977
-0.06267
-0.07171
-0.07162
-0.07181
-0.06018
-0.01336
0.00588
0.02087
0.02906
0.03118
0.02398
-0.00198
0.02692
0.01054
0.02263
2.57287E-4
0.03288
0.03659
0.02584
0.01712
-0.00699
0.01291
0.01503
0.01473
0.03578
0.03761
0.02647
0.02271
0.03238
0.01517
0.02658
-0.00382
-0.0155
-0.0037
0.00753
0.01109
-0.02845
-0.02243
-0.0134
-0.00817
-0.01371
0.01164
-0.01059
0.00436
0.00601
0.02139
0.04415
0.04338
0.03025
0.02424
0.02264
0.02726
0.00322
0.00234
-6.34066E-4
0.0051
-0.00131
0.02542
0.02148
0.03592
-0.00506
-0.02506
-0.04093
-0.02945
-0.03268
-0.04451
-0.03295
-0.00493
-0.01321
-0.03985
-0.0171
-2.70084E-4
-0.01051
-0.03314
-0.03788
-0.02337
-0.00272
0.02824
0.00958
-0.02212
-0.00428
-0.00729
-0.00751
-0.01482
0.01444
0.00585
-0.01215
-0.01761
-0.00409
0.00379
0.01326
-0.01384
-0.04509
-0.04592
-0.00426
-0.01
-0.01404
-0.04027
-0.01591
-0.01728
-0.03723
-0.04138
-0.01583
-0.00553
-0.00761
-0.00696
0.02288
0.02368
0.04168
0.03709
0.04653
0.04444
0.06091
0.06698
0.06792
0.07649
0.09188
0.08513
0.07765
0.06153
0.04437
0.01369
0.03704
0.04055
0.05244
0.04521
0.06794
0.04485
0.02929
0.00895
0.03002
0.02789
-2.63134E-4
-0.01023
0.0177
0.02193
0.03747
0.02728
0.04499
0.0201
0.01118
-0.00165
0.00432
-0.01028
-0.00223
-0.03119
-0.02608
-0.00889
-0.00897
-0.0263
-0.02086
-0.0238
-0.00514
-0.01816
-0.0091
-0.00708
-0.02867
-0.01119
0.00578
0.00578
0.02083
-0.00516
-0.01362
-0.01989
-0.00953
-0.00771
0.0213
0.00615
-0.00308
0.00844
9.50474E-6
0.01413
-0.0149
0.01447
-0.0031
-0.0094
0.01179
-0.00318
-0.0054
-9.30085E-4
-0.0034
-0.04067
-0.0447
-0.03889
-0.02026
-0.02631
-0.0252
-0.0121
-0.03578
-0.01754
-0.02163
-0.02458
0.01949
0.0524
0.04057
0.04967
0.0615
0.08385
0.07604
0.05373
0.07775
0.09631
0.10779
0.08715
0.10134
0.11383
0.08133
0.05027
0.02952
0.02774
0.03358
0.02844
4.8747E-4
0.01175
-0.00271
-0.01422
-0.02178
-0.03029
-0.01704
-0.04026
-0.02333
0.00369
-0.00763
0.01895
0.01478
-0.00359
-0.00165
0.007
0.005
0.01677
0.02105
0.00839
0.00924
0.00164
0.0783
0.10167
0.15986
0.23049
0.23589
0.27508
0.35044
0.4413
0.50322
0.54938
0.59862
0.64637
0.70178
0.76161
0.83109
0.81066
0.82275
0.81659
0.83468
0.88114
0.88339
0.89473
0.88131
0.89933
0.89419
0.88753
0.9127
0.88645
0.87809
0.89239
0.90357
0.90298
0.89187
0.87925
0.87353
0.88642
0.85046
0.84387
0.82735
0.84316
0.83906
0.83637
0.86819
0.90933
0.88304
0.8926
0.91814
0.95158
0.97224
1.00829
1.01826
1.06041
1.08223
1.08345
1.09811
1.1123
1.13833
1.16581
1.14076
1.14939
1.20267
1.17119
1.17006
1.181
1.10694
1.12741
1.1076
1.09133
1.07737
1.06709
1.07311
1.04936
0.99974
1.00616
1.00965
0.96368
0.98672
0.96355
0.94323
0.96646
0.94678
0.94128
0.91738
0.94638
0.96249
0.95847
0.96648
0.99205
0.98655
0.98477
1.00257
0.99736
1.01585
1.00452
1.00266
1.00265
1.02096
1.05304
1.04735
1.04315
1.02507
1.02079
1.01622
1.03767
1.06099
1.0057
1.00309
1.01337
1.03934
1.06806
1.04557
1.0155
0.97188
0.95553
0.93583
0.99045
0.95828
0.96536
0.94239
0.93992
0.95545
0.94654
0.91848
0.9235
0.92909
0.96853
0.98258
0.99478
0.98603
1.00697
0.99876
1.01891
1.00647
1.00157
0.97511
1.01196
1.00537
0.98021
0.97347
0.96684
0.96333
0.96028
0.96403
0.98704
0.96195
0.94563
0.91935
0.92125
0.9548
0.98706
0.93183
0.9621
0.98869
0.98575
0.9745
0.95798
0.94041
0.9719
0.98038
1.00527
1.00407
1.02386
1.06833
1.05477
1.04381
1.06768
1.0482
1.06654
1.04669
1.0374
1.03085
1.03051
0.99924
0.98449
0.98408
0.99751
1.02276
1.00385
1.005
0.99746
0.98018
0.98261
0.95196
0.9741
0.98493
0.98758
0.99873
1.00447
1.01497
1.02178
1.01436
0.99115
0.98915
0.99178
0.99441
1.03487
1.04212
1.07792
1.07212
1.06377
1.07077
1.10392
1.11641
1.10508
1.0806
1.07278
1.07848
1.0638
1.03608
1.01775
1.00588
1.03417
1.04478
1.05196
1.0608
1.1082
1.10335
1.0934
1.08826
1.10986
1.09308
1.11016
1.14397
1.17428
1.16559
1.17173
1.15231
1.13586
1.10235
1.10158
1.0666
1.03876
1.05386
1.0644
1.05091
1.07131
1.05526
1.04968
1.04366
1.05478
1.03313
1.01548
1.00239
1.02998
1.01388
1.00983
1.02221
1.03127
1.06171
1.05025
1.04297
1.02785
0.98216
0.97983
0.99481
1.00806
1.0014
0.98448
1.00152
1.00986
1.00714
0.98964
0.97257
0.95034
0.95127
0.92687
0.93014
0.95272
0.95079
0.97785
1.0019
0.97923
1.03259
1.01083
0.99908
0.99372
0.9949
0.96248
0.95683
0.95711
0.99782
1.01877
1.01576
1.01868
0.9916
0.94393
0.95696
0.9038
0.88684
0.91823
0.91949
0.92359
0.93825
0.94893
1.00518
0.97427
0.94449
0.92771
0.90143
0.90084
0.90376
0.89627
0.90284
0.91052
0.90212
0.91566
0.91402
0.92861
0.90869
0.881
0.8949
0.92752
0.94142
0.9688
0.97532
1.01635
1.04254
1.07154
1.07399
1.08901
1.09329
1.09537
1.08582
1.08946
1.06087
1.05551
1.06699
1.08183
1.09317
1.09236
1.09072
1.10299
1.07154
1.03489
1.00182
0.99895
1.01256
1.02404
1.02902
1.04263
1.08027
1.05276
1.02862
0.99793
0.98762
0.98342
0.99023
1.01807
1.06966
1.10347
1.09569
1.09095
1.07688
1.07615
1.06905
1.03786
1.0209
1.03527
1.03902
1.05524
1.04858
1.0184
1.03298
1.02636
0.98396
0.99663
1.02621
1.02486
0.9933
0.98422
0.99054
1.03468
1.03622
1.03838
1.03411
1.02875
1.05053
1.04354
1.03128
1.05747
1.0455
0.99479
1.01609
1.07678
1.08642
1.0742
1.04087
1.03183
1.03698
1.05168
1.04318
1.02785
1.01425
1.01839
1.01073
1.00808
1.0309
1.01727
0.95551
0.93566
0.95823
0.99551
0.99997
1.01228
0.98029
0.96354
0.96768
0.94494
0.95574
0.94821
0.92734
0.89047
0.89266
0.92911
0.91674
0.87507
0.85703
0.83812
0.816
0.80659
0.84615
0.83241
0.83836
0.84308
0.82988
0.83309
0.88735
0.90374
0.93401
0.97364
1.00091
0.9897
1.02004
1.02986
1.03046
1.00021
1.00443
1.01088
0.97653
1.02487
1.05467
1.02442
1.00446
0.9393
0.93282
0.88353
0.83267
0.74912
0.66868
0.623
0.56871
0.52046
0.45924
0.42003
0.34565
0.26379
0.21351
0.15623
0.10748
0.05623
0.04834
0.04443
0.05981
0.09326
0.09693
0.10826
0.12451
0.14607
0.15939
0.16047
0.16009
0.17002
0.19329
0.20607
0.19396
0.18282
0.15423
0.17301
0.15142
0.1357
0.12899
0.1026
0.0799
0.05481
0.02401
0.02075
1.06757E-4
-0.04305
-0.03988
-0.04513
-0.04525
-0.03012
-0.02486
-0.01946
0.00192
-0.01171
7.48214E-4
0.01187
0.00972
0.01073
0.03897
0.02436
0.02511
0.02181
0.0235
0.01633
0.03875
0.00568
0.00722
-0.00883
-0.00667
-0.03808
-0.04316
-0.04049
-0.03129
-0.04178
-0.01141
0.0112
0.00996
0.00893
0.00484
-0.02693
1.49896E-5
-0.00426
0.00567
0.01129
0.03712
0.06143
0.0793
0.09738
0.07865
0.06759
0.08257
0.06059
0.06531
0.07925
0.09095
0.08487
0.07817
0.06476
0.07099
0.06624
0.06106
0.06604
0.05201
0.06298
0.06695
0.04377
0.07386
0.07526
0.06102
0.07123
0.03024
0.04371
0.05118
0.04582
0.06045
0.05939
0.04481
0.02488
0.02856
0.01478
0.01737
-0.01567
-0.0297
-0.00206
-0.00323
-0.0019
-0.00715
-0.02465
-0.01726
-0.03486
-0.03776
-0.04663
-0.0091
-0.01164
-0.00197
0.00311
0.0259
0.02509
0.00961
-0.00905
-9.68256E-4
0.00224
0.01159
0.03427
0.03888
0.02803
0.03077
0.02552
0.01741
-0.00247
-0.0092
-0.00585
-0.00402
-0.01917
-0.02102
-0.00785
0.0066
0.02072
0.0056
0.03273
0.02918
0.02642
-0.02374
-0.01039
-0.01484
-0.02038
-0.02158
-0.0071
0.00521
0.03736
0.06076
0.04547
0.04759
0.02275
-0.00374
-0.00953
-0.00806
0.03847
0.02776
0.03978
0.05975
0.079
0.05099
0.04267
0.01519
0.00821
0.00173
-0.01389
-0.00599
-0.0061
0.00303
0.02491
-0.0074
-0.0284
-0.02643
-0.03919
-0.06999
-0.02967
-0.01082
-0.016
-0.03108
-0.0097
-0.00501
-0.01377
-0.01013
-0.01343
-0.04216
-0.01901
-0.0162
-0.01256
-0.00925
-0.00178
-0.02903
-0.04902
-0.03989
-0.03412
-0.04902
-0.0474
-0.01001
-0.04384
-0.04237
-0.02106
-0.00458
0.00329
0.00775
0.03211
0.02422
0.03483
0.0334
0.03674
4.95043E-5
-0.00101
-0.00292
-0.02972
-0.00364
-0.01062
-0.01005
-0.07069
-0.05459
-0.05652
-0.08398
-0.07244
-0.07667
-0.04345
-0.028
0.01266
0.0158
0.03286
0.0195
0.03653
0.03818
0.02768
0.05211
0.05862
0.05014
0.04693
0.05898
0.06684
0.0559
0.05268
0.05906
0.04308
0.01999
0.03797
0.02839
0.04196
0.03581
0.04567
0.0287
0.0474
0.0602
0.07152
0.06022
0.05589
0.01554
0.00832
0.00489
9.64024E-4
-0.00419
-0.00657
-0.0147
-0.01512
9.32219E-4
8.34402E-4
0.00178
-0.00419
-7.83063E-4
0.0049
0.01719
0.02916
0.03087
0.05223
0.07373
0.07291
0.07906
0.08479
0.10304
0.09698
0.10096
0.10064
0.0957
0.07299
0.07549
0.05346
0.05242
0.05174
0.02584
0.02682
0.0514
0.034
0.01395
-0.00866
-4.13175E-4
1.49509E-4
-0.01581
-0.03275
-0.04105
-0.03968
-0.04038
-0.0222
-0.0421
-0.01347
0.00303
-0.02814
-0.00996
0.02087
0.03006
-0.0099
-0.01617
-0.01403
0.00278
-0.02352
-0.038
-0.02097
-0.03614
-0.03046
-0.0333
-0.06701
-0.05911
-0.0641
-0.0868
-0.06457
-0.0178
-0.00959
-0.00662
-0.02074
0.02657
0.0394
0.01171
0.02697
0.04232
0.03695
0.03758
0.05076
0.06739
0.07537
0.05749
0.0401
0.04652
0.04296
0.06607
0.04672
0.05794
0.07844
0.07288
0.05342
0.06753
0.07655
0.05586
0.06618
0.07313
0.06673
0.07891
0.07343
0.07037
0.05654
0.04618
0.03911
0.03219
0.03073
0.03382
0.00352
-0.00684
-8.99689E-4
-0.038
-0.03707
-0.05556
-0.05758
-0.05352
-0.04549
-0.04595
-0.03655
-0.01829
-0.00741
0.00586
0.00399
0.03197
0.03671
0.04362
0.05053
0.03515
0.05434
0.0447
0.03557
0.02898
0.03387
0.04584
0.06435
0.09323
0.11929
0.17577
0.21159
0.2761
0.32511
0.38286
0.4431
0.51238
0.58028
0.6162
0.6832
0.72611
0.77921
0.80446
0.83181
0.84993
0.86756
0.8648
0.86595
0.88755
0.86879
0.86101
0.86219
0.82413
0.84934
0.8476
0.85304
0.87641
0.86585
0.84854
0.88571
0.88252
0.89241
0.85258
0.82967
0.82286
0.84584
0.8438
0.84119
0.8401
0.81107
0.82133
0.76137
0.75525
0.79062
0.76105
0.76242
0.74951
0.77335
0.76445
0.80224
0.7744
0.77035
0.77872
0.77589
0.80757
0.81353
0.85138
0.82702
0.76895
0.77652
0.77388
0.80447
0.79659
0.79567
0.77033
0.80621
0.80023
0.80738
0.81626
0.80805
0.7856
0.77262
0.8
0.85462
0.88077
0.87267
0.85159
0.83906
0.85164
0.845
0.78843
0.79633
0.80241
0.81962
0.80283
0.80143
0.80173
0.7776
0.73634
0.69553
0.71549
0.70526
0.73047
0.73135
0.74187
0.77
0.76194
0.779
0.75415
0.78513
0.79338
0.80361
0.84907
0.85164
0.83355
0.79952
0.83833
0.83097
0.82181
0.81676
0.80936
0.82028
0.80829
0.81098
0.77046
0.78277
0.76604
0.76001
0.77593
0.80494
0.81216
0.78501
0.77152
0.77914
0.80645
0.82238
0.79698
0.79527
0.79759
0.83119
0.8257
0.84369
0.83262
0.79873
0.78626
0.79886
0.80536
0.82059
0.81082
0.80856
0.78875
0.81241
0.78955
0.7424
0.73132
0.72421
0.70479
0.70209
0.74633
0.76249
0.75813
0.74524
0.72317
0.73558
0.71296
0.72391
0.71164
0.74399
0.7758
0.79548
0.80369
0.80673
0.79915
0.78922
0.77558
0.77258
0.78893
0.82604
0.81218
0.80904
0.8213
0.83507
0.85011
0.86317
0.84683
0.86032
0.874
0.87375
0.87911
0.88306
0.89127
0.88145
0.86917
0.89874
0.88552
0.88398
0.86227
0.83756
0.84021
0.85458
0.83569
0.83801
0.84411
0.8161
0.81063
0.80051
0.79757
0.80681
0.79863
0.80979
0.82301
0.82545
0.85362
0.8409
0.83072
0.80014
0.7955
0.80867
0.82874
0.82745
0.82639
0.79858
0.78072
0.74161
0.75095
0.71166
0.73543
0.69571
0.68217
0.67673
0.69597
0.68577
0.68777
0.67768
0.67084
0.66093
0.69201
0.69088
0.73115
0.71419
0.74246
0.71199
0.70403
0.74253
0.75671
0.78181
0.78107
0.75905
0.76882
0.76725
0.79346
0.78405
0.77688
0.78029
0.79259
0.80193
0.80742
0.80932
0.7951
0.79633
0.77784
0.78457
0.79415
0.80638
0.82579
0.81423
0.82705
0.84536
0.82945
0.83367
0.8305
0.82362
0.84033
0.82928
0.82101
0.83009
0.8123
0.82785
0.81955
0.80135
0.77716
0.79659
0.79915
0.7895
0.7777
0.77088
0.80034
0.80689
0.79458
0.7913
0.76348
0.80029
0.7635
0.75102
0.76278
0.78476
0.77256
0.75132
0.75498
0.76097
0.75239
0.74599
0.75076
0.76948
0.78355
0.80313
0.79903
0.83647
0.83688
0.8181
0.80145
0.78352
0.80992
0.84648
0.85348
0.85515
0.83713
0.81736
0.80956
0.80122
0.81746
0.80548
0.78491
0.80371
0.81626
0.82985
0.82605
0.81757
0.77035
0.75692
0.76711
0.78268
0.80693
0.80525
0.77411
0.76112
0.75897
0.74405
0.74388
0.76009
0.77871
0.75035
0.74802
0.76118
0.78803
0.79216
0.78517
0.75548
0.74982
0.78825
0.80055
0.80522
0.81909
0.80959
0.79859
0.75214
0.80231
0.79626
0.79587
0.7749
0.73809
0.73719
0.76557
0.79022
0.77964
0.74505
0.77363
0.78055
0.79655
0.77663
0.79104
0.77495
0.80092
0.81594
0.83238
0.85184
0.8505
0.82415
0.80723
0.80187
0.80164
0.74751
0.73803
0.71923
0.71066
0.70851
0.7013
0.65562
0.59819
0.53125
0.47129
0.43289
0.40052
0.34184
0.30843
0.28604
0.23757
0.19816
0.14563
0.12457
0.08848
0.03444
0.02368
0.03187
0.03405
0.04461
0.04021
0.04563
0.03248
0.00886
0.01028
0.0105
0.02294
0.03538
0.03863
0.03239
0.03814
0.0241
-0.00257
0.00514
-0.00305
-0.01749
-0.03418
-0.00113
0.00479
7.13067E-4
0.0297
0.01096
-3.08254E-4
-0.01428
-0.01807
-0.01932
-0.02091
-0.0046
0.0026
0.01746
0.04728
0.0514
0.04183
0.01716
-0.0052
-0.02061
-0.02859
-0.01948
-0.03757
-0.01747
-0.03454
-0.04676
-0.06778
-0.08182
-0.07629
-0.08638
-0.0937
-0.10404
-0.08059
-0.08813
-0.10554
-0.08802
-0.10431
-0.08674
-0.08344
-0.06664
-0.04592
-0.03908
-0.05299
-0.06765
-0.0633
-0.05576
-0.04473
-0.04624
0.00432
0.0349
0.02439
0.03166
0.03503
0.02792
0.02049
0.02407
0.03517
0.05242
0.04483
0.03006
0.02251
0.02508
0.00995
-0.00229
-0.00514
-0.01452
-0.0045
0.00197
-0.00836
-0.00249
-0.0168
-0.01036
-0.01125
0.01283
0.02902
0.04428
0.03948
0.07071
0.06086
0.06311
0.084
0.07338
0.07671
0.08684
0.08577
0.0945
0.08822
0.0655
0.05239
0.03806
0.01776
0.01904
-0.0142
-0.03551
-0.05289
-0.08363
-0.1123
-0.12303
-0.12898
-0.11297
-0.10964
-0.12725
-0.10755
-0.11499
-0.10905
-0.09575
-0.09202
-0.07286
-0.04286
-0.03801
-0.013
0.00249
-0.00429
0.00264
0.0156
0.00535
0.02896
0.01998
0.03005
0.01095
0.00667
0.02078
0.00866
-0.01301
-0.00912
-0.02905
-0.01305
-0.01618
-0.04596
-0.06629
-0.0594
-0.05811
-0.05604
-0.04446
-0.01192
-0.02134
-0.03375
-0.03533
-0.02877
-0.0342
-0.02963
-0.03659
-0.01399
0.01385
0.02477
0.05084
0.04945
0.06406
0.05453
0.03636
0.0509
0.04131
0.05396
0.06355
0.06526
0.08026
0.08706
0.07252
0.07452
0.06058
0.03501
0.02841
0.02034
0.03205
0.03232
0.04361
0.04341
0.03631
0.02296
0.03093
0.0242
0.02394
0.05124
0.02345
0.0152
0.01885
0.03884
0.0499
0.03066
0.02537
0.00658
0.01869
0.0324
0.05624
0.03222
0.02687
0.03635
-0.0085
0.00732
0.00417
0.00651
0.00335
-0.00204
0.01701
0.03248
0.04009
0.03634
0.02632
0.03108
0.03377
0.05305
0.06033
0.08919
0.10291
0.10297
0.13128
0.10576
0.10231
0.07581
0.04444
0.04624
0.05568
0.03861
-0.00295
0.01842
0.01292
-0.0028
-0.00864
0.00219
-0.00856
-0.04742
-0.04491
-0.02079
0.00778
-0.00874
-0.02201
-0.04392
-0.03898
-0.01779
-0.01932
-0.03452
-0.01278
-0.03516
-0.05342
-0.02825
-0.01763
-0.02303
-0.05412
-0.06168
-0.046
-0.03021
-0.03652
-0.01084
-0.01989
-0.01593
-0.03704
-0.04691
-0.02814
-0.03949
-0.06013
-0.05009
-0.04696
-0.03703
-0.03481
-0.0087
-0.02338
-0.01704
-0.04192
-0.02491
-0.03961
-0.00627
-0.01189
-0.0114
0.01009
0.03653
0.03038
0.04098
0.01629
0.01605
0.00245
0.00959
0.02858
0.06062
0.04347
0.05752
0.0425
0.02337
0.02711
-1.86357E-4
0.00385
-0.01912
-0.04732
-0.02541
-0.04165
-0.01679
-0.0125
-0.01447
-0.0292
0.0015
-0.00159
0.0136
0.04445
0.03167
0.06046
0.04635
0.05981
0.08639
0.08099
0.0895
0.07138
0.05565
0.05644
0.05946
0.03806
0.04733
0.01161
-0.00221
0.0143
-0.01459
-0.01363
-0.04077
-0.05058
-0.03362
-0.04503
-0.04766
-0.02958
-0.01057
-0.00691
-0.01958
-0.02022
0.03616
0.00856
0.02176
0.02549
0.01535
0.05778
0.098
0.15825
0.23331
0.30649
0.37429
0.40085
0.45861
0.5311
0.58918
0.6138
0.71687
0.77167
0.85656
0.96061
0.96865
0.99014
0.99204
0.99708
1.00346
1.04879
1.05767
1.07492
1.08328
1.09346
1.0826
1.05429
1.04629
1.06203
1.03051
1.102
1.11265
1.09703
1.09531
1.08554
1.01872
1.04118
1.04875
1.05901
1.07009
1.06389
1.05976
1.07655
1.08923
1.09839
1.07309
1.09194
1.07943
1.07404
1.0547
1.03894
1.02421
0.9886
0.98284
0.98521
1.02848
1.0505
1.03954
1.03718
1.05725
1.06409
1.05525
1.07593
1.10955
1.15261
1.20733
1.20819
1.21241
1.21128
1.19993
1.19976
1.22773
1.22158
1.21403
1.19448
1.16725
1.18172
1.14178
1.1061
1.12397
1.06928
1.06869
1.07185
1.07018
1.07818
1.02371
0.98667
0.99388
0.98559
0.99269
1.0012
0.9992
1.03889
1.0237
0.95608
0.99115
0.98968
0.98595
0.99088
0.96362
1.02594
1.03153
1.01619
1.00155
0.99972
0.99487
0.99294
1.01171
1.06568
1.10187
1.07693
1.06549
1.07787
1.04446
1.07692
1.09591
1.10579
1.12981
1.12622
1.11948
1.12174
1.1086
1.10104
1.05678
1.06584
1.10152
1.12842
1.12613
1.15199
1.11175
1.10061
1.10254
1.09288
1.13362
1.16434
1.18189
1.17877
1.16459
1.22018
1.18185
1.17237
1.16692
1.19083
1.20157
1.21984
1.20548
1.17706
1.15898
1.11657
1.11099
1.07217
1.07822
1.10306
1.05816
1.0933
1.09585
1.07098
1.04606
1.02401
1.01897
1.02601
1.05465
1.09983
1.10451
1.07522
1.1165
1.10235
1.11104
1.10673
1.07908
1.08264
1.11605
1.11591
1.13396
1.10913
1.08806
1.09994
1.07037
1.09742
1.0828
1.08972
1.10868
1.07188
1.0779
1.08572
1.06569
1.0742
1.06335
1.0707
1.10609
1.1171
1.1294
1.16575
1.13321
1.14227
1.10836
1.10773
1.12799
1.11081
1.10812
1.10861
1.07181
1.09879
1.11443
1.1086
1.11079
1.09269
1.02821
1.05294
1.07659
1.07439
1.06875
1.06805
1.10699
1.15893
1.2012
1.22001
1.20753
1.17203
1.14751
1.14879
1.14975
1.19216
1.17596
1.17243
1.20367
1.174
1.18664
1.16837
1.10729
1.08788
1.09102
1.09244
1.09452
1.0931
1.10917
1.1029
1.09418
1.10197
1.10553
1.12302
1.17012
1.13979
1.14151
1.13112
1.12944
1.12502
1.11893
1.15957
1.16193
1.15118
1.1675
1.16839
1.18019
1.15361
1.11602
1.09226
1.13078
1.12603
1.16022
1.14535
1.13896
1.13623
1.11796
1.1556
1.14077
1.10513
1.12043
1.11829
1.13196
1.15651
1.135
1.10947
1.09807
1.07844
1.07312
1.07896
1.1072
1.147
1.15717
1.14575
1.14436
1.14995
1.14162
1.15114
1.14058
1.17125
1.19157
1.20045
1.19671
1.20135
1.20249
1.20631
1.18216
1.14839
1.1702
1.16633
1.1683
1.14371
1.12335
1.1074
1.07891
1.07203
1.04823
1.02386
1.06378
1.0272
1.00727
0.98731
1.00182
1.01481
1.03991
1.03194
1.03778
1.05945
1.06536
1.08208
1.0858
1.11535
1.16364
1.1267
1.15971
1.16269
1.16228
1.14539
1.11925
1.08422
1.06776
1.08252
1.05837
1.08632
1.09353
1.10648
1.08497
1.0834
1.07653
1.08515
1.09095
1.09578
1.12083
1.1485
1.1775
1.19544
1.19716
1.20227
1.16652
1.12502
1.05016
1.02774
0.94045
0.9116
0.83767
0.77553
0.69038
0.62856
0.54337
0.47808
0.38581
0.31619
0.27432
0.23177
0.19858
0.17354
0.11415
0.13201
0.10532
0.09904
0.07748
0.09118
0.07641
0.05185
0.0425
0.06297
0.05383
0.03881
0.04081
0.07569
0.06652
0.10002
0.10112
0.09892
0.0946
0.10805
0.10427
0.0861
0.11249
0.10025
0.08808
0.09423
0.08846
0.06177
0.04122
0.04343
0.05728
0.06094
0.0685
0.06833
0.06321
0.04754
0.05311
0.03636
0.02256
0.01448
0.00697
0.00138
-2.70625E-4
-0.00239
-0.00365
-0.00913
-0.01543
-0.0366
-0.04959
-0.05886
-0.06267
-0.07437
-0.07736
-0.05935
-0.06426
-0.06768
-0.06633
-0.04276
-0.05955
-0.05592
-0.0743
-0.07143
-0.08215
-0.06631
-0.07707
-0.07167
-0.06006
-0.05678
-0.04821
-0.02623
-0.02849
-0.03509
-0.03177
-0.00964
-0.02455
-0.02009
-0.03174
-0.03285
-0.03927
-0.02654
-0.00679
-0.02362
-0.01301
-0.01744
-0.01956
-0.02175
-0.01162
-0.02563
-0.05803
-0.04006
-0.0343
-0.03588
-0.01498
-0.0266
-0.02301
-0.0364
-0.03057
-0.02032
-0.03744
-0.06583
-0.06715
-0.07491
-0.10113
-0.07592
-0.07598
-0.08421
-0.09258
-0.09343
-0.07344
-0.07761
-0.07507
-0.07828
-0.10081
-0.07185
-0.04886
-0.04603
-0.03269
-0.00149
-0.00596
-0.00584
0.01907
0.02013
0.00855
-0.00423
-0.02012
-0.02595
0.00968
0.0291
0.02047
0.01185
0.01822
-0.00154
0.00515
0.00455
0.00709
-0.01725
0.01007
0.01742
0.01197
0.02791
0.02128
0.00275
-0.01979
-0.01418
-0.00481
0.00521
0.02058
0.01101
0.0177
0.01309
0.02401
0.00975
-0.01861
0.00532
-0.00887
-0.01312
-0.01242
-0.00709
-0.02938
-0.02886
-0.02049
-0.00926
-0.01419
-0.01342
-0.02502
-0.05217
-0.0506
-0.016
-0.04271
-0.02628
-0.00256
-0.00164
0.00753
-0.00131
-0.01014
-0.02143
-0.023
0.0072
-4.74449E-4
0.02404
0.02974
0.02109
0.01215
0.00851
0.00481
-0.0275
-0.02253
-0.0362
-0.00369
0.00102
6.06575E-4
-0.00483
-0.03801
-0.02434
-0.07516
-0.07196
-0.05702
-0.02809
0.011
0.01521
0.01032
-0.00216
0.00473
-0.02037
-0.02421
-0.03116
-0.04934
-0.05084
-0.05638
-0.00462
9.48703E-4
-0.01569
-0.04046
-0.05059
-0.05519
-0.03186
-0.03397
-0.0405
7.61284E-4
-0.01225
-0.00761
0.04311
0.04972
0.05607
0.05081
0.07504
0.05125
0.0653
0.06544
0.06755
0.06469
0.08187
0.07196
0.05641
0.0655
0.04398
0.02095
0.02603
0.00437
0.00276
-0.02767
0.0117
0.00811
0.01282
0.0255
0.03061
0.0339
0.03375
0.02611
0.02328
0.04302
0.04764
0.06497
0.06976
0.0638
0.05985
0.04419
0.0269
0.00886
-0.00525
0.01036
-0.00544
0.00846
-0.00734
0.00378
0.02288
0.0104
0.00576
0.00154
-0.00742
4.11499E-4
0.0206
0.03209
0.03161
0.0332
0.02644
0.03016
0.04417
0.05366
0.04844
0.02779
0.02915
0.0467
0.06847
0.08895
0.08474
0.06424
0.05689
0.058
0.03059
0.00648
-3.5817E-4
-0.01071
-0.00363
-0.00216
-0.02421
-0.03445
-0.0754
-0.08335
-0.07856
-0.06965
-0.07119
-0.0737
-0.07204
-0.0584
-0.04263
-0.04029
-0.03596
-0.03059
-0.0017
8.84509E-4
0.0201
0.00913
0.00696
-0.00584
-0.01011
0.00812
0.00647
0.01632
0.0379
0.03352
0.0403
0.03846
0.02241
0.00704
0.04009
-0.00842
0.02027
0.04012
0.01402
0.01586
0.00778
5.49713E-4
-0.01378
-0.01986
-0.0095
0.00595
0.01888
0.02826
0.01821
0.00212
0.03495
9.70626E-4
-0.0196
-3.58106E-4
0.01719
0.02173
0.06078
0.06504
0.08184
0.07453
0.05345
0.03929
0.05663
0.07455
0.13627
0.21513
0.27333
0.34934
0.42007
0.47639
0.577
0.64015
0.72724
0.77419
0.86464
0.96923
1.0556
1.12872
1.20067
1.23523
1.23708
1.27421
1.27011
1.27098
1.29379
1.25575
1.2498
1.25082
1.27161
1.26942
1.24688
1.25036
1.2426
1.23841
1.2355
1.25943
1.28596
1.29305
1.29722
1.30919
1.32687
1.32174
1.33408
1.31078
1.30494
1.30675
1.29608
1.30704
1.29252
1.28993
1.27263
1.24951
1.22557
1.23324
1.18761
1.19951
1.22221
1.20347
1.19318
1.22285
1.22503
1.22088
1.20276
1.19182
1.20155
1.20716
1.21162
1.23658
1.21091
1.22109
1.2166
1.20679
1.22997
1.2481
1.22308
1.23737
1.25958
1.29837
1.29932
1.29739
1.29127
1.27178
1.28484
1.31428
1.31263
1.30069
1.30118
1.28115
1.30025
1.28267
1.24057
1.25007
1.21102
1.2603
1.24967
1.28806
1.30554
1.30943
1.31249
1.30804
1.3146
1.32525
1.32079
1.3293
1.35443
1.3714
1.3639
1.34391
1.32571
1.32953
1.30097
1.3548
1.35941
1.34762
1.37441
1.34444
1.30265
1.33195
1.32083
1.35244
1.35577
1.3587
1.38825
1.37543
1.38358
1.34577
1.30504
1.27692
1.27062
1.2869
1.31668
1.3421
1.31879
1.29695
1.24776
1.22838
1.214
1.2107
1.22785
1.23456
1.24676
1.25875
1.28041
1.28376
1.238
1.21017
1.19683
1.22882
1.23911
1.2434
1.27337
1.26718
1.26175
1.26249
1.28086
1.28952
1.28749
1.30194
1.3115
1.33352
1.37033
1.38221
1.35863
1.37759
1.37468
1.34789
1.35586
1.3875
1.40187
1.37118
1.38489
1.37907
1.35097
1.3653
1.37638
1.35158
1.34798
1.35705
1.35667
1.36992
1.37164
1.37379
1.36376
1.32905
1.33583
1.33976
1.35607
1.3476
1.34664
1.35761
1.37393
1.39275
1.35451
1.36826
1.36388
1.36711
1.37234
1.36488
1.39146
1.41515
1.40751
1.38433
1.39639
1.3537
1.29991
1.29047
1.26849
1.28564
1.26221
1.24947
1.27417
1.25963
1.26164
1.22379
1.16373
1.16567
1.14029
1.13413
1.1988
1.23333
1.25524
1.25049
1.26724
1.28928
1.28727
1.28773
1.27587
1.26509
1.28928
1.29335
1.27383
1.30095
1.30664
1.25995
1.25462
1.22997
1.27498
1.25997
1.24554
1.27016
1.25971
1.26714
1.24563
1.22902
1.26547
1.27562
1.27633
1.26056
1.27467
1.28398
1.27197
1.20255
1.19386
1.18983
1.18396
1.20835
1.23514
1.27654
1.29673
1.28198
1.26534
1.24961
1.25422
1.252
1.2509
1.2953
1.34714
1.36566
1.33471
1.31012
1.26956
1.25777
1.27112
1.26905
1.2842
1.31101
1.35905
1.37233
1.35844
1.37039
1.35
1.36082
1.37359
1.4144
1.446
1.4556
1.46277
1.42797
1.43572
1.40955
1.4126
1.37046
1.37482
1.40176
1.37639
1.39054
1.35374
1.36575
1.36805
1.34595
1.32914
1.3077
1.30107
1.27808
1.28587
1.2843
1.31084
1.33463
1.34094
1.33374
1.30963
1.31507
1.32423
1.32017
1.33714
1.38822
1.40197
1.40893
1.41882
1.42433
1.38161
1.34933
1.2953
1.29189
1.31778
1.32746
1.33344
1.29498
1.29313
1.27895
1.23661
1.22852
1.25795
1.25818
1.25269
1.28555
1.31334
1.32842
1.31441
1.32407
1.30666
1.3157
1.31687
1.30875
1.32419
1.32507
1.33011
1.23079
1.16273
1.07996
1.00376
0.91453
0.84987
0.7529
0.65312
0.58748
0.50276
0.41316
0.31691
0.2396
0.17212
0.0881
0.08135
0.06865
0.06649
0.04226
0.04798
0.04034
0.06323
0.05474
0.05415
0.05265
0.03283
0.05492
0.04401
0.0398
0.05351
0.07025
0.05021
0.07389
0.08669
0.08407
0.10292
0.08544
0.09814
0.09498
0.07627
0.09778
0.09357
0.0891
0.08572
0.06026
0.03328
0.06101
0.04281
0.05258
0.02279
9.43839E-4
0.02437
0.01391
0.03039
0.03348
0.03639
0.02481
0.02504
0.04789
0.07092
0.08849
0.0682
0.06789
0.07694
0.10329
0.10938
0.08648
0.08794
0.0684
0.09239
0.09493
0.10101
0.09606
0.05802
0.05387
0.06082
0.05558
0.06159
0.04291
0.01257
0.00137
0.00506
0.01642
0.01057
-0.00984
-0.01865
-0.02713
-0.00787
0.01584
-0.01718
-0.03918
-0.02526
-0.04863
-0.06344
-0.05086
-0.04843
-0.04633
-0.07545
-0.0852
-0.06073
-0.05617
-0.03838
-0.04781
-0.03324
-0.03457
-0.03243
-0.02802
-0.00127
0.00744
-0.00129
-0.01802
-0.02593
-0.00955
0.02009
0.00792
0.01045
-0.02625
-0.04121
-0.05078
-0.03021
-0.0061
0.00142
-0.00923
-0.01103
-0.00217
0.02396
0.04113
0.04066
0.01523
0.007
-0.00362
0.01211
0.02234
0.04009
0.03532
0.01423
0.02052
0.01883
0.02906
0.03109
0.00494
-0.02385
-0.01301
-0.01184
1.94447E-4
0.00175
0.02395
0.01463
-0.00983
-0.0113
-0.00873
-0.04839
-0.05688
-0.05239
-0.0402
-0.02213
-0.02342
-0.05843
-0.0538
-0.07926
-0.08771
-0.09569
-0.10995
-0.11898
-0.09913
-0.10302
-0.10808
-0.09636
-0.10813
-0.10187
-0.11328
-0.10045
-0.07359
-0.07257
-0.06953
-0.07421
-0.09011
-0.07937
-0.07405
-0.07574
-0.06041
-0.01986
-0.02758
-0.00791
-0.0237
-0.02383
-0.017
-0.01941
-0.00976
0.0154
0.02505
0.03666
0.05213
0.06345
0.06031
0.04608
0.03026
0.05654
0.05955
0.05446
0.07206
0.06766
0.07193
0.07324
0.07397
0.10415
0.09939
0.10406
0.09369
0.0846
0.06448
0.05953
0.02716
0.02106
0.02758
0.01465
0.01903
0.02897
0.02876
0.00781
-0.01643
0.00273
-0.00362
-0.00597
0.01352
0.03195
0.02817
0.02839
0.01832
0.00709
0.01443
0.02228
0.00335
0.02063
0.0507
0.05519
0.05422
0.06713
0.05532
0.0361
0.03676
0.05935
0.05766
0.05362
0.05355
0.04937
0.04605
0.06915
0.06247
0.05579
0.04565
0.04555
0.02232
0.0461
0.03444
0.02744
0.01751
0.01856
0.01293
0.01619
-7.49894E-4
-0.00215
-0.04164
-0.0489
-0.08264
-0.07356
-0.09079
-0.07799
-0.06415
-0.05185
-0.03371
-0.03193
-0.00873
0.0109
0.01871
0.05102
0.05041
0.06906
0.06748
0.08693
0.07678
0.08882
0.08164
0.05942
0.075
0.04697
0.02215
-0.00719
-0.02087
-0.01603
-0.03871
-0.02765
-0.00831
-7.15121E-4
5.1976E-4
-0.00883
-0.03351
-0.02331
-0.02012
-0.03656
-0.00797
0.02008
0.02756
0.04025
0.03137
0.02093
0.00363
1.69679E-4
-0.01518
-0.03013
-0.00147
-0.00747
-0.00594
0.0035
0.01622
-0.00292
-0.00704
0.02477
0.00515
0.01333
0.02472
0.0373
0.03304
0.04053
0.0414
0.0237
0.03093
0.02115
0.02542
0.00172
0.01141
0.01037
0.00593
0.01475
0.01595
0.00631
0.01004
0.01691
0.01486
0.02303
0.02235
0.02734
0.03252
0.01319
0.03625
0.04359
0.04616
0.02402
0.03465
0.05128
0.07719
0.07532
0.07573
0.08589
0.09825
0.11304
0.11391
0.1197
0.12957
0.12633
0.10704
0.08414
0.07457
0.08376
0.08098
0.07004
0.04782
0.02572
0.0224
0.01142
0.01291
-4.50391E-4
0.01275
0.02142
0.01995
0.03051
0.03117
0.02926
-0.00156
-0.03328
-0.03735
-0.0398
-0.01128
-0.0142
-0.01015
-0.00162
0.02303
0.01339
-0.00383
-0.01611
-0.00602
-0.00775
0.03374
0.05499
0.06692
0.07275
0.07214
0.04396
0.04397
0.05897
0.02881
0.10632
0.16255
0.24643
0.33829
0.42512
0.54986
0.62481
0.74099
0.85532
0.94451
1.06578
1.1585
1.2375
1.31595
1.42613
1.44699
1.51355
1.52241
1.52744
1.532
1.53653
1.53158
1.49322
1.50421
1.49934
1.49346
1.50484
1.51804
1.50276
1.51498
1.52308
1.48931
1.51067
1.53629
1.53529
1.51546
1.50004
1.50261
1.50348
1.49789
1.48756
1.52638
1.53498
1.52534
1.53814
1.54162
1.5073
1.50904
1.47923
1.47664
1.49732
1.53544
1.53827
1.51909
1.57185
1.5909
1.54346
1.52323
1.57347
1.57073
1.57091
1.57486
1.57139
1.58752
1.56613
1.55992
1.55697
1.56301
1.55698
1.50506
1.49788
1.52972
1.53724
1.51932
1.51062
1.49607
1.53112
1.54136
1.54526
1.55925
1.53216
1.49965
1.49431
1.50606
1.50277
1.49497
1.48194
1.50821
1.51881
1.5148
1.51651
1.53541
1.53625
1.53864
1.55202
1.59889
1.61963
1.63724
1.60107
1.63975
1.6219
1.62202
1.60443
1.60375
1.59981
1.5793
1.56167
1.53418
1.50629
1.4891
1.46421
1.43979
1.43401
1.43947
1.42922
1.47454
1.46218
1.46075
1.4369
1.43301
1.44302
1.43833
1.46277
1.46743
1.48265
1.47456
1.53596
1.52867
1.55827
1.55495
1.56728
1.57357
1.5648
1.5867
1.56546
1.56467
1.5688
1.54438
1.54384
1.52741
1.54588
1.519
1.53267
1.54279
1.56354
1.56264
1.55289
1.56941
1.56758
1.59866
1.61604
1.61016
1.62704
1.62506
1.64776
1.65796
1.65724
1.66574
1.64078
1.61022
1.57312
1.55376
1.53826
1.53534
1.52057
1.52069
1.50599
1.50849
1.51868
1.55385
1.54363
1.53955
1.51257
1.52537
1.51721
1.49196
1.53201
1.53053
1.51847
1.54359
1.54522
1.55119
1.54368
1.55453
1.50709
1.50692
1.50339
1.5117
1.51579
1.55078
1.58121
1.59563
1.61277
1.63283
1.63923
1.63353
1.64149
1.64749
1.63702
1.64812
1.65861
1.63874
1.64446
1.65436
1.64949
1.6598
1.63375
1.6265
1.60652
1.5885
1.57553
1.56102
1.56558
1.54997
1.5558
1.53586
1.54848
1.55658
1.55088
1.55121
1.56318
1.56734
1.5327
1.53943
1.54746
1.57774
1.578
1.59489
1.62911
1.61008
1.61539
1.60062
1.55821
1.53679
1.50048
1.49106
1.45233
1.45761
1.472
1.46525
1.44618
1.46342
1.43756
1.41747
1.45351
1.45055
1.47856
1.50126
1.53498
1.57737
1.57724
1.59748
1.6153
1.58275
1.58901
1.6013
1.59816
1.60362
1.61313
1.57065
1.56935
1.56835
1.57211
1.54834
1.51731
1.50557
1.49178
1.47986
1.53305
1.51658
1.50651
1.51118
1.47602
1.49077
1.50989
1.50744
1.51804
1.5067
1.47874
1.49461
1.51727
1.53596
1.5408
1.52484
1.5531
1.56796
1.56016
1.58532
1.58037
1.57333
1.58801
1.5534
1.54744
1.57065
1.56639
1.54858
1.58216
1.61284
1.60078
1.55736
1.5308
1.50768
1.50126
1.47402
1.47876
1.44874
1.46403
1.49002
1.48298
1.4879
1.46366
1.42092
1.43943
1.43271
1.48067
1.50908
1.52032
1.50602
1.54017
1.54856
1.55128
1.57387
1.56271
1.57782
1.58303
1.61176
1.62496
1.60755
1.59447
1.57348
1.56337
1.56613
1.57267
1.54572
1.54154
1.53117
1.48645
1.50705
1.49412
1.47025
1.45902
1.45223
1.44169
1.47418
1.45204
1.44377
1.45137
1.46478
1.46103
1.46017
1.47243
1.5146
1.46893
1.4632
1.46212
1.46646
1.48038
1.47273
1.43458
1.44474
1.42953
1.43323
1.44845
1.46414
1.46349
1.47698
1.45017
1.48762
1.50912
1.51068
1.49779
1.49209
1.48151
1.50746
1.51227
1.51806
1.51695
1.51208
1.51827
1.50866
1.49786
1.5133
1.50923
1.50266
1.53345
1.57801
1.57404
1.61026
1.61749
1.61385
1.61497
1.62152
1.62438
1.6039
1.63213
1.61559
1.59851
1.61101
1.61261
1.60384
1.56804
1.58412
1.59096
1.57821
1.59166
1.60608
1.53747
1.45065
1.3746
1.26891
1.22072
1.13831
1.02334
0.90208
0.79293
0.69657
0.5872
0.45568
0.35603
0.26104
0.16197
0.12046
0.10294
0.11093
0.08633
0.05064
0.03077
0.05242
0.08434
0.07773
0.08229
0.10427
0.12306
0.13904
0.13229
0.14968
0.1671
0.14763
0.12827
0.14309
0.1492
0.16587
0.12154
0.09961
0.11447
0.09612
0.08778
0.05248
0.03753
0.031
0.00835
0.00716
0.0097
0.026
-0.00525
-0.00929
-0.0134
0.01034
0.01317
0.0195
0.02894
0.01232
0.02963
0.03391
0.04934
0.04942
0.02005
0.00318
-0.0267
-0.00233
-0.01035
-0.01132
-0.00112
0.01048
0.00442
0.0058
-0.00796
8.60394E-4
0.01059
-0.01094
-0.01556
0.01386
0.03457
0.04368
0.03126
0.04568
0.04869
0.04562
0.04032
0.0147
0.01843
0.03463
0.04121
0.04682
0.05835
0.05763
0.02732
0.02733
0.02629
0.03461
0.03104
0.01915
-0.00183
-0.0148
-0.00829
-0.00582
0.01128
0.00453
-0.02007
-0.04044
-0.03155
-0.00889
-0.0186
0.00389
0.01022
-0.00658
-0.0117
0.02097
0.03186
0.04006
0.03516
0.0287
0.03326
0.03106
0.03605
0.04213
0.02067
0.04178
0.01801
0.01911
0.03844
0.05334
0.05262
0.02029
0.00599
-0.00698
-0.01727
-0.03627
-0.03861
-0.02422
-0.03657
-0.0203
-0.03529
-0.0329
-0.05146
-0.03722
-0.01929
-0.02228
-0.00395
-6.92344E-4
0.00184
-7.86567E-4
-0.03063
-0.014
-0.01457
-0.0155
-0.02832
-0.00844
0.00165
0.00943
-0.01543
-0.04686
-0.05848
-0.04522
-0.03957
-0.04072
-0.05079
-0.00605
-0.03629
-0.04698
-0.05268
-0.05563
-0.09386
-0.08655
-0.0895
-0.08162
-0.06803
-0.07568
-0.07448
-0.06822
-0.06793
-0.04916
-0.04348
-0.03683
-0.05015
-0.03324
-0.02062
0.0027
8.95991E-4
0.0219
0.01265
0.02943
0.01675
0.01943
0.02341
0.01901
0.0313
0.00298
0.01289
0.02909
0.0305
0.0287
0.03901
0.0272
0.0077
0.03574
0.01241
0.03637
0.02695
0.00704
0.02092
0.00398
0.02925
0.02665
0.02388
0.00921
0.02013
0.00825
0.01519
0.02723
1.39918E-4
-0.00997
-0.00924
-0.00483
-0.00554
0.00205
-0.01854
-0.03808
-0.04588
-0.05115
-0.05902
-0.05117
-0.05001
-0.05249
-0.05079
-0.03752
-0.018
-0.03473
-0.03877
-0.00935
-0.02893
-0.01729
-0.01327
-3.25902E-4
-7.88999E-4
0.01154
-0.01328
-0.00489
-0.01569
-0.03696
-0.03569
-0.05693
-0.05837
-0.07459
-0.07874
-0.07931
-0.05831
-0.02585
-0.03654
-0.03466
-0.02536
-0.02182
-0.02094
-0.02162
-0.0136
-0.00781
-0.00361
0.0166
0.01487
0.0311
0.04466
0.05203
0.03202
0.05927
0.07482
0.07808
0.10211
0.12044
0.13974
0.14766
0.15045
0.14319
0.12315
0.14725
0.12468
0.12783
0.09192
0.08239
0.06259
0.04511
0.03627
0.02063
-0.00636
-0.04017
-0.04627
-0.05728
-0.03541
-0.0142
-0.01899
-0.01787
-0.01547
-0.00315
-0.00549
0.00626
0.0169
0.01025
0.0099
0.02877
0.05194
0.04627
0.04314
0.02818
0.02031
0.02094
0.02409
-0.00495
0.02147
0.01302
0.01718
0.01257
0.00242
1.87851E-4
-0.0522
-0.06809
-0.07119
-0.06775
-0.04711
-0.05386
-0.07409
-0.08066
-0.0577
-0.06561
-0.05404
-0.05971
-0.0692
-0.05553
-0.0483
-0.0135
0.00324
0.01741
0.02667
0.01591
0.00132
0.02388
0.03212
0.02436
0.00504
0.01122
0.00682
0.01518
0.02133
0.00753
0.01072
0.02966
0.04239
0.04882
0.03095
0.04772
0.06124
0.06143
0.06675
0.05566
0.08602
0.09271
0.09409
0.08286
0.0888
0.08046
0.05481
0.04098
0.01739
0.04923
0.04183
0.03584
0.00943
0.01519
0.01675
-0.01204
-0.04011
-0.0504
-0.03851
-0.03438
-0.01912
-0.02884
-0.04325
-0.04584
-0.0526
-0.04121
-0.06902
-0.07241
-0.06908
-0.04534
-0.09064
-0.05493
-0.03502
-0.04795
-0.04523
-0.06965
-0.05646
-0.05526
-0.05269
-0.04766
-0.04017
-0.01184
0.01943
0.02175
-0.00137
0.02786
0.0162
0.00793
0.00295
-3.6563E-4
0.00745
0.00734
0.01707
0.02405
0.02247
0.01633
0.01424
0.02632
0.00645
0.02788
0.03877
0.02956
0.03246
0.0527
0.066
0.05105
0.02363
0.01561
0.00532
0.0093
0.05423
0.11085
0.16741
0.27827
0.37378
0.47074
0.56408
0.66432
0.74895
0.82046
0.9189
1.03797
1.15591
1.26475
1.3612
1.43037
1.48768
1.53705
1.54876
1.5487
1.56915
1.59037
1.60447
1.60715
1.60857
1.65631
1.68869
1.6556
1.67248
1.64467
1.63431
1.62702
1.60957
1.61167
1.64034
1.61801
1.59956
1.58323
1.57605
1.57721
1.56143
1.51963
1.56162
1.56257
1.59882
1.61007
1.60827
1.60741
1.59115
1.57179
1.57614
1.61181
1.6301
1.65735
1.66177
1.65708
1.70807
1.68943
1.69714
1.70632
1.69404
1.71931
1.70497
1.69677
1.66975
1.68895
1.69026
1.67317
1.6713
1.68396
1.68653
1.67208
1.68727
1.67004
1.65115
1.65745
1.62717
1.66566
1.68717
1.69628
1.68007
1.67205
1.68749
1.6708
1.67377
1.69676
1.69977
1.69475
1.7013
1.69863
1.67559
1.64047
1.60315
1.58517
1.60093
1.62366
1.61225
1.60359
1.60515
1.60653
1.57922
1.53724
1.54118
1.52519
1.52563
1.55729
1.60365
1.61418
1.65848
1.6474
1.62059
1.61193
1.63459
1.63702
1.62167
1.61915
1.66237
1.67116
1.68277
1.6667
1.65767
1.65482
1.6751
1.65632
1.6608
1.6671
1.6688
1.64576
1.64916
1.64899
1.64379
1.62367
1.62556
1.63416
1.6733
1.70547
1.68275
1.67242
1.6437
1.68248
1.68823
1.68455
1.68398
1.66921
1.67734
1.6698
1.67985
1.6602
1.64077
1.62867
1.59597
1.60378
1.60303
1.61619
1.59596
1.5822
1.58015
1.59942
1.59736
1.55513
1.56475
1.55431
1.58966
1.60336
1.6068
1.60428
1.61559
1.63764
1.64502
1.63675
1.61988
1.65834
1.61939
1.64047
1.6641
1.68828
1.7198
1.69888
1.68794
1.68191
1.6881
1.69093
1.65595
1.60353
1.57488
1.61471
1.59774
1.62669
1.61896
1.64896
1.62707
1.60055
1.56287
1.58485
1.58988
1.57601
1.55499
1.57573
1.63027
1.66684
1.64651
1.64594
1.62449
1.64028
1.63455
1.64012
1.62499
1.67234
1.65071
1.65389
1.65267
1.66309
1.65967
1.6548
1.63146
1.62764
1.62653
1.6562
1.63254
1.60136
1.6026
1.60644
1.59828
1.5786
1.57832
1.57002
1.58766
1.58998
1.59237
1.60752
1.5899
1.56075
1.52177
1.54544
1.57021
1.58149
1.57882
1.58064
1.60699
1.6036
1.62377
1.62053
1.59579
1.58105
1.55971
1.58443
1.62043
1.63287
1.62066
1.62894
1.61168
1.61371
1.58861
1.58677
1.58223
1.55734
1.54521
1.54851
1.54891
1.58903
1.62853
1.62991
1.67187
1.68099
1.67695
1.66157
1.66432
1.67943
1.68584
1.65867
1.69359
1.72023
1.74304
1.77148
1.74789
1.71166
1.67933
1.63728
1.61178
1.61392
1.63662
1.66055
1.66103
1.66638
1.69201
1.67832
1.63699
1.63007
1.61363
1.60884
1.5713
1.58566
1.59582
1.6316
1.66171
1.68903
1.69818
1.68544
1.69079
1.64708
1.6473
1.65689
1.64512
1.64632
1.63516
1.67979
1.70763
1.69188
1.67137
1.63481
1.61107
1.57502
1.58439
1.54505
1.58697
1.61542
1.64672
1.64872
1.63622
1.6569
1.65836
1.62339
1.63232
1.62355
1.65507
1.64384
1.6678
1.67222
1.70153
1.70085
1.66003
1.61653
1.62915
1.62002
1.63557
1.63702
1.62778
1.63693
1.654
1.65798
1.67757
1.69312
1.69952
1.69003
1.69882
1.68835
1.70299
1.71102
1.74427
1.71906
1.72586
1.7882
1.68007
1.5638
1.45664
1.34221
1.21048
1.08576
0.96631
0.87446
0.7828
0.67904
0.53607
0.40347
0.2971
0.1822
0.03782
0.04105
0.03925
0.00945
-0.01273
-0.01196
0.0106
0.03536
0.01116
0.02822
0.0338
0.06001
0.0675
0.08927
0.06456
0.0615
0.06162
0.07471
0.07631
0.08734
0.07922
0.07272
0.07049
0.04752
0.04392
0.04577
0.01514
0.00846
-0.01798
0.00313
0.00542
0.01241
0.0061
0.02175
0.03712
0.04768
0.0504
0.02822
0.05595
0.02279
0.0155
0.04706
0.03568
0.0496
0.0653
0.06194
0.07688
0.06529
0.05966
0.04475
0.03666
0.03345
0.0572
0.05168
0.0716
0.08289
0.0889
0.12027
0.12042
0.10197
0.11466
0.09859
0.10362
0.10666
0.10902
0.12327
0.1218
0.12029
0.12941
0.13314
0.10344
0.09438
0.10245
0.10278
0.1209
0.10743
0.09551
0.10593
0.10424
0.08737
0.06877
0.06217
0.07381
0.06023
0.0683
0.09118
0.09119
0.07396
0.0644
0.04027
0.0534
0.04586
0.03712
0.01209
0.02742
0.02772
0.04623
0.0121
0.03039
0.01855
0.00432
-0.01121
-0.01066
-0.00985
0.00656
-0.00965
-0.00137
-1.63085E-4
0.02868
0.03071
0.03488
0.03955
0.05636
0.03266
0.04496
0.05372
0.08163
0.08778
0.08906
0.05666
0.06141
0.0654
0.07592
0.05024
0.06149
0.05515
0.04128
0.03725
0.06075
0.04912
0.05542
0.03573
0.03881
0.02791
0.02763
0.01521
0.0279
0.00783
0.03512
0.00355
-0.007
-0.0325
-0.01528
-0.00718
-0.00319
-0.00109
8.71272E-4
-0.02799
-0.02899
0.00188
0.0011
-0.01447
0.00158
-0.01181
5.16924E-4
-0.03217
-1.13149E-4
0.00553
-0.01895
-0.02176
-0.04787
-0.0569
-0.014
-0.00546
-0.00885
0.0106
0.04692
0.0229
0.01319
0.02285
0.08657
0.08954
0.05765
0.07251
0.06634
0.08048
0.07597
0.05275
0.05088
0.05154
0.06138
0.01221
0.03625
0.03702
0.03699
0.02331
0.00262
0.01372
0.00455
0.03394
0.03507
0.02973
0.03411
0.03188
0.02621
0.00805
0.00853
0.00879
0.0217
0.0198
0.0245
0.02386
0.04136
0.03234
0.02187
0.02094
0.0448
0.03801
0.03683
0.02672
0.03989
0.02942
0.05187
0.03471
0.03794
0.03303
0.03763
0.02883
0.03014
0.01432
0.00851
-0.00535
0.00948
0.02549
0.05008
0.03065
0.05638
0.0406
0.04538
0.03249
0.00724
0.01354
-0.00838
0.01244
0.03135
0.03396
0.02826
0.01255
0.00869
-0.02562
-0.03128
-0.02661
-0.03607
-0.03338
-0.02324
0.03473
0.0441
0.06723
0.06363
0.06219
0.07163
0.0926
0.07043
0.06513
0.07601
0.09749
0.09341
0.08179
0.08375
0.08004
0.04879
0.01602
0.0014
-0.01979
-0.0217
-0.02303
-0.01492
0.00572
0.01424
-0.0071
0
0.01294
0.06462
0.09524
-0.04062